276 276 276 276 276 276 276 276 276 276 276 276 276 276 276 276 276 276 276 276 276 276 276 276 276 277 277 277 277 277 277 277 277 277 277 277 277 277 276 276 276 276 276 276 276 276 276 276 276 276 276 276 276 276 276 276 276 276 276 276 276 277 277 277 277 277 277 277 277 277 277 277 277 277 277 277 277 277 276 276 276 276 276 276 276 276 276 276 276 276 276 276 276 276 276 276 276 276 276 276 276 276 276 277 277 277 277 277 277 277 277 277 277 277 277 277 277 277 277 277 277 277 277 277 277 277 277 278 276 276 276 276 276 276 276 276 276 276 276 276 276 276 276 276 276 276 276 276 276 276 276 276 276 276 276 276 276 277 276 277 277 277 277 277 277 277 277 277 277 277 277 277 277 277 277 277 277 277 277 277 277 277 277 277 277 277 277 277 277 277 277 277 277 277 277 278 278 278 276 276 276 276 276 276 276 276 276 276 276 276 276 276 276 276 276 276 276 276 276 276 276 276 276 276 276 276 277 277 277 276 276 277 277 277 277 277 277 277 277 277 277 277 277 277 277 277 277 277 277 277 277 277 277 277 277 277 277 277 277 277 277 277 277 277 277 277 277 277 277 277 277 277 277 277 278 278 278 278 276 276 276 276 276 276 276 276 276 276 276 276 276 276 276 276 276 276 276 276 276 276 276 276 276 276 276 276 276 277 277 276 277 277 277 277 277 277 277 277 277 277 277 277 277 277 277 277 277 277 277 277 277 277 277 277 277 277 277 277 277 277 277 277 277 277 277 277 277 277 277 277 277 277 277 277 277 277 277 278 278 278 278 278 278 278 276 276 276 276 276 276 276 276 276 276 276 276 276 276 276 276 276 276 276 276 276 276 276 276 276 276 276 276 276 276 276 276 277 277 277 277 277 277 277 277 277 277 277 277 277 277 277 277 277 277 277 277 277 277 277 277 277 277 277 277 277 277 277 277 277 277 277 277 277 277 277 277 277 277 277 277 277 277 278 278 278 278 278 278 278 278 278 276 276 276 276 276 276 276 276 276 276 276 276 276 276 276 276 276 276 276 276 276 276 276 276 276 276 276 276 276 276 276 276 276 276 276 277 277 277 277 277 277 277 277 277 277 277 277 277 277 277 277 277 277 277 277 277 277 277 277 277 277 277 277 277 277 277 277 277 277 277 277 277 277 277 277 277 277 277 277 277 277 278 278 278 278 278 278 278 278 278 278 278 276 276 276 276 276 276 276 276 276 276 276 276 276 276 276 276 276 276 276 276 276 276 276 276 276 276 276 276 276 276 276 276 276 276 276 276 276 276 277 277 277 277 277 277 277 277 277 277 277 277 277 277 277 277 277 277 277 277 277 277 277 277 277 277 277 277 277 277 277 277 277 277 277 277 277 277 277 277 277 277 277 277 277 278 278 278 278 278 278 278 278 278 278 276 276 276 276 276 276 276 276 276 276 276 276 276 276 276 276 276 276 276 276 276 276 276 276 276 276 276 276 276 276 276 276 276 276 276 276 276 276 276 276 276 277 277 277 277 277 277 277 277 277 277 277 277 277 277 277 277 277 277 277 277 277 277 277 277 277 277 277 277 277 277 277 277 277 277 277 277 277 277 277 277 277 277 277 277 277 278 278 278 278 278 278 278 278 278 278 278 278 276 276 276 276 276 276 276 276 276 276 276 276 276 276 276 276 276 276 276 276 276 276 276 276 276 276 276 276 276 276 276 276 276 276 276 276 276 276 277 276 276 277 277 277 277 277 277 277 277 277 277 277 277 277 277 277 277 277 277 277 277 277 277 277 277 277 277 277 277 277 277 277 277 277 277 277 277 277 277 277 277 277 277 277 277 277 278 278 278 278 278 278 278 278 278 278 278 278 278 278 276 276 276 276 276 276 276 276 276 276 276 276 276 276 276 276 276 276 276 276 276 276 276 276 276 276 276 276 276 276 276 276 276 276 276 276 276 276 276 276 277 276 276 277 277 277 277 277 277 277 277 277 277 277 277 277 277 277 277 277 277 277 277 277 277 277 277 277 277 277 277 277 277 277 277 277 277 277 277 277 277 277 277 277 277 277 277 278 278 278 278 278 278 278 278 278 278 278 278 278 278 278 276 276 276 276 276 276 276 276 276 276 276 276 276 276 276 276 276 276 276 276 276 276 276 276 276 276 276 276 276 276 276 276 276 276 276 276 276 276 276 276 276 276 277 276 276 277 277 277 277 277 277 277 277 277 277 277 277 277 277 277 277 277 277 277 277 277 277 277 277 277 277 277 277 277 277 277 277 277 277 277 277 277 277 277 277 277 277 277 278 278 278 278 278 278 278 278 278 278 278 278 278 278 278 276 276 276 276 276 276 276 276 276 276 276 276 276 276 276 276 276 276 276 276 276 276 276 276 276 276 276 276 276 276 276 276 276 276 276 276 276 276 276 276 276 276 276 276 276 276 276 277 277 277 277 277 277 277 277 277 277 277 277 277 277 277 277 277 277 277 277 277 277 277 277 277 277 277 277 277 277 277 277 277 277 277 277 277 277 277 277 277 277 277 278 278 278 278 278 278 278 278 278 278 278 278 278 278 278 278 278 275 275 276 276 276 276 276 276 276 276 276 276 276 276 276 276 276 276 276 276 276 276 276 276 276 276 276 276 276 276 276 276 276 276 276 276 276 276 276 276 276 276 276 276 276 276 277 276 276 277 277 277 277 277 277 277 277 277 277 277 277 277 277 277 277 277 277 277 277 277 277 277 277 277 277 277 277 277 277 277 277 277 277 277 277 277 277 277 277 277 277 278 278 278 278 278 278 278 278 278 278 278 278 278 278 278 278 278 278 275 275 275 275 275 275 275 275 276 276 276 276 276 276 276 276 276 276 276 276 276 276 276 276 276 276 276 276 276 276 276 276 276 276 276 276 276 276 276 276 276 276 276 276 276 276 276 276 276 276 277 277 277 277 277 277 277 277 277 277 277 277 277 277 277 277 277 277 277 277 277 277 277 277 277 277 277 277 277 277 277 277 277 277 277 277 277 277 277 277 277 277 277 277 277 278 278 278 278 278 278 278 278 278 278 278 278 278 278 278 278 278 278 278 275 275 275 275 275 275 275 275 275 275 275 275 275 275 275 275 275 275 275 276 276 276 276 276 276 276 276 276 276 276 276 276 276 276 276 276 276 276 276 276 276 276 276 276 276 276 276 276 276 276 276 276 276 276 276 276 276 276 276 276 277 277 277 277 277 277 277 277 277 277 277 277 277 277 277 277 277 277 277 277 277 277 277 277 277 277 277 277 277 277 277 277 277 277 277 277 277 277 277 277 277 277 277 277 278 278 278 278 278 278 278 278 278 278 278 278 278 278 278 278 278 278 278 275 274 274 275 275 275 275 275 275 275 275 275 275 275 275 275 275 275 275 275 275 275 275 275 275 275 275 276 276 276 276 276 276 276 276 276 276 276 276 276 276 276 276 276 276 276 276 276 276 276 276 276 276 276 276 276 276 276 276 276 276 276 276 276 276 276 276 277 277 277 277 277 277 277 277 277 277 277 277 277 277 277 277 277 277 277 277 277 277 277 277 277 277 277 277 277 277 277 277 277 277 277 277 277 277 277 277 277 277 277 278 278 278 278 278 278 278 278 278 278 278 278 278 278 278 278 278 278 278 274 274 274 274 274 274 275 275 275 275 275 275 275 275 275 275 275 275 275 275 275 275 275 275 275 275 275 275 275 275 275 276 276 276 276 276 276 276 276 276 276 276 276 276 276 276 276 276 276 276 276 276 276 276 276 276 276 276 276 276 276 276 276 276 276 276 276 276 276 276 276 276 277 277 277 277 277 277 277 277 277 277 277 277 277 277 277 277 277 277 277 277 277 277 277 277 277 277 277 277 277 277 277 277 277 277 277 277 277 277 277 277 277 277 278 278 278 278 278 278 278 278 278 278 278 278 278 278 278 278 278 278 278 278 274 274 274 274 274 274 275 275 275 275 275 275 275 275 275 275 275 275 275 275 275 275 275 275 275 275 275 275 275 275 275 275 275 275 276 276 276 276 276 276 276 276 276 276 276 276 276 276 276 276 276 276 276 276 276 276 276 276 276 276 276 276 276 276 276 276 276 276 276 276 276 276 276 276 277 276 276 277 277 277 277 277 277 277 277 277 277 277 277 277 277 277 277 277 277 277 277 277 277 277 277 277 277 277 277 277 277 277 277 277 277 277 277 277 278 278 278 278 278 278 278 278 278 278 278 278 278 278 278 278 278 278 278 278 278 278 278 274 274 274 274 274 274 274 274 274 274 275 275 275 275 275 275 275 275 275 275 275 275 275 275 275 275 275 275 275 275 275 275 275 275 275 275 276 276 276 276 276 276 276 276 276 276 276 276 276 276 276 276 276 276 276 276 276 276 276 276 276 276 276 276 276 276 276 276 276 276 276 276 276 276 276 276 276 276 276 277 277 277 277 277 277 277 277 277 277 277 277 277 277 277 277 277 277 277 277 277 277 277 277 277 277 277 277 277 277 277 277 277 277 277 277 278 278 278 278 278 278 278 278 278 278 278 278 278 278 278 278 278 278 278 278 278 278 274 274 274 274 274 274 274 274 274 274 274 274 275 275 275 275 275 275 275 275 275 275 275 275 275 275 275 275 275 275 275 275 275 275 275 275 275 275 275 275 275 275 275 275 275 275 275 276 276 276 276 276 276 276 276 276 276 276 276 276 276 276 276 276 276 276 276 276 276 276 276 276 276 276 276 276 276 276 276 276 276 276 276 276 276 277 276 276 277 277 277 277 277 277 277 277 277 277 277 277 277 277 277 277 277 277 277 277 277 277 277 277 277 277 277 277 277 277 277 277 277 277 277 277 278 278 278 278 278 278 278 278 278 278 278 278 278 278 278 278 278 278 278 278 278 278 278 274 274 274 274 274 274 274 274 274 274 274 274 274 274 274 274 275 275 275 275 275 275 275 275 275 275 275 275 275 275 275 275 275 275 275 275 275 275 275 275 275 275 275 275 275 275 275 275 275 275 275 275 275 275 275 276 276 276 276 276 276 276 276 276 276 276 276 276 276 276 276 276 276 276 276 276 276 276 276 276 276 276 276 276 276 276 276 276 276 276 276 276 277 277 277 277 277 277 277 277 277 277 277 277 277 277 277 277 277 277 277 277 277 277 277 277 277 277 277 277 277 277 277 277 277 277 277 277 277 277 277 278 278 278 278 278 278 278 278 278 278 278 278 278 278 278 278 278 278 278 278 278 278 278 278 274 274 274 274 274 274 274 274 274 274 274 274 274 274 274 274 274 274 275 275 275 275 275 275 275 275 275 275 275 275 275 275 275 275 275 275 275 275 275 275 275 275 275 275 275 275 275 275 275 275 275 275 275 275 275 275 275 276 276 276 276 276 276 276 276 276 276 276 276 276 276 276 276 276 276 276 276 276 276 276 276 276 276 276 276 276 276 276 276 276 276 276 276 277 277 277 277 277 277 277 277 277 277 277 277 277 277 277 277 277 277 277 277 277 277 277 277 277 277 277 277 277 277 277 277 277 277 277 277 277 277 277 278 278 278 278 278 278 278 278 278 278 278 278 278 278 278 278 278 278 278 278 278 278 278 278 278 274 274 274 274 274 274 274 274 274 274 274 274 274 274 274 274 274 274 274 274 275 275 275 275 275 275 275 275 275 275 275 275 275 275 275 275 275 275 275 275 275 275 275 275 275 275 275 275 275 275 275 275 275 275 275 275 275 275 276 276 276 276 276 276 276 276 276 276 276 276 276 276 276 276 276 276 276 276 276 276 276 276 276 276 276 276 276 276 276 276 276 276 276 276 277 277 277 277 277 277 277 277 277 277 277 277 277 277 277 277 277 277 277 277 277 277 277 277 277 277 277 277 277 277 277 277 277 277 277 277 277 277 278 278 278 278 278 278 278 278 278 278 278 278 278 278 278 278 278 278 278 278 278 278 278 278 278 278 278 274 274 274 274 274 274 274 274 274 274 274 274 274 274 274 274 274 274 274 274 274 274 274 274 274 274 274 274 275 275 275 275 275 275 275 275 275 275 275 275 275 275 275 275 275 275 275 275 275 275 275 275 275 275 275 275 275 275 275 275 275 275 275 275 275 275 275 276 276 276 276 276 276 276 276 276 276 276 276 276 276 276 276 276 276 276 276 276 276 276 276 276 276 276 276 276 276 276 276 276 276 276 277 277 277 277 277 277 277 277 277 277 277 277 277 277 277 277 277 277 277 277 277 277 277 277 277 277 277 277 277 277 277 277 277 277 277 277 277 278 278 278 278 278 278 278 278 278 278 278 278 278 278 278 278 278 278 278 278 278 278 278 278 278 278 278 278 278 278 279 279 279 279 279 274 274 274 274 274 274 274 274 274 274 274 274 274 274 274 274 274 274 274 274 274 274 274 274 274 274 274 274 274 274 274 274 275 275 275 275 275 275 275 275 275 275 275 275 275 275 275 275 275 275 275 275 275 275 275 275 275 275 275 275 275 275 275 275 275 275 275 275 275 275 276 276 276 276 276 276 276 276 276 276 276 276 276 276 276 276 276 276 276 276 276 276 276 276 276 276 276 276 276 276 276 276 276 276 277 277 277 277 277 277 277 277 277 277 277 277 277 277 277 277 277 277 277 277 277 277 277 277 277 277 277 277 277 277 277 277 277 277 277 277 277 277 277 278 278 278 278 278 278 278 278 278 278 278 278 278 278 278 278 278 278 278 278 278 278 278 278 278 278 278 278 278 279 279 279 279 279 279 274 274 274 274 274 274 274 274 274 274 274 274 274 274 274 274 274 274 274 274 274 274 274 274 274 274 274 274 274 274 274 274 275 275 275 275 275 275 275 275 275 275 275 275 275 275 275 275 275 275 275 275 275 275 275 275 275 275 275 275 275 275 275 275 275 275 275 275 275 275 276 276 276 276 276 276 276 276 276 276 276 276 276 276 276 276 276 276 276 276 276 276 276 276 276 276 276 276 276 276 276 276 276 276 276 277 277 277 277 277 277 277 277 277 277 277 277 277 277 277 277 277 277 277 277 277 277 277 277 277 277 277 277 277 277 277 277 277 277 277 277 277 277 278 278 278 278 278 278 278 278 278 278 278 278 278 278 278 278 278 278 278 278 278 278 278 278 278 278 278 278 278 279 279 279 279 279 279 274 274 274 274 274 274 274 274 274 274 274 274 274 274 274 274 274 274 274 274 274 274 274 274 274 274 274 274 274 274 274 274 274 275 275 275 275 275 275 275 275 275 275 275 275 275 275 275 275 275 275 275 275 275 275 275 275 275 275 275 275 275 275 275 275 275 275 275 275 275 276 276 276 276 276 276 276 276 276 276 276 276 276 276 276 276 276 276 276 276 276 276 276 276 276 276 276 276 276 276 276 276 276 276 276 276 277 277 277 277 277 277 277 277 277 277 277 277 277 277 277 277 277 277 277 277 277 277 277 277 277 277 277 277 277 277 277 277 277 277 277 277 277 278 278 278 278 278 278 278 278 278 278 278 278 278 278 278 278 278 278 278 278 278 278 278 278 278 278 278 278 279 279 279 279 279 279 279 279 273 273 273 273 273 274 274 274 274 274 274 274 274 274 274 274 274 274 274 274 274 274 274 274 274 274 274 274 274 274 274 274 274 274 274 274 274 274 274 275 275 275 275 275 275 275 275 275 275 275 275 275 275 275 275 275 275 275 275 275 275 275 275 275 275 275 275 275 275 275 275 275 275 275 275 275 276 276 276 276 276 276 276 276 276 276 276 276 276 276 276 276 276 276 276 276 276 276 276 276 276 276 276 276 276 276 276 276 276 276 276 276 277 277 277 277 277 277 277 277 277 277 277 277 277 277 277 277 277 277 277 277 277 277 277 277 277 277 277 277 277 277 277 277 277 277 277 277 277 277 278 278 278 278 278 278 278 278 278 278 278 278 278 278 278 278 278 278 278 278 278 278 278 278 278 278 278 279 279 279 279 279 279 279 279 273 273 273 273 273 273 273 273 273 273 273 274 274 274 274 274 274 274 274 274 274 274 274 274 274 274 274 274 274 274 274 274 274 274 274 274 274 274 274 274 274 274 274 274 274 274 274 274 275 275 275 275 275 275 275 275 275 275 275 275 275 275 275 275 275 275 275 275 275 275 275 275 275 275 275 275 275 275 275 275 275 275 275 275 276 276 276 276 276 276 276 276 276 276 276 276 276 276 276 276 276 276 276 276 276 276 276 276 276 276 276 276 276 276 276 276 276 276 276 276 277 277 277 277 277 277 277 277 277 277 277 277 277 277 277 277 277 277 277 277 277 277 277 277 277 277 277 277 277 277 277 277 277 277 277 277 277 277 278 278 278 278 278 278 278 278 278 278 278 278 278 278 278 278 278 278 278 278 278 278 278 278 278 278 278 278 279 279 279 279 279 279 279 279 273 273 273 273 273 273 273 273 273 273 273 273 273 273 273 273 274 274 274 274 274 274 274 274 274 274 274 274 274 274 274 274 274 274 274 274 274 274 274 274 274 274 274 274 274 274 274 274 274 274 274 274 274 275 275 275 275 275 275 275 275 275 275 275 275 275 275 275 275 275 275 275 275 275 275 275 275 275 275 275 275 275 275 275 275 275 275 275 276 276 276 276 276 276 276 276 276 276 276 276 276 276 276 276 276 276 276 276 276 276 276 276 276 276 276 276 276 276 276 276 276 276 277 277 277 277 277 277 277 277 277 277 277 277 277 277 277 277 277 277 277 277 277 277 277 277 277 277 277 277 277 277 277 277 277 277 277 277 277 277 277 278 278 278 278 278 278 278 278 278 278 278 278 278 278 278 278 278 278 278 278 278 278 278 278 278 278 278 278 279 279 279 279 279 279 279 279 273 273 273 273 273 273 273 273 273 273 273 273 273 273 273 273 273 273 273 273 273 274 274 274 274 274 274 274 274 274 274 274 274 274 274 274 274 274 274 274 274 274 274 274 274 274 274 274 274 274 274 274 274 274 274 274 274 274 275 275 275 275 275 275 275 275 275 275 275 275 275 275 275 275 275 275 275 275 275 275 275 275 275 275 275 275 275 275 275 275 275 275 275 276 276 276 276 276 276 276 276 276 276 276 276 276 276 276 276 276 276 276 276 276 276 276 276 276 276 276 276 276 276 276 276 276 276 277 276 277 277 277 277 277 277 277 277 277 277 277 277 277 277 277 277 277 277 277 277 277 277 277 277 277 277 277 277 277 277 277 277 277 277 277 277 277 278 278 278 278 278 278 278 278 278 278 278 278 278 278 278 278 278 278 278 278 278 278 278 278 278 278 278 279 279 279 279 279 279 279 279 279 279 279 279 273 273 273 273 273 273 273 273 273 273 273 273 273 273 273 273 273 273 273 273 273 274 274 274 274 274 274 274 274 274 274 274 274 274 274 274 274 274 274 274 274 274 274 274 274 274 274 274 274 274 274 274 274 274 274 274 274 274 274 274 274 274 275 275 275 275 275 275 275 275 275 275 275 275 275 275 275 275 275 275 275 275 275 275 275 275 275 275 275 275 275 275 275 276 276 276 276 276 276 276 276 276 276 276 276 276 276 276 276 276 276 276 276 276 276 276 276 276 276 276 276 276 276 276 276 276 276 276 276 276 277 277 277 277 277 277 277 277 277 277 277 277 277 277 277 277 277 277 277 277 277 277 277 277 277 277 277 277 277 277 277 277 277 277 277 277 278 278 278 278 278 278 278 278 278 278 278 278 278 278 278 278 278 278 278 278 278 278 278 278 278 278 278 279 279 279 279 279 279 279 279 279 279 279 279 279 279 279 273 273 273 273 273 273 273 273 273 273 273 273 273 273 273 273 273 273 273 273 273 273 273 274 274 274 274 274 274 274 274 274 274 274 274 274 274 274 274 274 274 274 274 274 274 274 274 274 274 274 274 274 274 274 274 274 274 274 274 274 274 274 275 275 275 275 275 275 275 275 275 275 275 275 275 275 275 275 275 275 275 275 275 275 275 275 275 275 275 275 275 275 275 275 276 276 276 276 276 276 276 276 276 276 276 276 276 276 276 276 276 276 276 276 276 276 276 276 276 276 276 276 276 276 276 276 276 276 276 276 276 277 277 277 277 277 277 277 277 277 277 277 277 277 277 277 277 277 277 277 277 277 277 277 277 277 277 277 277 277 277 277 277 277 277 277 277 278 278 278 278 278 278 278 278 278 278 278 278 278 278 278 278 278 278 278 278 278 278 278 278 278 278 279 279 279 279 279 279 279 279 279 279 279 279 279 279 279 279 279 273 273 273 273 273 273 273 273 273 273 273 273 273 273 273 273 273 273 273 273 273 273 273 273 274 274 274 274 274 274 274 274 274 274 274 274 274 274 274 274 274 274 274 274 274 274 274 274 274 274 274 274 274 274 274 274 274 274 274 274 274 274 274 275 275 275 275 275 275 275 275 275 275 275 275 275 275 275 275 275 275 275 275 275 275 275 275 275 275 275 275 275 275 275 276 276 276 276 276 276 276 276 276 276 276 276 276 276 276 276 276 276 276 276 276 276 276 276 276 276 276 276 276 276 276 276 276 276 276 276 277 277 277 277 277 277 277 277 277 277 277 277 277 277 277 277 277 277 277 277 277 277 277 277 277 277 277 277 277 277 277 277 277 277 277 277 278 278 278 278 278 278 278 278 278 278 278 278 278 278 278 278 278 278 278 278 278 278 278 278 278 278 279 279 279 279 279 279 279 279 279 279 279 279 279 279 279 279 279 273 273 273 273 273 273 273 273 273 273 273 273 273 273 273 273 273 273 273 273 273 273 273 273 273 273 274 274 274 274 274 274 274 274 274 274 274 274 274 274 274 274 274 274 274 274 274 274 274 274 274 274 274 274 274 274 274 274 274 274 274 274 274 274 275 275 275 275 275 275 275 275 275 275 275 275 275 275 275 275 275 275 275 275 275 275 275 275 275 275 275 275 275 275 275 276 276 276 276 276 276 276 276 276 276 276 276 276 276 276 276 276 276 276 276 276 276 276 276 276 276 276 276 276 276 276 276 276 276 276 276 277 277 277 277 277 277 277 277 277 277 277 277 277 277 277 277 277 277 277 277 277 277 277 277 277 277 277 277 277 277 277 277 277 277 277 278 278 278 278 278 278 278 278 278 278 278 278 278 278 278 278 278 278 278 278 278 278 278 278 278 278 279 279 279 279 279 279 279 279 279 279 279 279 279 279 279 279 279 279 273 273 273 273 273 273 273 273 273 273 273 273 273 273 273 273 273 273 273 273 273 273 273 273 273 273 274 274 274 274 274 274 274 274 274 274 274 274 274 274 274 274 274 274 274 274 274 274 274 274 274 274 274 274 274 274 274 274 274 274 274 274 274 275 275 275 275 275 275 275 275 275 275 275 275 275 275 275 275 275 275 275 275 275 275 275 275 275 275 275 275 275 275 275 276 276 276 276 276 276 276 276 276 276 276 276 276 276 276 276 276 276 276 276 276 276 276 276 276 276 276 276 276 276 276 276 276 276 276 277 277 277 277 277 277 277 277 277 277 277 277 277 277 277 277 277 277 277 277 277 277 277 277 277 277 277 277 277 277 277 277 277 277 277 278 278 278 278 278 278 278 278 278 278 278 278 278 278 278 278 278 278 278 278 278 278 278 278 278 278 279 279 279 279 279 279 279 279 279 279 279 279 279 279 279 279 279 279 279 279 279 279 273 273 273 273 273 273 273 273 273 273 273 273 273 273 273 273 273 273 273 273 273 273 273 273 273 273 273 274 274 274 274 274 274 274 274 274 274 274 274 274 274 274 274 274 274 274 274 274 274 274 274 274 274 274 274 274 274 274 274 274 274 274 274 275 275 275 275 275 275 275 275 275 275 275 275 275 275 275 275 275 275 275 275 275 275 275 275 275 275 275 275 275 275 276 276 276 276 276 276 276 276 276 276 276 276 276 276 276 276 276 276 276 276 276 276 276 276 276 276 276 276 276 276 276 276 276 276 276 276 277 277 277 277 277 277 277 277 277 277 277 277 277 277 277 277 277 277 277 277 277 277 277 277 277 277 277 277 277 277 277 277 277 277 278 278 278 278 278 278 278 278 278 278 278 278 278 278 278 278 278 278 278 278 278 278 278 278 278 278 279 279 279 279 279 279 279 279 279 279 279 279 279 279 279 279 279 279 279 279 279 279 279 272 273 273 273 273 273 273 273 273 273 273 273 273 273 273 273 273 273 273 273 273 273 273 273 273 273 273 273 273 274 274 274 274 274 274 274 274 274 274 274 274 274 274 274 274 274 274 274 274 274 274 274 274 274 274 274 274 274 274 274 274 274 274 274 274 275 275 275 275 275 275 275 275 275 275 275 275 275 275 275 275 275 275 275 275 275 275 275 275 275 275 275 275 275 276 276 276 276 276 276 276 276 276 276 276 276 276 276 276 276 276 276 276 276 276 276 276 276 276 276 276 276 276 276 276 276 276 276 276 276 277 277 277 277 277 277 277 277 277 277 277 277 277 277 277 277 277 277 277 277 277 277 277 277 277 277 277 277 277 277 277 277 277 277 278 278 278 278 278 278 278 278 278 278 278 278 278 278 278 278 278 278 278 278 278 278 278 278 278 279 279 279 279 279 279 279 279 279 279 279 279 279 279 279 279 279 279 279 279 279 279 279 279 273 273 273 273 273 273 273 273 273 273 273 273 273 273 273 273 273 273 273 273 273 273 273 273 273 273 273 273 273 273 273 274 274 274 274 274 274 274 274 274 274 274 274 274 274 274 274 274 274 274 274 274 274 274 274 274 274 274 274 274 274 274 274 274 274 275 275 275 275 275 275 275 275 275 275 275 275 275 275 275 275 275 275 275 275 275 275 275 275 275 275 275 275 275 275 276 276 276 276 276 276 276 276 276 276 276 276 276 276 276 276 276 276 276 276 276 276 276 276 276 276 276 276 276 276 276 276 276 276 276 276 277 277 277 277 277 277 277 277 277 277 277 277 277 277 277 277 277 277 277 277 277 277 277 277 277 277 277 277 277 277 277 277 277 278 278 278 278 278 278 278 278 278 278 278 278 278 278 278 278 278 278 278 278 278 278 278 278 278 279 279 279 279 279 279 279 279 279 279 279 279 279 279 279 279 279 279 279 279 279 279 279 279 279 279 273 273 273 273 273 273 273 273 273 273 273 273 273 273 273 273 273 273 273 273 273 273 274 274 274 274 274 274 274 274 274 274 274 274 274 274 274 274 274 274 274 274 274 274 274 274 274 274 274 274 274 274 274 274 274 274 274 274 274 275 275 275 275 275 275 275 275 275 275 275 275 275 275 275 275 275 275 275 275 275 275 275 275 275 275 275 275 275 275 275 275 275 275 275 276 276 276 276 276 276 276 276 276 276 276 276 276 276 276 276 276 276 276 276 276 276 276 276 276 276 276 276 276 276 277 277 277 277 277 277 277 277 277 277 277 277 277 277 277 277 277 277 277 277 277 277 277 277 277 277 277 277 277 277 277 277 277 277 277 277 277 277 277 278 278 278 278 278 278 278 278 278 278 278 278 278 278 278 278 278 278 278 278 278 278 278 278 278 278 279 279 279 279 279 279 279 279 279 279 279 279 279 279 279 279 279 279 279 279 279 279 279 279 279 279 279 273 273 273 273 273 273 273 273 273 273 273 273 273 273 273 273 273 273 273 273 273 273 273 274 274 274 274 274 274 274 274 274 274 274 274 274 274 274 274 274 274 274 274 274 274 274 274 274 274 274 274 274 274 274 274 274 274 274 274 274 275 275 275 275 275 275 275 275 275 275 275 275 275 275 275 275 275 275 275 275 275 275 275 275 275 275 275 275 275 275 275 275 275 275 275 276 276 276 276 276 276 276 276 276 276 276 276 276 276 276 276 276 276 276 276 276 276 276 276 276 276 276 276 276 276 277 277 277 277 277 277 277 277 277 277 277 277 277 277 277 277 277 277 277 277 277 277 277 277 277 277 277 277 277 277 277 277 277 277 277 277 277 277 277 278 278 278 278 278 278 278 278 278 278 278 278 278 278 278 278 278 278 278 278 278 278 278 278 278 278 279 279 279 279 279 279 279 279 279 279 279 279 279 279 279 279 279 279 279 279 279 279 279 279 279 279 279 273 273 273 273 273 273 273 273 273 273 273 273 273 273 273 273 273 273 273 273 273 273 273 273 274 274 274 274 274 274 274 274 274 274 274 274 274 274 274 274 274 274 274 274 274 274 274 274 274 274 274 274 274 274 274 274 274 274 274 274 274 275 275 275 275 275 275 275 275 275 275 275 275 275 275 275 275 275 275 275 275 275 275 275 275 275 275 275 275 275 275 275 275 275 275 276 276 276 276 276 276 276 276 276 276 276 276 276 276 276 276 276 276 276 276 276 276 276 276 276 276 276 276 276 276 276 277 277 277 277 277 277 277 277 277 277 277 277 277 277 277 277 277 277 277 277 277 277 277 277 277 277 277 277 277 277 277 277 277 277 277 277 277 277 278 278 278 278 278 278 278 278 278 278 278 278 278 278 278 278 278 278 278 278 278 278 278 278 278 278 279 279 279 279 279 279 279 279 279 279 279 279 279 279 279 279 279 279 279 279 279 279 279 279 279 279 273 273 273 273 273 273 273 273 273 273 273 273 273 273 273 273 273 273 273 273 273 273 273 273 273 274 274 274 274 274 274 274 274 274 274 274 274 274 274 274 274 274 274 274 274 274 274 274 274 274 274 274 274 274 274 274 274 274 274 274 274 274 275 275 275 275 275 275 275 275 275 275 275 275 275 275 275 275 275 275 275 275 275 275 275 275 275 275 275 275 275 275 275 275 275 276 276 276 276 276 276 276 276 276 276 276 276 276 276 276 276 276 276 276 276 276 276 276 276 276 276 276 276 276 276 276 276 277 277 277 277 277 277 277 277 277 277 277 277 277 277 277 277 277 277 277 277 277 277 277 277 277 277 277 277 277 277 277 277 277 277 277 277 277 277 278 278 278 278 278 278 278 278 278 278 278 278 278 278 278 278 278 278 278 278 278 278 278 278 278 278 279 279 279 279 279 279 279 279 279 279 279 279 279 279 279 279 279 279 279 279 279 279 279 279 279 279 273 273 273 273 273 273 273 273 273 273 273 273 273 273 273 273 273 273 273 273 273 273 273 273 273 273 273 274 274 274 274 274 274 274 274 274 274 274 274 274 274 274 274 274 274 274 274 274 274 274 274 274 274 274 274 274 274 274 274 274 274 274 274 275 275 275 275 275 275 275 275 275 275 275 275 275 275 275 275 275 275 275 275 275 275 275 275 275 275 275 275 275 275 275 275 275 276 276 276 276 276 276 276 276 276 276 276 276 276 276 276 276 276 276 276 276 276 276 276 276 276 276 276 276 276 276 276 276 277 277 277 277 277 277 277 277 277 277 277 277 277 277 277 277 277 277 277 277 277 277 277 277 277 277 277 277 277 277 277 277 277 277 277 277 277 278 278 278 278 278 278 278 278 278 278 278 278 278 278 278 278 278 278 278 278 278 278 278 278 278 278 279 279 279 279 279 279 279 279 279 279 279 279 279 279 279 279 279 279 279 279 279 279 279 279 279 279 279 273 273 273 273 273 273 273 273 273 273 273 273 273 273 273 273 273 273 273 273 273 273 273 273 273 273 273 274 274 274 274 274 274 274 274 274 274 274 274 274 274 274 274 274 274 274 274 274 274 274 274 274 274 274 274 274 274 274 274 274 274 274 274 275 275 275 275 275 275 275 275 275 275 275 275 275 275 275 275 275 275 275 275 275 275 275 275 275 275 275 275 275 275 275 275 275 276 276 276 276 276 276 276 276 276 276 276 276 276 276 276 276 276 276 276 276 276 276 276 276 276 276 276 276 276 276 276 276 277 277 277 277 277 277 277 277 277 277 277 277 277 277 277 277 277 277 277 277 277 277 277 277 277 277 277 277 277 277 277 277 277 277 277 277 277 278 278 278 278 278 278 278 278 278 278 278 278 278 278 278 278 278 278 278 278 278 278 278 278 278 279 279 279 279 279 279 279 279 279 279 279 279 279 279 279 279 279 279 279 279 279 279 279 279 279 279 279 279 279 273 273 273 273 273 273 273 273 273 273 273 273 273 273 273 273 273 273 273 273 273 273 273 273 273 273 273 274 274 274 274 274 274 274 274 274 274 274 274 274 274 274 274 274 274 274 274 274 274 274 274 274 274 274 274 274 274 274 274 274 274 275 275 275 275 275 275 275 275 275 275 275 275 275 275 275 275 275 275 275 275 275 275 275 275 275 275 275 275 275 275 275 276 276 276 276 276 276 276 276 276 276 276 276 276 276 276 276 276 276 276 276 276 276 276 276 276 276 276 276 276 276 276 276 276 276 277 277 277 277 277 277 277 277 277 277 277 277 277 277 277 277 277 277 277 277 277 277 277 277 277 277 277 277 277 277 277 277 277 277 277 277 278 278 278 278 278 278 278 278 278 278 278 278 278 278 278 278 278 278 278 278 278 278 278 278 278 279 279 279 279 279 279 279 279 279 279 279 279 279 279 279 279 279 279 279 279 279 279 279 279 279 279 279 279 279 280 280 280 280 273 273 273 273 273 273 273 273 273 273 273 273 273 273 273 273 273 273 273 273 273 273 273 273 273 273 273 274 274 274 274 274 274 274 274 274 274 274 274 274 274 274 274 274 274 274 274 274 274 274 274 274 274 274 274 274 274 274 274 274 274 274 275 275 275 275 275 275 275 275 275 275 275 275 275 275 275 275 275 275 275 275 275 275 275 275 275 275 275 275 275 275 276 276 276 276 276 276 276 276 276 276 276 276 276 276 276 276 276 276 276 276 276 276 276 276 276 276 276 276 276 276 276 276 276 276 277 277 277 277 277 277 277 277 277 277 277 277 277 277 277 277 277 277 277 277 277 277 277 277 277 277 277 277 277 277 277 277 277 277 277 278 278 278 278 278 278 278 278 278 278 278 278 278 278 278 278 278 278 278 278 278 278 278 278 278 279 279 279 279 279 279 279 279 279 279 279 279 279 279 279 279 279 279 279 279 279 279 279 279 279 279 279 279 279 280 280 280 280 280 280 280 273 273 273 273 273 273 273 273 273 273 273 273 273 273 273 273 273 273 273 273 273 273 273 273 273 273 273 273 274 274 274 274 274 274 274 274 274 274 274 274 274 274 274 274 274 274 274 274 274 274 274 274 274 274 274 274 274 274 274 274 274 274 275 275 275 275 275 275 275 275 275 275 275 275 275 275 275 275 275 275 275 275 275 275 275 275 275 275 275 275 275 275 275 276 276 276 276 276 276 276 276 276 276 276 276 276 276 276 276 276 276 276 276 276 276 276 276 276 276 276 276 276 276 276 276 276 277 277 277 277 277 277 277 277 277 277 277 277 277 277 277 277 277 277 277 277 277 277 277 277 277 277 277 277 277 277 277 277 277 277 277 278 278 278 278 278 278 278 278 278 278 278 278 278 278 278 278 278 278 278 278 278 278 278 278 278 278 279 279 279 279 279 279 279 279 279 279 279 279 279 279 279 279 279 279 279 279 279 279 279 279 279 279 279 279 279 280 280 280 280 280 273 273 273 273 273 273 273 273 273 273 273 273 273 273 273 273 273 273 273 273 273 273 273 273 273 273 273 273 273 274 274 274 274 274 274 274 274 274 274 274 274 274 274 274 274 274 274 274 274 274 274 274 274 274 274 274 274 274 274 274 274 274 274 275 275 275 275 275 275 275 275 275 275 275 275 275 275 275 275 275 275 275 275 275 275 275 275 275 275 275 275 275 275 275 276 276 276 276 276 276 276 276 276 276 276 276 276 276 276 276 276 276 276 276 276 276 276 276 276 276 276 276 276 276 276 276 276 277 277 277 277 277 277 276 277 277 277 277 277 277 277 277 277 277 277 277 277 277 277 277 277 277 277 277 277 277 277 277 277 277 277 278 278 278 278 278 278 278 278 278 278 278 278 278 278 278 278 278 278 278 278 278 278 278 278 278 278 279 279 279 279 279 279 279 279 279 279 279 279 279 279 279 279 279 279 279 279 279 279 279 279 279 279 279 279 279 280 280 280 280 280 280 280 280 280 280 280 280 273 273 273 273 273 273 273 273 273 273 273 273 273 273 273 273 273 273 273 273 273 273 273 273 273 273 273 273 274 274 274 274 274 274 274 274 274 274 274 274 274 274 274 274 274 274 274 274 274 274 274 274 274 274 274 274 274 274 274 274 274 274 274 275 275 275 275 275 275 275 275 275 275 275 275 275 275 275 275 275 275 275 275 275 275 275 275 275 275 275 275 275 275 275 276 276 276 276 276 276 276 276 276 276 276 276 276 276 276 276 276 276 276 276 276 276 276 276 276 276 276 276 276 276 276 276 276 277 277 277 277 277 276 276 277 277 277 277 277 277 277 277 277 277 277 277 277 277 277 277 277 277 277 277 277 277 277 277 277 277 277 278 278 278 278 278 278 278 278 278 278 278 278 278 278 278 278 278 278 278 278 278 278 278 278 278 279 279 279 279 279 279 279 279 279 279 279 279 279 279 279 279 279 279 279 279 279 279 279 279 279 279 279 279 279 280 280 280 280 280 280 280 280 280 280 280 280 280 280 273 273 273 273 273 273 273 273 273 273 273 273 273 273 273 273 273 273 273 273 273 273 273 273 273 273 273 273 273 274 274 274 274 274 274 274 274 274 274 274 274 274 274 274 274 274 274 274 274 274 274 274 274 274 274 274 274 274 274 274 274 274 274 274 275 275 275 275 275 275 275 275 275 275 275 275 275 275 275 275 275 275 275 275 275 275 275 275 275 275 275 275 275 275 275 276 275 276 276 276 276 276 276 276 276 276 276 276 276 276 276 276 276 276 276 276 276 276 276 276 276 276 276 276 276 276 276 276 277 277 277 277 276 276 277 277 277 277 277 277 277 277 277 277 277 277 277 277 277 277 277 277 277 277 277 277 277 277 277 277 277 278 278 278 278 278 278 278 278 278 278 278 278 278 278 278 278 278 278 278 278 278 278 278 278 278 279 279 279 279 279 279 279 279 279 279 279 279 279 279 279 279 279 279 279 279 279 279 279 279 279 279 279 279 279 280 280 280 280 280 280 280 280 280 280 280 280 280 273 273 273 273 273 273 273 273 273 273 273 273 273 273 273 273 273 273 273 273 273 273 273 273 273 273 273 273 273 273 273 274 274 274 274 274 274 274 274 274 274 274 274 274 274 274 274 274 274 274 274 274 274 274 274 274 274 274 274 274 274 274 274 274 274 274 275 275 275 275 275 275 275 275 275 275 275 275 275 275 275 275 275 275 275 275 275 275 275 275 275 275 275 275 275 275 275 276 276 276 276 276 276 276 276 276 276 276 276 276 276 276 276 276 276 276 276 276 276 276 276 276 276 276 276 276 276 276 276 277 277 277 276 276 277 277 277 277 277 277 277 277 277 277 277 277 277 277 277 277 277 277 277 277 277 277 277 277 277 277 277 277 278 278 278 278 278 278 278 278 278 278 278 278 278 278 278 278 278 278 278 278 278 278 278 278 279 279 279 279 279 279 279 279 279 279 279 279 279 279 279 279 279 279 279 279 279 279 279 279 279 279 279 279 279 280 280 280 280 280 280 280 280 280 280 280 280 280 273 273 273 273 273 273 273 273 273 273 273 273 273 273 273 273 273 273 273 273 273 273 273 273 273 273 273 273 273 273 273 273 274 274 274 274 274 274 274 274 274 274 274 274 274 274 274 274 274 274 274 274 274 274 274 274 274 274 274 274 274 274 274 274 274 274 274 275 275 275 275 275 275 275 275 275 275 275 275 275 275 275 275 275 275 275 275 275 275 275 275 275 275 275 275 275 275 275 276 276 276 276 276 276 276 276 276 276 276 276 276 276 276 276 276 276 276 276 276 276 276 276 276 276 276 276 276 276 276 276 277 277 276 276 277 277 277 277 277 277 277 277 277 277 277 277 277 277 277 277 277 277 277 277 277 277 277 277 277 277 277 277 278 278 278 278 278 278 278 278 278 278 278 278 278 278 278 278 278 278 278 278 278 278 278 278 278 279 279 279 279 279 279 279 279 279 279 279 279 279 279 279 279 279 279 279 279 279 279 279 279 279 279 279 279 280 280 280 280 280 280 280 280 280 280 280 280 280 273 273 273 273 273 273 273 273 273 273 273 273 273 273 273 273 273 273 273 273 273 273 273 273 273 273 273 273 273 273 273 274 274 274 274 274 274 274 274 274 274 274 274 274 274 274 274 274 274 274 274 274 274 274 274 274 274 274 274 274 274 274 274 274 274 274 274 275 275 275 275 275 275 275 275 275 275 275 275 275 275 275 275 275 275 275 275 275 275 275 275 275 275 275 275 275 275 275 276 276 276 276 276 276 276 276 276 276 276 276 276 276 276 276 276 276 276 276 276 276 276 276 276 276 276 276 276 276 277 276 277 276 276 276 277 277 277 277 277 277 277 277 277 277 277 277 277 277 277 277 277 277 277 277 277 277 277 277 277 277 277 278 278 278 278 278 278 278 278 278 278 278 278 278 278 278 278 278 278 278 278 278 278 278 278 278 279 279 279 279 279 279 279 279 279 279 279 279 279 279 279 279 279 279 279 279 279 279 279 279 279 279 279 279 280 280 280 280 280 280 280 280 280 280 280 280 280 273 273 273 273 273 273 273 273 273 273 273 273 273 273 273 273 273 273 273 273 273 273 273 273 273 273 273 273 273 273 273 274 274 274 274 274 274 274 274 274 274 274 274 274 274 274 274 274 274 274 274 274 274 274 274 274 274 274 274 274 274 274 274 274 274 274 274 274 275 275 275 275 275 275 275 275 275 275 275 275 275 275 275 275 275 275 275 275 275 275 275 275 275 275 275 275 275 275 275 276 276 276 276 276 276 276 276 276 276 276 276 276 276 276 276 276 276 276 276 276 276 276 276 276 276 276 276 276 276 277 277 276 276 276 276 277 277 277 277 277 277 277 277 277 277 277 277 277 277 277 277 277 277 277 277 277 277 277 277 277 277 277 278 278 278 278 278 278 278 278 278 278 278 278 278 278 278 278 278 278 278 278 278 278 278 278 279 279 279 279 279 279 279 279 279 279 279 279 279 279 279 279 279 279 279 279 279 279 279 279 279 279 279 279 280 280 280 280 280 280 280 280 280 280 280 280 280 273 273 273 273 273 273 273 273 273 273 273 273 273 273 273 273 273 273 273 273 273 273 273 273 273 273 273 273 273 273 274 274 274 274 274 274 274 274 274 274 274 274 274 274 274 274 274 274 274 274 274 274 274 274 274 274 274 274 274 274 274 274 274 274 274 274 274 274 275 275 275 275 275 275 275 275 275 275 275 275 275 275 275 275 275 275 275 275 275 275 275 275 275 275 275 275 275 275 275 276 276 276 276 276 276 276 276 276 276 276 276 276 276 276 276 276 276 276 276 276 276 276 276 276 276 276 276 276 277 277 276 276 276 276 277 277 277 277 277 277 277 277 277 277 277 277 277 277 277 277 277 277 277 277 277 277 277 277 277 277 277 278 278 278 278 278 278 278 278 278 278 278 278 278 278 278 278 278 278 278 278 278 278 278 278 279 279 279 279 279 279 279 279 279 279 279 279 279 279 279 279 279 279 279 279 279 279 279 279 279 279 279 279 279 280 280 280 280 280 280 280 280 280 280 280 280 273 273 273 273 273 273 273 273 273 273 273 273 273 273 273 273 273 273 273 273 273 273 273 273 273 273 273 273 274 274 274 274 274 274 274 274 274 274 274 274 274 274 274 274 274 274 274 274 274 274 274 274 274 274 274 274 274 274 274 274 274 274 274 274 274 274 274 274 275 275 275 275 275 275 275 275 275 275 275 275 275 275 275 275 275 275 275 275 275 275 275 275 275 275 275 275 275 275 276 276 276 276 276 276 276 276 276 276 276 276 276 276 276 276 276 276 276 276 276 276 276 276 276 276 276 276 276 277 276 276 276 276 276 277 277 277 277 277 277 277 277 277 277 277 277 277 277 277 277 277 277 277 277 277 277 277 277 277 277 278 278 278 278 278 278 278 278 278 278 278 278 278 278 278 278 278 278 278 278 278 278 278 278 279 279 279 279 279 279 279 279 279 279 279 279 279 279 279 279 279 279 279 279 279 279 279 279 279 279 279 279 279 280 280 280 280 280 280 280 280 280 280 280 280 273 273 273 273 273 273 273 273 273 273 273 273 273 273 273 273 273 273 273 273 273 273 273 273 273 273 274 274 274 274 274 274 274 274 274 274 274 274 274 274 274 274 274 274 274 274 274 274 274 274 274 274 274 274 274 274 274 274 274 274 274 274 274 274 274 274 275 275 275 275 275 275 275 275 275 275 275 275 275 275 275 275 275 275 275 275 275 275 275 275 275 275 275 275 275 275 276 276 276 276 276 276 276 276 276 276 276 276 276 276 276 276 276 276 276 276 276 276 276 276 276 276 276 276 276 276 276 276 276 276 276 277 277 277 277 277 277 277 277 277 277 277 277 277 277 277 277 277 277 277 277 277 277 277 277 277 277 278 278 278 278 278 278 278 278 278 278 278 278 278 278 278 278 278 278 278 278 278 278 278 278 279 279 279 279 279 279 279 279 279 279 279 279 279 279 279 279 279 279 279 279 279 279 279 279 279 279 279 279 280 280 280 280 280 280 280 280 280 280 280 280 273 273 273 273 273 273 273 273 273 273 273 273 273 273 273 273 273 273 273 273 273 273 273 273 273 273 274 274 274 274 274 274 274 274 274 274 274 274 274 274 274 274 274 274 274 274 274 274 274 274 274 274 274 274 274 274 274 274 274 274 274 274 274 274 274 274 275 275 275 275 275 275 275 275 275 275 275 275 275 275 275 275 275 275 275 275 275 275 275 275 275 275 275 275 275 275 276 276 276 276 276 276 276 276 276 276 276 276 276 276 276 276 276 276 276 276 276 276 276 276 276 276 276 276 276 276 276 276 276 276 276 277 277 277 277 277 277 277 277 277 277 277 277 277 277 277 277 277 277 277 277 277 277 277 277 277 278 278 278 278 278 278 278 278 278 278 278 278 278 278 278 278 278 278 278 278 278 278 278 278 279 279 279 279 279 279 279 279 279 279 279 279 279 279 279 279 279 279 279 279 279 279 279 279 279 279 279 279 280 280 280 280 280 280 280 280 280 280 280 280 273 273 273 273 273 273 273 273 273 273 273 273 273 273 273 273 273 273 273 273 273 273 273 273 273 273 273 274 274 274 274 274 274 274 274 274 274 274 274 274 274 274 274 274 274 274 274 274 274 274 274 274 274 274 274 274 274 274 274 274 274 274 274 274 274 274 274 275 275 275 275 275 275 275 275 275 275 275 275 275 275 275 275 275 275 275 275 275 275 275 275 275 275 275 275 275 275 275 276 276 276 276 276 276 276 276 276 276 276 276 276 276 276 276 276 276 276 276 276 276 276 276 276 276 276 276 276 276 276 276 276 277 277 277 277 277 277 277 277 277 277 277 277 277 277 277 277 277 277 277 277 277 277 277 277 277 277 278 278 278 278 278 278 278 278 278 278 278 278 278 278 278 278 278 278 278 278 278 278 278 279 279 279 279 279 279 279 279 279 279 279 279 279 279 279 279 279 279 279 279 279 279 279 279 279 279 279 279 280 280 280 280 280 280 280 280 280 280 280 280 273 273 273 273 273 273 273 273 273 273 273 273 273 273 273 273 273 273 273 273 273 273 273 273 273 273 273 273 273 273 274 274 274 274 274 274 274 274 274 274 274 274 274 274 274 274 274 274 274 274 274 274 274 274 274 274 274 274 274 274 274 274 274 274 274 274 274 274 274 275 275 275 275 275 275 275 275 275 275 275 275 275 275 275 275 275 275 275 275 275 275 275 275 275 275 275 275 275 275 275 276 276 276 276 276 276 276 276 276 276 276 276 276 276 276 276 276 276 276 276 276 276 276 276 276 276 276 276 276 276 276 276 276 277 277 277 277 277 277 277 277 277 277 277 277 277 277 277 277 277 277 277 277 277 277 277 277 277 278 278 278 278 278 278 278 278 278 278 278 278 278 278 278 278 278 278 278 278 278 278 278 278 279 279 279 279 279 279 279 279 279 279 279 279 279 279 279 279 279 279 279 279 279 279 279 279 279 279 279 279 280 280 280 280 280 280 280 280 280 280 280 273 273 273 273 273 273 273 273 273 273 273 273 273 273 273 273 273 273 273 273 273 273 273 273 273 273 273 273 273 273 273 273 273 274 274 274 274 274 274 274 274 274 274 274 274 274 274 274 274 274 274 274 274 274 274 274 274 274 274 274 274 274 274 274 274 274 274 274 274 274 274 275 275 275 275 275 275 275 275 275 275 275 275 275 275 275 275 275 275 275 275 275 275 275 275 275 275 275 275 275 275 275 275 276 276 276 276 276 276 276 276 276 276 276 276 276 276 276 276 276 276 276 276 276 276 276 276 276 276 276 276 276 276 276 276 277 277 277 277 277 277 277 277 277 277 277 277 277 277 277 277 277 277 277 277 277 277 277 277 277 278 278 278 278 278 278 278 278 278 278 278 278 278 278 278 278 278 278 278 278 278 278 278 278 279 279 279 279 279 279 279 279 279 279 279 279 279 279 279 279 279 279 279 279 279 279 279 279 279 279 279 279 280 280 280 280 280 280 280 280 280 280 272 272 273 273 273 273 273 273 273 273 273 273 273 273 273 273 273 273 273 273 273 273 273 273 273 273 273 273 273 273 273 273 273 273 273 273 274 274 274 274 274 274 274 274 274 274 274 274 274 274 274 274 274 274 274 274 274 274 274 274 274 274 274 274 274 274 274 274 274 274 274 274 274 275 275 275 275 275 275 275 275 275 275 275 275 275 275 275 275 275 275 275 275 275 275 275 275 275 275 275 275 275 275 275 276 276 276 276 276 276 276 276 276 276 276 276 276 276 276 276 276 276 276 276 276 276 276 276 276 276 276 276 276 276 276 276 276 277 277 277 277 277 277 277 277 277 277 277 277 277 277 277 277 277 277 277 277 277 277 277 277 277 278 278 278 278 278 278 278 278 278 278 278 278 278 278 278 278 278 278 278 278 278 278 278 279 279 279 279 279 279 279 279 279 279 279 279 279 279 279 279 279 279 279 279 279 279 279 279 279 279 279 279 280 280 280 280 280 280 280 280 280 272 272 272 272 273 273 273 273 273 273 273 273 273 273 273 273 273 273 273 273 273 273 273 273 273 273 273 273 273 273 273 273 273 273 273 273 273 274 274 274 274 274 274 274 274 274 274 274 274 274 274 274 274 274 274 274 274 274 274 274 274 274 274 274 274 274 274 274 274 274 274 274 274 274 274 274 275 275 275 275 275 275 275 275 275 275 275 275 275 275 275 275 275 275 275 275 275 275 275 275 275 275 275 275 275 276 276 276 276 276 276 276 276 276 276 276 276 276 276 276 276 276 276 276 276 276 276 276 276 276 276 276 276 276 276 276 276 276 277 277 277 277 277 277 277 277 277 277 277 277 277 277 277 277 277 277 277 277 277 277 277 277 278 278 278 278 278 278 278 278 278 278 278 278 278 278 278 278 278 278 278 278 278 278 278 279 279 279 279 279 279 279 279 279 279 279 279 279 279 279 279 279 279 279 279 279 279 279 279 279 279 279 279 280 280 280 280 280 280 280 280 280 272 272 272 272 272 272 272 272 273 273 273 273 273 273 273 273 273 273 273 273 273 273 273 273 273 273 273 273 273 273 273 273 273 273 273 273 273 273 273 273 273 274 274 274 274 274 274 274 274 274 274 274 274 274 274 274 274 274 274 274 274 274 274 274 274 274 274 274 274 274 274 274 274 274 274 274 274 274 274 274 275 275 275 275 275 275 275 275 275 275 275 275 275 275 275 275 275 275 275 275 275 275 275 275 275 275 275 275 276 276 276 276 276 276 276 276 276 276 276 276 276 276 276 276 276 276 276 276 276 276 276 276 276 276 276 276 276 276 276 276 276 277 277 277 277 277 277 277 277 277 277 277 277 277 277 277 277 277 277 277 277 277 277 277 277 277 278 278 278 278 278 278 278 278 278 278 278 278 278 278 278 278 278 278 278 278 278 278 278 279 279 279 279 279 279 279 279 279 279 279 279 279 279 279 279 279 279 279 279 279 279 279 279 279 279 279 280 280 280 280 280 280 280 280 272 272 272 272 272 272 272 272 272 272 273 273 273 273 273 273 273 273 273 273 273 273 273 273 273 273 273 273 273 273 273 273 273 273 273 273 273 273 273 273 273 273 274 274 274 274 274 274 274 274 274 274 274 274 274 274 274 274 274 274 274 274 274 274 274 274 274 274 274 274 274 274 274 274 274 274 274 274 274 274 274 274 274 274 275 275 275 275 275 275 275 275 275 275 275 275 275 275 275 275 275 275 275 275 275 275 275 275 275 276 276 276 276 276 276 276 276 276 276 276 276 276 276 276 276 276 276 276 276 276 276 276 276 276 276 276 276 276 276 276 277 276 276 277 277 277 277 277 277 277 277 277 277 277 277 277 277 277 277 277 277 277 277 277 277 277 278 278 278 278 278 278 278 278 278 278 278 278 278 278 278 278 278 278 278 278 278 278 278 279 279 279 279 279 279 279 279 279 279 279 279 279 279 279 279 279 279 279 279 279 279 279 279 279 279 279 280 280 280 280 280 280 280 272 272 272 272 272 272 272 272 272 272 272 272 273 273 273 273 273 273 273 273 273 273 273 273 273 273 273 273 273 273 273 273 273 273 273 273 273 273 273 273 273 273 273 273 274 274 274 274 274 274 274 274 274 274 274 274 274 274 274 274 274 274 274 274 274 274 274 274 274 274 274 274 274 274 274 274 274 274 274 274 274 274 274 274 275 275 275 275 275 275 275 275 275 275 275 275 275 275 275 275 275 275 275 275 275 275 275 275 275 275 276 276 276 276 276 276 276 276 276 276 276 276 276 276 276 276 276 276 276 276 276 276 276 276 276 276 276 276 276 276 276 276 277 277 277 277 277 277 277 277 277 277 277 277 277 277 277 277 277 277 277 277 277 277 277 277 277 278 278 278 278 278 278 278 278 278 278 278 278 278 278 278 278 278 278 278 278 278 278 279 279 279 279 279 279 279 279 279 279 279 279 279 279 279 279 279 279 279 279 279 279 279 279 279 279 279 279 280 280 280 280 280 280 272 272 272 272 272 272 272 272 272 272 273 273 273 273 273 273 273 273 273 273 273 273 273 273 273 273 273 273 273 273 273 273 273 273 273 273 273 273 273 273 273 273 273 273 273 274 274 274 274 274 274 274 274 274 274 274 274 274 274 274 274 274 274 274 274 274 274 274 274 274 274 274 274 274 274 274 274 274 274 274 274 274 274 274 274 275 275 275 275 275 275 275 275 275 275 275 275 275 275 275 275 275 275 275 275 275 275 275 275 275 276 276 276 276 276 276 276 276 276 276 276 276 276 276 276 276 276 276 276 276 276 276 276 276 276 276 276 276 276 276 276 277 277 277 277 277 277 277 277 277 277 277 277 277 277 277 277 277 277 277 277 277 277 277 277 277 278 278 278 278 278 278 278 278 278 278 278 278 278 278 278 278 278 278 278 278 278 278 278 279 279 279 279 279 279 279 279 279 279 279 279 279 279 279 279 279 279 279 279 279 279 279 279 279 279 279 280 280 280 280 280 280 272 272 272 272 272 272 272 272 272 272 272 272 272 272 273 273 273 273 273 273 273 273 273 273 273 273 273 273 273 273 273 273 273 273 273 273 273 273 273 273 273 273 273 273 273 273 273 273 274 274 274 274 274 274 274 274 274 274 274 274 274 274 274 274 274 274 274 274 274 274 274 274 274 274 274 274 274 274 274 274 274 274 274 274 274 274 274 274 275 275 275 275 275 275 275 275 275 275 275 275 275 275 275 275 275 275 275 275 275 275 275 275 275 276 276 276 276 276 276 276 276 276 276 276 276 276 276 276 276 276 276 276 276 276 276 276 276 276 276 276 276 276 276 276 277 277 277 277 277 277 277 277 277 277 277 277 277 277 277 277 277 277 277 277 277 277 277 277 277 278 278 278 278 278 278 278 278 278 278 278 278 278 278 278 278 278 278 278 278 278 278 279 279 279 279 279 279 279 279 279 279 279 279 279 279 279 279 279 279 279 279 279 279 279 279 279 279 279 280 280 280 280 280 280 280 272 272 272 272 272 272 272 272 272 272 272 272 272 272 272 272 272 272 273 273 273 273 273 273 273 273 273 273 273 273 273 273 273 273 273 273 273 273 273 273 273 273 273 273 273 273 273 273 273 273 274 274 274 274 274 274 274 274 274 274 274 274 274 274 274 274 274 274 274 274 274 274 274 274 274 274 274 274 274 274 274 274 274 274 274 274 274 274 274 275 275 275 275 275 275 275 275 275 275 275 275 275 275 275 275 275 275 275 275 275 275 275 275 275 275 276 276 276 276 276 276 276 276 276 276 276 276 276 276 276 276 276 276 276 276 276 276 276 276 276 276 276 276 276 276 276 277 277 277 277 277 277 277 277 277 277 277 277 277 277 277 277 277 277 277 277 277 277 277 277 278 278 278 278 278 278 278 278 278 278 278 278 278 278 278 278 278 278 278 278 278 278 279 279 279 279 279 279 279 279 279 279 279 279 279 279 279 279 279 279 279 279 279 279 279 279 279 279 279 280 280 280 280 280 280 280 280 280 280 272 272 272 272 272 272 272 272 272 272 272 272 272 272 272 272 272 272 272 272 273 273 273 273 273 273 273 273 273 273 273 273 273 273 273 273 273 273 273 273 273 273 273 273 273 273 273 273 273 273 273 273 274 274 274 274 274 274 274 274 274 274 274 274 274 274 274 274 274 274 274 274 274 274 274 274 274 274 274 274 274 274 274 274 274 274 274 274 274 275 275 275 275 275 275 275 275 275 275 275 275 275 275 275 275 275 275 275 275 275 275 275 275 275 275 275 276 276 276 276 276 276 276 276 276 276 276 276 276 276 276 276 276 276 276 276 276 276 276 276 276 276 276 276 276 276 277 277 277 277 277 277 277 277 277 277 277 277 277 277 277 277 277 277 277 277 277 277 277 277 277 278 278 278 278 278 278 278 278 278 278 278 278 278 278 278 278 278 278 278 278 278 278 279 279 279 279 279 279 279 279 279 279 279 279 279 279 279 279 279 279 279 279 279 279 279 279 279 279 280 280 280 280 280 280 280 280 280 280 280 272 272 272 272 272 272 272 272 272 272 272 272 272 272 272 272 272 272 272 272 272 273 273 273 273 273 273 273 273 273 273 273 273 273 273 273 273 273 273 273 273 273 273 273 273 273 273 273 273 273 273 273 273 274 274 274 274 274 274 274 274 274 274 274 274 274 274 274 274 274 274 274 274 274 274 274 274 274 274 274 274 274 274 274 274 274 274 274 274 274 274 275 275 275 275 275 275 275 275 275 275 275 275 275 275 275 275 275 275 275 275 275 275 275 275 275 275 276 276 276 276 276 276 276 276 276 276 276 276 276 276 276 276 276 276 276 276 276 276 276 276 276 276 276 276 276 276 277 277 277 277 277 277 277 277 277 277 277 277 277 277 277 277 277 277 277 277 277 277 277 277 278 278 278 278 278 278 278 278 278 278 278 278 278 278 278 278 278 278 278 278 278 278 279 279 279 279 279 279 279 279 279 279 279 279 279 279 279 279 279 279 279 279 279 279 279 279 279 279 279 280 280 280 280 280 280 280 280 280 280 280 272 272 272 272 272 272 272 272 272 272 272 272 272 272 272 272 272 272 273 273 273 273 273 273 273 273 273 273 273 273 273 273 273 273 273 273 273 273 273 273 273 273 273 273 273 273 273 273 273 273 274 274 274 274 274 274 274 274 274 274 274 274 274 274 274 274 274 274 274 274 274 274 274 274 274 274 274 274 274 274 274 274 274 274 274 274 274 275 275 275 275 275 275 275 275 275 275 275 275 275 275 275 275 275 275 275 275 275 275 275 275 275 275 276 276 276 276 276 276 276 276 276 276 276 276 276 276 276 276 276 276 276 276 276 276 276 276 276 276 276 276 276 277 277 277 277 277 277 277 277 277 277 277 277 277 277 277 277 277 277 277 277 277 277 277 277 278 278 278 278 278 278 278 278 278 278 278 278 278 278 278 278 278 278 278 278 278 279 279 279 279 279 279 279 279 279 279 279 279 279 279 279 279 279 279 279 279 279 279 279 279 279 279 279 279 280 280 280 280 280 280 280 280 280 280 280 280 272 272 272 272 272 272 272 272 272 272 272 272 272 272 272 272 273 273 273 273 273 273 273 273 273 273 273 273 273 273 273 273 273 273 273 273 273 273 273 273 273 273 273 273 273 273 273 273 274 274 274 274 274 274 274 274 274 274 274 274 274 274 274 274 274 274 274 274 274 274 274 274 274 274 274 274 274 274 274 274 274 274 274 274 274 275 275 275 275 275 275 275 275 275 275 275 275 275 275 275 275 275 275 275 275 275 275 275 275 275 275 276 276 276 276 276 276 276 276 276 276 276 276 276 276 276 276 276 276 276 276 276 276 276 276 276 276 276 276 276 277 277 277 277 277 277 277 277 277 277 277 277 277 277 277 277 277 277 277 277 277 277 277 277 278 278 278 278 278 278 278 278 278 278 278 278 278 278 278 278 278 278 278 278 278 278 279 279 279 279 279 279 279 279 279 279 279 279 279 279 279 279 279 279 279 279 279 279 279 279 279 279 280 280 280 280 280 280 280 280 280 280 280 280 272 272 272 272 272 272 272 272 272 272 272 272 272 272 273 273 273 273 273 273 273 273 273 273 273 273 273 273 273 273 273 273 273 273 273 273 273 273 273 273 273 273 273 273 273 274 274 274 274 274 274 274 274 274 274 274 274 274 274 274 274 274 274 274 274 274 274 274 274 274 274 274 274 274 274 274 274 274 274 274 274 274 275 275 275 275 275 275 275 275 275 275 275 275 275 275 275 275 275 275 275 275 275 275 275 275 275 275 276 276 276 276 276 276 276 276 276 276 276 276 276 276 276 276 276 276 276 276 276 276 276 276 276 276 276 276 277 277 277 277 277 277 277 277 277 277 277 277 277 277 277 277 277 277 277 277 277 277 277 277 278 278 278 278 278 278 278 278 278 278 278 278 278 278 278 278 278 278 278 278 278 278 279 279 279 279 279 279 279 279 279 279 279 279 279 279 279 279 279 279 279 279 279 279 279 279 279 279 279 280 280 280 280 280 280 280 280 280 280 280 280 272 272 272 272 272 273 273 273 273 273 273 273 273 273 273 273 273 273 273 273 273 273 273 273 273 273 273 273 273 273 273 273 273 273 273 273 274 274 274 274 274 274 274 274 274 274 274 274 274 274 274 274 274 274 274 274 274 274 274 274 274 274 274 274 274 274 274 274 274 274 274 274 274 275 275 275 275 275 275 275 275 275 275 275 275 275 275 275 275 275 275 275 275 275 275 275 275 275 275 276 276 276 276 276 276 276 276 276 276 276 276 276 276 276 276 276 276 276 276 276 276 276 276 276 276 276 276 277 277 277 277 277 277 277 277 277 277 277 277 277 277 277 277 277 277 277 277 277 277 277 277 278 278 278 278 278 278 278 278 278 278 278 278 278 278 278 278 278 278 278 278 278 279 279 279 279 279 279 279 279 279 279 279 279 279 279 279 279 279 279 279 279 279 279 279 279 279 279 279 280 280 280 280 280 280 280 280 280 280 280 272 272 272 272 272 273 273 273 273 273 273 273 273 273 273 273 273 273 273 273 273 273 273 273 273 273 273 273 273 273 273 273 273 273 273 273 274 274 274 274 274 274 274 274 274 274 274 274 274 274 274 274 274 274 274 274 274 274 274 274 274 274 274 274 274 274 274 274 274 274 274 274 275 275 275 275 275 275 275 275 275 275 275 275 275 275 275 275 275 275 275 275 275 275 275 275 275 276 276 276 276 276 276 276 276 276 276 276 276 276 276 276 276 276 276 276 276 276 276 276 276 276 276 276 276 276 277 277 277 277 277 277 277 277 277 277 277 277 277 277 277 277 277 277 277 277 277 277 277 278 278 278 278 278 278 278 278 278 278 278 278 278 278 278 278 278 278 278 278 278 279 279 279 279 279 279 279 279 279 279 279 279 279 279 279 279 279 279 279 279 279 279 279 279 279 279 279 280 280 280 280 280 280 280 280 280 280 272 272 272 272 272 273 273 273 273 273 273 273 273 273 273 273 273 273 273 273 273 273 273 273 273 273 273 273 273 273 273 273 273 273 273 273 274 274 274 274 274 274 274 274 274 274 274 274 274 274 274 274 274 274 274 274 274 274 274 274 274 274 274 274 274 274 274 274 274 274 274 274 275 275 275 275 275 275 275 275 275 275 275 275 275 275 275 275 275 275 275 275 275 275 275 275 275 276 276 276 276 276 276 276 276 276 276 276 276 276 276 276 276 276 276 276 276 276 276 276 276 276 276 276 276 276 277 277 277 277 277 277 277 277 277 277 277 277 277 277 277 277 277 277 277 277 277 277 277 278 278 278 278 278 278 278 278 278 278 278 278 278 278 278 278 278 278 278 278 278 279 279 279 279 279 279 279 279 279 279 279 279 279 279 279 279 279 279 279 279 279 279 279 279 279 279 279 280 280 280 280 280 280 280 272 272 272 272 272 272 273 273 273 273 273 273 273 273 273 273 273 273 273 273 273 273 273 273 273 273 273 273 273 273 273 273 273 273 273 273 273 274 274 274 274 274 274 274 274 274 274 274 274 274 274 274 274 274 274 274 274 274 274 274 274 274 274 274 274 274 274 274 274 274 274 274 274 275 275 275 275 275 275 275 275 275 275 275 275 275 275 275 275 275 275 275 275 275 275 275 275 275 276 276 276 276 276 276 276 276 276 276 276 276 276 276 276 276 276 276 276 276 276 276 276 276 276 276 276 276 277 277 277 277 277 277 277 277 277 277 277 277 277 277 277 277 277 277 277 277 277 277 277 278 278 278 278 278 278 278 278 278 278 278 278 278 278 278 278 278 278 278 278 278 279 279 279 279 279 279 279 279 279 279 279 279 279 279 279 279 279 279 279 279 279 279 279 279 279 279 279 280 280 280 280 280 272 272 272 272 272 272 272 272 273 273 273 273 273 273 273 273 273 273 273 273 273 273 273 273 273 273 273 273 273 273 273 273 273 273 273 273 273 273 273 274 274 274 274 274 274 274 274 274 274 274 274 274 274 274 274 274 274 274 274 274 274 274 274 274 274 274 274 274 274 274 274 274 274 274 275 275 275 275 275 275 275 275 275 275 275 275 275 275 275 275 275 275 275 275 275 275 275 275 275 276 276 276 276 276 276 276 276 276 276 276 276 276 276 276 276 276 276 276 276 276 276 276 276 276 276 276 276 277 277 277 277 277 277 277 277 277 277 277 277 277 277 277 277 277 277 277 277 277 277 277 278 278 278 278 278 278 278 278 278 278 278 278 278 278 278 278 278 278 278 278 278 279 279 279 279 279 279 279 279 279 279 279 279 279 279 279 279 279 279 279 279 279 279 279 279 279 279 280 280 280 280 272 272 272 272 272 272 272 272 272 272 272 272 272 272 272 272 273 273 273 273 273 273 273 273 273 273 273 273 273 273 273 273 273 273 273 273 273 273 273 273 273 273 273 273 273 273 273 273 274 274 274 274 274 274 274 274 274 274 274 274 274 274 274 274 274 274 274 274 274 274 274 274 274 274 274 274 274 274 274 274 274 274 274 275 275 275 275 275 275 275 275 275 275 275 275 275 275 275 275 275 275 275 275 275 275 275 275 275 276 276 276 276 276 276 276 276 276 276 276 276 276 276 276 276 276 276 276 276 276 276 276 276 276 276 276 277 277 277 277 277 277 277 277 277 277 277 277 277 277 277 277 277 277 277 277 277 277 277 278 278 278 278 278 278 278 278 278 278 278 278 278 278 278 278 278 278 278 278 278 279 279 279 279 279 279 279 279 279 279 279 279 279 279 279 279 279 279 279 279 279 279 279 279 279 279 279 280 280 280 272 272 272 272 272 272 272 272 272 272 272 272 272 272 272 272 272 272 272 272 272 273 273 273 273 273 273 273 273 273 273 273 273 273 273 273 273 273 273 273 273 273 273 273 273 273 273 273 273 273 273 273 273 273 274 274 274 274 274 274 274 274 274 274 274 274 274 274 274 274 274 274 274 274 274 274 274 274 274 274 274 274 274 274 274 274 274 274 274 275 275 275 275 275 275 275 275 275 275 275 275 275 275 275 275 275 275 275 275 275 275 275 275 275 276 276 276 276 276 276 276 276 276 276 276 276 276 276 276 276 276 276 276 276 276 276 276 276 276 276 276 277 277 277 277 277 277 277 277 277 277 277 277 277 277 277 277 277 277 277 277 277 277 277 278 278 278 278 278 278 278 278 278 278 278 278 278 278 278 278 278 278 278 278 279 279 279 279 279 279 279 279 279 279 279 279 279 279 279 279 279 279 279 279 279 279 279 279 279 279 279 280 280 280 280 280 280 280 280 280 280 272 272 272 272 272 272 272 272 272 272 272 272 272 272 272 272 272 272 272 272 272 273 273 273 273 273 273 273 273 273 273 273 273 273 273 273 273 273 273 273 273 273 273 273 273 273 273 273 273 273 273 273 273 273 273 274 274 274 274 274 274 274 274 274 274 274 274 274 274 274 274 274 274 274 274 274 274 274 274 274 274 274 274 274 274 274 274 274 274 274 275 275 275 275 275 275 275 275 275 275 275 275 275 275 275 275 275 275 275 275 275 275 275 275 276 276 276 276 276 276 276 276 276 276 276 276 276 276 276 276 276 276 276 276 276 276 276 276 276 276 276 277 277 277 277 277 277 277 277 277 277 277 277 277 277 277 277 277 277 277 277 277 277 277 278 278 278 278 278 278 278 278 278 278 278 278 278 278 278 278 278 278 278 278 278 279 279 279 279 279 279 279 279 279 279 279 279 279 279 279 279 279 279 279 279 279 279 279 279 279 279 280 280 280 280 280 280 280 280 280 280 281 281 272 272 272 272 272 272 272 272 272 272 272 272 272 272 272 272 272 272 272 272 272 273 273 273 273 273 273 273 273 273 273 273 273 273 273 273 273 273 273 273 273 273 273 273 273 273 273 273 273 273 273 273 273 273 273 273 273 274 274 274 274 274 274 274 274 274 274 274 274 274 274 274 274 274 274 274 274 274 274 274 274 274 274 274 274 274 274 274 274 274 274 275 275 275 275 275 275 275 275 275 275 275 275 275 275 275 275 275 275 275 275 275 275 275 275 276 276 276 276 276 276 276 276 276 276 276 276 276 276 276 276 276 276 276 276 276 276 276 276 276 276 276 277 277 277 277 277 277 277 277 277 277 277 277 277 277 277 277 277 277 277 277 277 277 278 278 278 278 278 278 278 278 278 278 278 278 278 278 278 278 278 278 278 278 278 279 279 279 279 279 279 279 279 279 279 279 279 279 279 279 279 279 279 279 279 279 279 279 279 279 279 280 280 280 280 280 280 280 280 280 280 281 281 282 282 272 272 272 272 272 272 272 272 272 272 272 272 272 272 272 272 272 272 272 272 272 272 273 273 273 273 273 273 273 273 273 273 273 273 273 273 273 273 273 273 273 273 273 273 273 273 273 273 273 273 273 273 273 273 273 273 273 273 273 274 274 274 274 274 274 274 274 274 274 274 274 274 274 274 274 274 274 274 274 274 274 274 274 274 274 274 274 274 274 274 274 274 274 275 275 275 275 275 275 275 275 275 275 275 275 275 275 275 275 275 275 275 275 275 275 275 275 276 276 276 276 276 276 276 276 276 276 276 276 276 276 276 276 276 276 276 276 276 276 276 276 276 276 276 277 277 277 277 277 277 277 277 277 277 277 277 277 277 277 277 277 277 277 277 277 277 278 278 278 278 278 278 278 278 278 278 278 278 278 278 278 278 278 278 278 278 278 279 279 279 279 279 279 279 279 279 279 279 279 279 279 279 279 279 279 279 279 279 279 279 279 279 279 280 280 280 280 280 280 280 280 280 281 281 281 282 282 272 272 272 272 272 272 272 272 272 272 272 272 272 272 272 272 272 272 272 272 272 272 273 273 273 273 273 273 273 273 273 273 273 273 273 273 273 273 273 273 273 273 273 273 273 273 273 273 273 273 273 273 273 273 273 273 273 273 273 274 274 274 274 274 274 274 274 274 274 274 274 274 274 274 274 274 274 274 274 274 274 274 274 274 274 274 274 274 274 274 274 274 274 275 275 275 275 275 275 275 275 275 275 275 275 275 275 275 275 275 275 275 275 275 275 275 275 276 276 276 276 276 276 276 276 276 276 276 276 276 276 276 276 276 276 276 276 276 276 276 276 276 276 277 277 277 277 277 277 277 277 277 277 277 277 277 277 277 277 277 277 277 277 277 277 278 278 278 278 278 278 278 278 278 278 278 278 278 278 278 278 278 278 278 278 278 279 279 279 279 279 279 279 279 279 279 279 279 279 279 279 279 279 279 279 279 279 279 279 279 279 279 280 280 280 280 280 280 280 280 280 281 281 281 282 282 282 272 272 272 272 272 272 272 272 272 272 272 272 272 272 272 272 272 272 272 272 272 273 273 273 273 273 273 273 273 273 273 273 273 273 273 273 273 273 273 273 273 273 273 273 273 273 273 273 273 273 273 273 273 273 273 273 273 273 273 273 274 274 274 274 274 274 274 274 274 274 274 274 274 274 274 274 274 274 274 274 274 274 274 274 274 274 274 274 274 274 274 274 274 275 275 275 275 275 275 275 275 275 275 275 275 275 275 275 275 275 275 275 275 275 275 275 275 276 276 276 276 276 276 276 276 276 276 276 276 276 276 276 276 276 276 276 276 276 276 276 276 276 277 277 277 277 277 277 277 277 277 277 277 277 277 277 277 277 277 277 277 277 277 277 277 278 278 278 278 278 278 278 278 278 278 278 278 278 278 278 278 278 278 278 278 278 279 279 279 279 279 279 279 279 279 279 279 279 279 279 279 279 279 279 279 279 279 279 279 279 279 279 280 280 280 280 280 280 280 280 281 281 281 281 282 272 272 272 272 272 272 272 272 272 272 272 272 272 272 272 272 272 272 272 272 272 273 273 273 273 273 273 273 273 273 273 273 273 273 273 273 273 273 273 273 273 273 273 273 273 273 273 273 273 273 273 273 273 273 273 273 273 273 273 274 274 274 274 274 274 274 274 274 274 274 274 274 274 274 274 274 274 274 274 274 274 274 274 274 274 274 274 274 274 274 274 274 275 275 275 275 275 275 275 275 275 275 275 275 275 275 275 275 275 275 275 275 275 275 275 275 276 276 276 276 276 276 276 276 276 276 276 276 276 276 276 276 276 276 276 276 276 276 276 276 276 277 277 277 277 277 277 277 277 277 277 277 277 277 277 277 277 277 277 277 277 277 277 278 278 278 278 278 278 278 278 278 278 278 278 278 278 278 278 278 278 278 278 278 279 279 279 279 279 279 279 279 279 279 279 279 279 279 279 279 279 279 279 279 279 279 279 279 279 279 280 280 280 280 280 280 280 280 281 281 281 281 272 272 272 272 272 272 272 272 272 272 272 272 272 272 272 272 272 272 272 272 272 272 273 273 273 273 273 273 273 273 273 273 273 273 273 273 273 273 273 273 273 273 273 273 273 273 273 273 273 273 273 273 273 273 273 273 273 273 273 273 274 274 274 274 274 274 274 274 274 274 274 274 274 274 274 274 274 274 274 274 274 274 274 274 274 274 274 274 274 274 274 274 275 275 275 275 275 275 275 275 275 275 275 275 275 275 275 275 275 275 275 275 275 275 275 276 276 275 276 276 276 276 276 276 276 276 276 276 276 276 276 276 276 276 276 276 276 276 276 276 277 277 277 277 277 277 277 277 277 277 277 277 277 277 277 277 277 277 277 277 277 277 277 278 278 278 278 278 278 278 278 278 278 278 278 278 278 278 278 278 278 278 278 279 279 279 279 279 279 279 279 279 279 279 279 279 279 279 279 279 279 279 279 279 279 279 279 279 279 279 280 280 280 280 280 280 280 281 281 281 281 282 282 282 272 272 272 272 272 272 272 272 272 272 272 272 272 272 272 272 272 272 272 272 272 272 272 272 272 272 273 273 273 273 273 273 273 273 273 273 273 273 273 273 273 273 273 273 273 273 273 273 273 273 273 273 273 273 273 273 273 273 273 273 273 274 274 274 274 274 274 274 274 274 274 274 274 274 274 274 274 274 274 274 274 274 274 274 274 274 275 275 275 275 275 275 275 275 275 275 275 275 275 275 275 275 275 275 275 275 275 275 275 275 275 275 275 275 275 276 275 275 276 276 276 276 276 276 276 276 276 276 276 276 276 276 276 276 276 276 276 276 276 276 276 276 277 277 277 277 277 277 277 277 277 277 277 277 277 277 277 277 277 277 277 277 277 278 278 278 278 278 278 278 278 278 278 278 278 278 278 278 278 278 278 278 278 278 278 279 279 279 279 279 279 279 279 279 279 279 279 279 279 279 279 279 279 279 279 279 279 279 279 279 279 279 279 280 280 280 280 280 280 280 280 280 280 280 280 280 280 272 272 272 272 272 272 272 272 272 272 272 272 272 272 272 272 272 272 272 272 272 272 272 272 272 272 272 272 272 273 273 273 273 273 273 273 273 273 273 273 273 273 273 273 273 273 273 273 273 273 273 273 273 273 273 273 273 273 273 273 273 273 273 274 274 274 274 274 274 274 274 274 274 274 274 274 274 274 274 274 274 274 274 274 274 274 274 274 275 275 275 275 275 275 275 275 275 275 275 275 275 275 275 275 275 275 275 275 275 275 275 275 275 275 275 275 276 275 275 276 276 276 276 276 276 276 276 276 276 276 276 276 276 276 276 276 276 276 276 276 276 276 276 277 277 277 277 277 277 277 277 277 277 277 277 277 277 277 277 277 277 277 277 277 278 278 278 278 278 278 278 278 278 278 278 278 278 278 278 278 278 278 278 278 278 278 279 279 279 279 279 279 279 279 279 279 279 279 279 279 279 279 279 279 279 279 279 279 279 279 279 279 279 279 280 280 280 280 280 280 280 280 280 280 280 280 280 280 271 271 271 271 271 272 272 272 272 272 272 272 272 272 272 272 272 272 272 272 272 272 272 272 272 272 272 272 272 272 272 272 272 272 272 273 273 273 273 273 273 273 273 273 273 273 273 273 273 273 273 273 273 273 273 273 273 273 273 273 273 273 273 273 273 273 273 273 273 273 274 274 274 274 274 274 274 274 274 274 274 274 274 274 274 274 274 274 274 274 274 274 274 274 274 275 275 275 275 275 275 275 275 275 275 275 275 275 275 275 275 275 275 275 275 275 275 275 275 275 275 275 275 275 275 275 276 276 276 276 276 276 276 276 276 276 276 276 276 276 276 276 276 276 276 276 276 276 276 277 277 277 277 277 277 277 277 277 277 277 277 277 277 277 277 277 277 277 277 277 278 278 278 278 278 278 278 278 278 278 278 278 278 278 278 278 278 278 278 278 278 278 278 279 279 279 279 279 279 279 279 279 279 279 279 279 279 279 279 279 279 279 279 279 279 279 279 279 279 279 279 280 280 280 280 280 280 280 280 280 280 280 280 280 280 271 271 271 271 271 271 271 271 272 272 272 272 272 272 272 272 272 272 272 272 272 272 272 272 272 272 272 272 272 272 272 272 272 272 272 272 272 272 273 273 273 273 273 273 273 273 273 273 273 273 273 273 273 273 273 273 273 273 273 273 273 273 273 273 273 273 273 273 273 273 273 273 273 274 274 274 274 274 274 274 274 274 274 274 274 274 274 274 274 274 274 274 274 274 274 274 274 275 275 275 275 275 275 275 275 275 275 275 275 275 275 275 275 275 275 275 275 275 275 275 275 275 275 275 275 275 275 276 276 276 276 276 276 276 276 276 276 276 276 276 276 276 276 276 276 276 276 276 276 276 276 276 277 277 277 277 277 277 277 277 277 277 277 277 277 277 277 277 277 277 277 277 278 278 278 278 278 278 278 278 278 278 278 278 278 278 278 278 278 278 278 278 278 278 279 279 279 279 279 279 279 279 279 279 279 279 279 279 279 279 279 279 279 279 279 279 279 279 279 279 279 279 280 280 280 280 280 280 280 280 280 280 280 280 280 280 271 271 271 271 271 271 271 271 272 272 272 272 272 272 272 272 272 272 272 272 272 272 272 272 272 272 272 272 272 272 272 272 272 272 272 272 272 272 272 273 273 273 273 273 273 273 273 273 273 273 273 273 273 273 273 273 273 273 273 273 273 273 273 273 273 273 273 273 273 273 273 273 273 273 274 274 274 274 274 274 274 274 274 274 274 274 274 274 274 274 274 274 274 274 274 274 274 274 275 275 275 275 275 275 275 275 275 275 275 275 275 275 275 275 275 275 275 275 275 275 275 275 275 275 275 275 275 275 276 276 276 276 276 276 276 276 276 276 276 276 276 276 276 276 276 276 276 276 276 276 276 276 277 277 277 277 277 277 277 277 277 277 277 277 277 277 277 277 277 277 277 277 278 278 278 278 278 278 278 278 278 278 278 278 278 278 278 278 278 278 278 278 278 278 279 279 279 279 279 279 279 279 279 279 279 279 279 279 279 279 279 279 279 279 279 279 279 279 279 279 279 279 279 280 280 280 280 280 280 280 280 280 280 280 280 280 280 280 271 271 271 271 271 271 271 271 271 271 272 272 272 272 272 272 272 272 272 272 272 272 272 272 272 272 272 272 272 272 272 272 272 272 272 272 272 272 272 272 273 273 273 273 273 273 273 273 273 273 273 273 273 273 273 273 273 273 273 273 273 273 273 273 273 273 273 273 273 273 273 273 273 274 274 274 274 274 274 274 274 274 274 274 274 274 274 274 274 274 274 274 274 274 274 274 274 275 275 275 275 275 275 275 275 275 275 275 275 275 275 275 275 275 275 275 275 275 275 275 275 275 275 275 275 275 275 276 276 276 276 276 276 276 276 276 276 276 276 276 276 276 276 276 276 276 276 276 276 276 276 277 277 277 277 277 277 277 277 277 277 277 277 277 277 277 277 277 277 277 277 277 277 278 278 278 278 278 278 278 278 278 278 278 278 278 278 278 278 278 278 278 278 278 279 279 279 279 279 279 279 279 279 279 279 279 279 279 279 279 279 279 279 279 279 279 279 279 279 279 279 279 280 280 280 280 280 280 280 280 280 280 280 280 280 280 280 280 271 271 271 271 271 271 271 271 271 271 272 272 272 272 272 272 272 272 272 272 272 272 272 272 272 272 272 272 272 272 272 272 272 272 272 272 272 272 272 273 273 273 273 273 273 273 273 273 273 273 273 273 273 273 273 273 273 273 273 273 273 273 273 273 273 273 273 273 273 273 273 274 274 274 274 274 274 274 274 274 274 274 274 274 274 274 274 274 274 274 274 274 274 274 274 274 275 275 275 275 275 275 275 275 275 275 275 275 275 275 275 275 275 275 275 275 275 275 275 275 275 275 275 275 275 275 276 276 276 276 276 276 276 276 276 276 276 276 276 276 276 276 276 276 276 276 276 276 277 277 277 277 277 277 277 277 277 277 277 277 277 277 277 277 277 277 277 277 277 277 277 278 278 278 278 278 278 278 278 278 278 278 278 278 278 278 278 278 278 278 278 278 279 279 279 279 279 279 279 279 279 279 279 279 279 279 279 279 279 279 279 279 279 279 279 279 279 279 279 279 279 279 280 280 280 280 280 280 280 280 280 280 280 280 280 280 280 280 271 271 271 271 271 271 271 271 271 272 272 272 272 272 272 272 272 272 272 272 272 272 272 272 272 272 272 272 272 272 272 272 272 272 272 272 272 272 273 273 273 273 273 273 273 273 273 273 273 273 273 273 273 273 273 273 273 273 273 273 273 273 273 273 273 273 273 273 273 274 274 274 274 274 274 274 274 274 274 274 274 274 274 274 274 274 274 274 274 274 274 274 274 274 274 275 275 275 275 275 275 275 275 275 275 275 275 275 275 275 275 275 275 275 275 275 275 275 275 275 275 275 275 275 276 276 276 276 276 276 276 276 276 276 276 276 276 276 276 276 276 276 276 276 276 276 276 277 277 277 277 277 277 277 277 277 277 277 277 277 277 277 277 277 277 277 277 277 277 278 278 278 278 278 278 278 278 278 278 278 278 278 278 278 278 278 278 278 278 278 279 279 279 279 279 279 279 279 279 279 279 279 279 279 279 279 279 279 279 279 279 279 279 279 279 279 279 279 279 279 280 280 280 280 280 280 280 280 280 280 280 280 280 280 280 280 280 271 271 271 271 271 271 271 271 271 271 271 271 272 272 272 272 272 272 272 272 272 272 272 272 272 272 272 272 272 272 272 272 272 272 272 272 272 272 272 273 273 273 273 273 273 273 273 273 273 273 273 273 273 273 273 273 273 273 273 273 273 273 273 273 273 273 273 273 274 274 274 274 274 274 274 274 274 274 274 274 274 274 274 274 274 274 274 274 274 274 274 274 274 274 274 275 275 275 275 275 275 275 275 275 275 275 275 275 275 275 275 275 275 275 275 275 275 275 275 275 275 275 275 275 276 276 276 276 276 276 276 276 276 276 276 276 276 276 276 276 276 276 276 276 276 276 276 277 277 277 277 277 277 277 277 277 277 277 277 277 277 277 277 277 277 277 277 277 278 278 278 278 278 278 278 278 278 278 278 278 278 278 278 278 278 278 278 278 278 278 279 279 279 279 279 279 279 279 279 279 279 279 279 279 279 279 279 279 279 279 279 279 279 279 279 279 279 279 279 279 280 280 280 280 280 280 280 280 280 280 280 280 280 280 280 280 280 271 271 271 272 272 272 272 272 272 272 272 272 272 272 272 272 272 272 272 272 272 272 272 272 272 272 272 272 272 272 272 272 273 273 273 273 273 273 273 273 273 273 273 273 273 273 273 273 273 273 273 273 273 273 273 273 273 273 273 274 274 274 274 274 274 274 274 274 274 274 274 274 274 274 274 274 274 274 274 274 274 274 274 274 274 274 274 275 275 275 275 275 275 275 275 275 275 275 275 275 275 275 275 275 275 275 275 275 275 275 275 275 275 275 275 276 276 276 276 276 276 276 276 276 276 276 276 276 276 276 276 276 276 276 276 276 276 276 277 277 277 277 277 277 277 277 277 277 277 277 277 277 277 277 277 277 277 277 277 278 278 278 278 278 278 278 278 278 278 278 278 278 278 278 278 278 278 278 278 278 278 279 279 279 279 279 279 279 279 279 279 279 279 279 279 279 279 279 279 279 279 279 279 279 279 279 279 279 279 279 279 279 280 280 280 280 280 280 280 280 280 280 280 280 280 280 280 280 280 280 271 271 272 272 272 272 272 272 272 272 272 272 272 272 272 272 272 272 272 272 272 272 272 272 272 272 272 272 272 272 272 272 273 273 273 273 273 273 273 273 273 273 273 273 273 273 273 273 273 273 273 273 273 273 273 273 273 273 274 274 274 274 274 274 274 274 274 274 274 274 274 274 274 274 274 274 274 274 274 274 274 274 274 274 274 274 275 275 275 275 275 275 275 275 275 275 275 275 275 275 275 275 275 275 275 275 275 275 275 275 275 275 275 275 275 276 276 276 276 276 276 276 276 276 276 276 276 276 276 276 276 276 276 276 276 276 276 277 277 277 277 277 277 277 277 277 277 277 277 277 277 277 277 277 277 277 277 277 278 278 278 278 278 278 278 278 278 278 278 278 278 278 278 278 278 278 278 278 278 278 278 279 279 279 279 279 279 279 279 279 279 279 279 279 279 279 279 279 279 279 279 279 279 279 279 279 279 279 279 279 279 280 280 280 280 280 280 280 280 280 280 280 280 280 280 280 280 280 280 280 280 280 271 271 271 271 272 272 272 272 272 272 272 272 272 272 272 272 272 272 272 272 272 272 272 272 272 272 272 272 272 272 272 272 272 272 273 273 273 273 273 273 273 273 273 273 273 273 273 273 273 273 273 273 273 273 273 273 273 273 274 274 274 274 274 274 274 274 274 274 274 274 274 274 274 274 274 274 274 274 274 274 274 274 274 274 274 274 274 275 274 275 275 275 275 275 275 275 275 275 275 275 275 275 275 275 275 275 275 275 275 275 275 275 275 275 275 276 276 276 276 276 276 276 276 276 276 276 276 276 276 276 276 276 276 276 276 276 276 276 277 277 277 277 277 277 277 277 277 277 277 277 277 277 277 277 277 277 277 277 278 278 278 278 278 278 278 278 278 278 278 278 278 278 278 278 278 278 278 278 278 278 278 278 278 279 279 279 279 279 279 279 279 279 279 279 279 279 279 279 279 279 279 279 279 279 279 279 279 279 279 279 279 279 280 280 280 280 280 280 280 280 280 280 280 280 280 280 280 280 280 280 280 280 280 280 280 281 281 281 271 271 271 271 271 271 272 272 272 272 272 272 272 272 272 272 272 272 272 272 272 272 272 272 272 272 272 272 272 272 272 272 272 272 272 273 273 273 273 273 273 273 273 273 273 273 273 273 273 273 273 273 273 273 273 273 273 273 274 274 274 274 274 274 274 274 274 274 274 274 274 274 274 274 274 274 274 274 274 274 274 274 274 274 274 274 274 274 274 274 275 275 275 275 275 275 275 275 275 275 275 275 275 275 275 275 275 275 275 275 275 275 275 275 275 275 276 276 276 276 276 276 276 276 276 276 276 276 276 276 276 276 276 276 276 276 276 276 277 277 277 277 277 277 277 277 277 277 277 277 277 277 277 277 277 277 277 277 277 278 278 278 278 278 278 278 278 278 278 278 278 278 278 278 278 278 278 278 278 278 278 278 278 279 279 279 279 279 279 279 279 279 279 279 279 279 279 279 279 279 279 279 279 279 279 279 279 279 279 279 279 279 279 280 280 280 280 280 280 280 280 280 280 280 280 280 280 280 280 280 280 280 280 280 280 280 280 280 281 281 281 281 271 271 271 271 271 271 271 271 272 272 272 272 272 272 272 272 272 272 272 272 272 272 272 272 272 272 272 272 272 272 272 272 272 272 272 272 272 273 273 273 273 273 273 273 273 273 273 273 273 273 273 273 273 273 273 273 273 273 274 274 274 274 274 274 274 274 274 274 274 274 274 274 274 274 274 274 274 274 274 274 274 274 274 274 274 274 274 274 274 274 274 275 275 275 275 275 275 275 275 275 275 275 275 275 275 275 275 275 275 275 275 275 275 275 275 275 276 276 276 276 276 276 276 276 276 276 276 276 276 276 276 276 276 276 276 276 276 276 276 277 277 277 277 277 277 277 277 277 277 277 277 277 277 277 277 277 277 277 277 278 278 278 278 278 278 278 278 278 278 278 278 278 278 278 278 278 278 278 278 278 278 278 278 278 279 279 279 279 279 279 279 279 279 279 279 279 279 279 279 279 279 279 279 279 279 279 279 279 279 279 279 279 279 280 280 280 280 280 280 280 280 280 280 280 280 280 280 280 280 280 280 280 280 280 280 280 280 280 280 280 280 280 281 281 281 281 271 271 271 271 271 271 271 272 272 272 272 272 272 272 272 272 272 272 272 272 272 272 272 272 272 272 272 272 272 272 272 272 272 272 272 272 272 273 273 273 273 273 273 273 273 273 273 273 273 273 273 273 273 273 273 273 273 274 274 274 274 274 274 274 274 274 274 274 274 274 274 274 274 274 274 274 274 274 274 274 274 274 274 274 274 274 274 274 274 274 275 275 275 275 275 275 275 275 275 275 275 275 275 275 275 275 275 275 275 275 275 275 275 275 275 275 276 276 276 276 276 276 276 276 276 276 276 276 276 276 276 276 276 276 276 276 276 276 276 277 277 277 277 277 277 277 277 277 277 277 277 277 277 277 277 277 277 277 277 278 278 278 278 278 278 278 278 278 278 278 278 278 278 278 278 278 278 278 278 278 278 278 278 278 278 279 279 279 279 279 279 279 279 279 279 279 279 279 279 279 279 279 279 279 279 279 279 279 279 279 279 279 279 280 280 280 280 280 280 280 280 280 280 280 280 280 280 280 280 280 280 280 280 280 280 280 280 280 280 280 280 280 280 280 280 280 281 281 281 281 271 271 271 271 271 272 272 272 272 272 272 272 272 272 272 272 272 272 272 272 272 272 272 272 272 272 272 272 272 272 272 272 272 272 272 272 272 273 273 273 273 273 273 273 273 273 273 273 273 273 273 273 273 273 273 274 274 274 274 274 274 274 274 274 274 274 274 274 274 274 274 274 274 274 274 274 274 274 274 274 274 274 274 274 274 274 274 274 275 275 275 275 275 275 275 275 275 275 275 275 275 275 275 275 275 275 275 275 275 275 275 275 275 275 276 276 276 276 276 276 276 276 276 276 276 276 276 276 276 276 276 276 276 276 276 276 276 276 277 277 277 277 277 277 277 277 277 277 277 277 277 277 277 277 277 277 277 277 278 278 278 278 278 278 278 278 278 278 278 278 278 278 278 278 278 278 278 278 278 278 278 278 279 279 279 279 279 279 279 279 279 279 279 279 279 279 279 279 279 279 279 279 279 279 279 279 279 279 279 279 279 279 280 280 280 280 280 280 280 280 280 280 280 280 280 280 280 280 280 280 280 280 280 280 280 280 280 280 280 280 280 280 280 280 281 281 281 281 271 271 271 271 271 272 272 272 272 272 272 272 272 272 272 272 272 272 272 272 272 272 272 272 272 272 272 272 272 272 272 272 272 272 272 273 273 273 273 273 273 273 273 273 273 273 273 273 273 273 273 273 273 274 274 274 274 274 274 274 274 274 274 274 274 274 274 274 274 274 274 274 274 274 274 274 274 274 274 274 274 274 274 274 274 274 275 275 275 275 275 275 275 275 275 275 275 275 275 275 275 275 275 275 275 275 275 275 275 275 275 275 276 276 276 276 276 276 276 276 276 276 276 276 276 276 276 276 276 276 276 276 276 276 276 276 277 277 277 277 277 277 277 277 277 277 277 277 277 277 277 277 277 277 277 278 278 278 278 278 278 278 278 278 278 278 278 278 278 278 278 278 278 278 278 278 278 278 278 279 279 279 279 279 279 279 279 279 279 279 279 279 279 279 279 279 279 279 279 279 279 279 279 279 279 279 279 279 279 280 280 280 280 280 280 280 280 280 280 280 280 280 280 280 280 280 280 280 280 280 280 280 280 280 280 280 280 280 280 280 280 280 281 281 281 281 271 271 271 271 272 272 272 272 272 272 272 272 272 272 272 272 272 272 272 272 272 272 272 272 272 272 272 272 272 272 272 272 272 273 273 273 273 273 273 273 273 273 273 273 273 273 273 273 273 273 273 274 274 274 274 274 274 274 274 274 274 274 274 274 274 274 274 274 274 274 274 274 274 274 274 274 274 274 274 274 274 274 274 275 275 275 275 275 275 275 275 275 275 275 275 275 275 275 275 275 275 275 275 275 275 275 275 275 275 276 276 276 276 276 276 276 276 276 276 276 276 276 276 276 276 276 276 276 276 276 276 276 276 276 277 277 277 277 277 277 277 277 277 277 277 277 277 277 277 277 277 277 278 278 278 278 278 278 278 278 278 278 278 278 278 278 278 278 278 278 278 278 278 278 278 278 279 279 279 279 279 279 279 279 279 279 279 279 279 279 279 279 279 279 279 279 279 279 279 279 279 279 279 279 279 279 279 280 280 280 280 280 280 280 280 280 280 280 280 280 280 280 280 280 280 280 280 280 280 280 280 280 280 280 280 280 280 280 280 280 281 281 281 281 271 271 271 272 272 272 272 272 272 272 272 272 272 272 272 272 272 272 272 272 272 272 272 272 272 272 272 272 272 272 272 272 273 273 273 273 273 273 273 273 273 273 273 273 273 273 273 273 273 274 274 274 274 274 274 274 274 274 274 274 274 274 274 274 274 274 274 274 274 274 274 274 274 274 274 274 274 274 274 274 274 274 275 275 275 275 275 275 275 275 275 275 275 275 275 275 275 275 275 275 275 275 275 275 275 275 275 276 276 276 276 276 276 276 276 276 276 276 276 276 276 276 276 276 276 276 276 276 276 276 276 276 277 277 277 277 277 277 277 277 277 277 277 277 277 277 277 277 277 278 278 278 278 278 278 278 278 278 278 278 278 278 278 278 278 278 278 278 278 278 278 278 279 279 279 279 279 279 279 279 279 279 279 279 279 279 279 279 279 279 279 279 279 279 279 279 279 279 279 279 279 279 279 279 279 280 280 280 280 280 280 280 280 280 280 280 280 280 280 280 280 280 280 280 280 280 280 280 280 280 280 280 280 280 280 280 280 280 281 281 281 271 271 271 271 272 272 272 272 272 272 272 272 272 272 272 272 272 272 272 272 272 272 272 272 272 272 272 272 272 272 272 272 272 272 273 273 273 273 273 273 273 273 273 273 273 273 273 274 274 274 274 274 274 274 274 274 274 274 274 274 274 274 274 274 274 274 274 274 274 274 274 274 274 274 274 274 274 274 274 274 274 275 275 275 275 275 275 275 275 275 275 275 275 275 275 275 275 275 275 275 275 275 275 275 276 276 276 276 276 276 276 276 276 276 276 276 276 276 276 276 276 276 276 276 276 276 276 276 276 276 277 277 277 277 277 277 277 277 277 277 277 277 277 277 277 277 278 278 278 278 278 278 278 278 278 278 278 278 278 278 278 278 278 278 278 278 278 278 278 278 279 279 279 279 279 279 279 279 279 279 279 279 279 279 279 279 279 279 279 279 279 279 279 279 279 279 279 279 279 279 279 279 279 280 280 280 280 280 280 280 280 280 280 280 280 280 280 280 280 280 280 280 280 280 280 280 280 280 280 280 280 280 280 280 280 280 280 281 281 271 271 271 271 272 272 272 272 272 272 272 272 272 272 272 272 272 272 272 272 272 272 272 272 272 272 272 272 272 272 272 272 272 273 273 273 273 273 273 273 273 273 273 273 273 274 274 274 274 274 274 274 274 274 274 274 274 274 274 274 274 274 274 274 274 274 274 274 274 274 274 274 274 274 274 274 274 274 275 275 275 275 275 275 275 275 275 275 275 275 275 275 275 275 275 275 275 275 275 275 275 275 276 276 276 276 276 276 276 276 276 276 276 276 276 276 276 276 276 276 276 277 277 277 276 276 276 276 277 277 277 277 277 277 277 277 277 277 277 277 277 277 277 278 278 278 278 278 278 278 278 278 278 278 278 278 278 278 278 278 278 278 278 278 278 278 278 279 279 279 279 279 279 279 279 279 279 279 279 279 279 279 279 279 279 279 279 279 279 279 279 279 279 279 279 279 279 279 279 279 280 280 280 280 280 280 280 280 280 280 280 280 280 280 280 280 280 280 280 280 280 280 280 280 280 280 280 280 280 280 280 280 280 280 281 281 281 281 281 271 271 271 271 271 272 272 272 272 272 272 272 272 272 272 272 272 272 272 272 272 272 272 272 272 272 272 272 272 272 272 273 273 273 273 273 273 273 273 273 273 273 273 273 274 273 274 274 274 274 274 274 274 274 274 274 274 274 274 274 274 274 274 274 274 274 274 274 274 274 274 274 274 274 274 274 275 275 275 275 275 275 275 275 275 275 275 275 275 275 275 275 275 275 275 275 275 275 276 276 276 276 276 276 276 276 276 276 276 276 276 276 276 276 276 276 276 276 276 277 276 276 276 276 277 277 277 277 277 277 277 277 277 277 277 277 277 277 277 277 278 278 278 278 278 278 278 278 278 278 278 278 278 278 278 278 278 278 278 278 278 278 278 278 279 279 279 279 279 279 279 279 279 279 279 279 279 279 279 279 279 279 279 279 279 279 279 279 279 279 279 279 279 279 279 279 279 280 280 280 280 280 280 280 280 280 280 280 280 280 280 280 280 280 280 280 280 280 280 280 280 280 280 280 280 280 280 280 280 280 280 280 281 281 281 281 282 282 282 282 282 282 272 272 272 272 272 272 272 272 272 272 272 272 272 272 272 272 272 273 273 273 273 273 273 273 273 273 273 273 273 273 273 273 274 274 274 274 274 274 274 274 274 274 274 274 274 274 274 274 274 274 274 274 274 274 274 274 274 274 274 274 275 275 275 275 275 275 275 275 275 275 275 275 275 275 275 275 275 275 275 275 275 275 276 276 276 276 276 276 276 276 276 276 276 276 276 276 276 276 276 276 276 276 276 276 276 276 276 277 277 277 277 277 277 277 277 277 277 277 277 277 277 277 277 277 278 278 278 278 278 278 278 278 278 278 278 278 278 278 278 278 278 278 278 278 278 278 278 278 279 279 279 279 279 279 279 279 279 279 279 279 279 279 279 279 279 279 279 279 279 279 279 279 279 279 279 279 279 279 279 279 279 280 280 280 280 280 280 280 280 280 280 280 280 280 280 280 280 280 280 280 280 280 280 280 280 280 280 280 280 280 280 280 280 280 280 280 280 280 281 282 282 282 282 282 282 282 282 282 282 282 282 272 272 272 272 272 272 272 272 272 272 272 272 272 272 272 272 272 272 272 273 273 273 273 273 273 273 273 273 273 273 273 273 273 273 274 274 274 274 274 274 274 274 274 274 274 274 274 274 274 274 274 274 274 274 274 274 274 274 274 274 274 275 275 275 275 275 275 275 275 275 275 275 275 275 275 275 275 275 275 275 275 275 276 276 276 276 276 276 276 276 276 276 276 276 276 276 276 276 276 276 276 276 276 276 276 276 276 276 277 277 277 277 277 277 277 277 277 277 277 277 277 277 277 277 278 278 278 278 278 278 278 278 278 278 278 278 278 278 278 278 278 278 278 278 278 278 278 278 278 279 279 279 279 279 279 279 279 279 279 279 279 279 279 279 279 279 279 279 279 279 279 279 279 279 279 279 279 279 279 279 279 279 280 280 280 280 280 280 280 280 280 280 280 280 280 280 280 280 280 280 280 280 280 280 280 280 280 280 280 280 280 280 280 280 280 280 280 281 281 282 282 282 282 282 282 282 282 282 282 282 282 282 282 282 282 282 272 272 272 272 272 272 272 272 272 272 272 272 272 272 272 272 272 272 273 273 273 273 273 273 273 273 273 273 273 273 273 273 273 273 273 273 273 273 273 273 273 273 273 273 274 274 274 274 274 274 274 274 274 274 274 274 274 274 274 274 274 275 275 275 275 275 275 275 275 275 275 275 275 275 275 275 275 275 275 275 275 276 276 276 276 276 276 276 276 276 276 276 276 276 276 276 276 276 276 276 276 276 276 276 276 276 276 277 277 277 277 277 277 277 277 277 277 277 277 277 277 277 277 278 278 278 278 278 278 278 278 278 278 278 278 278 278 278 278 278 278 278 278 278 278 278 278 278 278 278 278 279 279 279 279 279 279 279 279 279 279 279 279 279 279 279 279 279 279 279 279 279 279 279 279 279 279 279 279 279 279 280 280 280 280 280 280 280 280 280 280 280 280 280 280 280 280 280 280 280 280 280 280 280 280 280 280 280 280 280 280 280 280 280 280 281 281 281 282 282 282 282 282 282 282 282 282 282 282 282 282 282 282 282 282 282 282 282 282 282 271 271 271 271 272 272 272 272 272 272 272 272 272 272 272 272 272 272 272 272 272 273 273 273 273 273 273 273 273 273 273 273 273 273 273 273 273 273 273 273 273 273 273 273 273 273 273 273 274 274 274 274 274 274 274 274 274 274 274 274 274 274 274 274 274 274 275 275 275 275 275 275 275 275 275 275 275 275 275 275 275 275 275 275 275 275 276 276 276 276 276 276 276 276 276 276 276 276 276 276 276 276 276 276 276 276 276 276 276 277 277 277 277 277 277 277 277 277 277 277 277 277 277 277 277 277 277 277 278 278 278 278 278 278 278 278 278 278 278 278 278 278 278 278 278 278 278 278 278 278 278 278 278 278 279 279 279 279 279 279 279 279 279 279 279 279 279 279 279 279 279 279 279 279 279 279 279 279 279 279 279 279 279 279 279 280 280 280 280 280 280 280 280 280 280 280 280 280 280 280 280 280 280 280 280 280 280 280 280 280 280 280 280 280 280 280 280 280 280 281 281 282 282 282 282 282 282 282 282 282 282 282 282 282 282 282 282 282 282 282 282 282 282 271 271 271 271 271 271 272 272 272 272 272 272 272 272 272 272 272 272 272 272 272 272 272 272 273 273 273 273 273 273 273 273 273 273 273 273 273 273 273 273 273 273 273 273 273 274 273 274 274 273 274 274 274 274 274 274 274 274 274 274 274 274 274 274 274 274 274 274 274 274 275 275 275 275 275 275 275 275 275 275 275 275 275 275 275 275 275 275 275 275 276 276 276 276 276 276 276 276 276 276 276 276 276 276 276 276 276 276 276 276 276 277 277 277 277 277 277 277 277 277 277 277 277 277 277 277 277 277 277 277 277 277 278 278 278 278 278 278 278 278 278 278 278 278 278 278 278 278 278 278 278 278 278 278 278 278 278 279 279 279 279 279 279 279 279 279 279 279 279 279 279 279 279 279 279 279 279 279 279 279 279 279 279 279 279 279 279 279 279 280 280 280 280 280 280 280 280 280 280 280 280 280 280 280 280 280 280 280 280 280 280 280 280 280 280 280 280 280 280 280 280 280 280 281 282 282 282 282 282 282 282 282 282 282 282 282 282 282 282 282 282 282 282 282 282 282 282 282 282 283 271 271 271 271 271 271 271 271 272 272 272 272 272 272 272 272 272 272 272 272 272 272 272 272 272 272 272 272 272 272 273 273 273 273 273 273 273 273 273 273 273 273 274 273 273 273 273 273 273 273 273 274 273 274 274 273 273 274 274 274 274 274 274 274 274 274 274 274 274 274 274 274 274 274 274 274 274 274 275 275 275 275 275 275 275 275 275 275 275 275 275 275 275 275 275 275 275 275 275 275 275 275 275 276 276 276 276 276 276 276 276 276 276 276 276 276 276 277 277 277 277 277 277 277 277 277 277 277 277 277 277 277 277 277 277 277 277 277 277 278 278 278 278 278 278 278 278 278 278 278 278 278 278 278 278 278 278 278 278 278 278 278 278 279 279 279 279 279 279 279 279 279 279 279 279 279 279 279 279 279 279 279 279 279 279 279 279 279 279 279 279 279 279 279 279 279 280 280 280 280 280 280 280 280 280 280 280 280 280 280 280 280 280 280 280 280 280 280 280 280 280 280 280 280 280 280 280 280 280 280 282 282 282 282 282 282 282 282 282 282 282 282 282 282 282 282 282 282 282 282 282 282 282 282 282 282 283 283 271 271 271 271 271 271 271 271 271 272 272 272 272 272 272 272 272 272 272 272 272 272 272 272 272 272 272 272 272 272 273 273 273 273 273 273 273 273 273 274 274 273 273 274 273 273 273 273 273 273 273 274 273 274 274 274 273 274 274 274 274 274 274 274 274 274 274 274 274 274 274 274 274 274 274 274 274 274 274 274 274 274 274 275 275 275 275 275 275 275 275 275 275 275 275 275 275 275 275 275 275 275 275 275 275 276 276 276 276 276 276 276 276 276 276 276 277 277 277 277 277 277 277 277 277 277 277 277 277 277 277 277 277 277 277 277 277 277 277 278 278 278 278 278 278 278 278 278 278 278 278 278 278 278 278 278 278 278 278 278 278 278 278 279 279 279 279 279 279 279 279 279 279 279 279 279 279 279 279 279 279 279 279 279 279 279 279 279 279 279 279 279 279 279 279 279 279 280 280 280 280 280 280 280 280 280 280 280 280 280 280 280 280 280 280 280 280 280 280 280 280 280 280 280 280 280 280 280 280 280 282 282 282 282 282 282 282 282 282 282 282 282 282 282 282 282 282 282 282 282 282 282 282 282 282 282 282 282 282 271 271 271 271 271 271 271 271 271 271 271 271 271 271 271 271 271 272 272 272 272 272 272 272 272 272 272 272 272 272 272 272 272 272 272 272 272 272 272 272 272 272 273 273 273 273 273 273 273 273 273 273 273 273 273 273 273 273 273 273 273 273 274 274 274 274 274 274 274 274 274 274 274 274 274 274 274 274 274 274 274 274 274 274 274 274 274 274 274 274 274 274 274 274 274 274 274 274 275 275 275 275 275 275 275 275 275 275 275 275 275 275 275 275 275 275 275 275 276 276 276 276 276 276 276 276 276 276 277 277 277 277 277 277 277 277 277 277 277 277 277 277 277 277 277 277 277 277 277 277 278 278 278 278 278 278 278 278 278 278 278 278 278 278 278 278 278 278 278 278 278 278 278 278 279 279 279 279 279 279 279 279 279 279 279 279 279 279 279 279 279 279 279 279 279 279 279 279 279 279 279 279 279 279 279 279 279 279 279 280 280 280 280 280 280 280 280 280 280 280 280 280 280 280 280 280 280 280 280 280 280 280 280 280 280 280 280 280 280 280 280 282 282 282 282 282 282 282 282 282 282 282 282 282 282 282 282 282 282 282 282 282 282 282 282 282 282 282 282 282 282 282 283 271 271 271 271 271 271 271 271 271 271 271 271 271 271 271 271 271 271 271 271 271 271 271 271 271 272 272 272 272 272 272 271 271 272 272 272 272 272 272 272 272 272 272 272 272 272 272 272 272 273 273 273 273 273 273 273 273 273 273 273 273 273 274 274 273 274 274 274 274 274 274 274 274 274 274 274 274 274 274 274 274 274 274 275 274 274 274 274 274 274 274 274 274 275 275 275 275 275 274 275 275 275 275 275 275 275 275 275 275 275 275 275 275 275 275 275 275 276 276 276 276 276 276 276 275 275 275 276 276 276 276 276 276 276 276 277 277 277 277 277 277 277 277 277 277 277 277 277 277 277 277 277 277 277 277 277 277 278 278 278 278 278 278 278 278 278 278 278 278 278 278 278 278 278 278 278 278 278 278 278 279 279 279 279 279 279 279 279 279 279 279 279 279 279 279 279 279 279 279 279 279 279 279 279 279 279 279 279 279 279 279 279 279 279 279 279 279 280 280 280 280 280 280 280 280 280 280 280 280 280 280 280 280 280 280 280 280 280 280 280 280 280 280 280 280 280 280 280 282 282 282 282 282 282 282 282 282 282 282 282 282 282 281 281 282 282 282 282 282 282 282 282 282 282 282 282 282 282 282 282 283 271 271 271 271 271 271 271 271 271 271 271 271 271 271 271 271 271 271 271 271 271 271 271 271 271 271 271 271 271 271 271 272 271 271 271 272 272 272 272 272 272 272 272 272 272 272 272 272 272 273 273 273 273 273 273 273 273 273 273 273 273 274 274 274 274 274 274 274 274 274 274 274 274 274 274 274 274 274 274 274 274 274 275 274 275 275 275 274 274 274 274 274 275 275 275 275 275 275 275 274 274 274 275 275 275 275 275 275 275 275 275 275 275 275 275 275 275 275 275 275 275 275 276 276 276 276 276 276 275 276 276 276 276 276 276 276 276 277 277 277 277 277 277 277 277 277 277 277 277 277 277 277 277 277 277 277 277 277 278 278 278 278 278 278 278 278 278 278 278 278 278 278 278 278 278 278 278 278 278 278 278 278 279 279 279 279 279 279 279 279 279 279 279 279 279 279 279 279 279 279 279 279 279 279 279 279 279 279 279 279 279 279 279 279 279 279 279 279 280 280 280 280 280 280 280 280 280 280 280 280 280 280 280 280 280 280 280 280 280 280 280 280 280 280 280 280 280 280 280 282 282 282 282 282 282 282 282 282 282 282 282 281 281 281 281 281 281 281 282 282 282 282 282 282 282 282 282 282 282 282 282 282 270 271 271 271 271 271 271 271 271 271 271 271 271 271 271 271 271 271 271 271 271 271 271 271 271 271 271 271 271 271 271 271 271 271 271 271 272 272 272 272 272 272 272 272 272 272 272 272 272 272 272 273 273 273 273 273 273 273 273 273 273 273 273 273 274 274 274 274 274 274 274 274 274 273 273 273 273 274 274 274 274 274 274 274 274 274 274 274 274 274 274 274 274 274 275 275 275 275 275 275 275 275 275 275 275 275 275 275 275 275 275 275 275 275 275 275 275 275 275 275 275 275 275 275 275 276 276 276 276 276 276 276 276 276 276 276 276 276 276 277 277 277 277 277 277 277 277 277 277 277 277 277 277 277 277 277 277 277 277 277 278 278 278 278 278 278 278 278 278 278 278 278 278 278 278 278 278 278 278 278 278 278 278 278 279 279 279 279 279 279 279 279 279 279 279 279 279 279 279 279 279 279 279 279 279 279 279 279 279 279 279 279 279 279 279 279 279 279 279 279 279 280 280 280 280 280 280 280 280 280 280 280 280 280 280 280 280 280 280 280 280 280 280 280 280 280 280 280 280 280 280 282 282 282 282 282 282 282 282 282 282 281 281 281 282 282 282 282 281 282 282 282 282 282 282 282 282 282 282 282 282 282 282 282 270 270 270 270 270 270 271 271 271 271 271 271 271 271 271 271 271 271 271 271 271 271 271 271 271 271 271 271 271 271 271 271 271 271 271 271 271 271 271 271 272 272 271 271 272 272 272 272 272 272 272 272 272 272 272 272 273 273 273 273 273 273 273 273 273 274 273 273 273 274 273 273 274 273 273 273 274 274 274 273 273 273 273 274 274 274 274 274 274 274 274 274 274 274 274 274 274 274 274 275 275 275 275 275 275 275 275 275 275 275 275 275 275 275 275 275 275 275 275 275 275 275 275 275 275 275 275 275 276 276 276 276 276 276 276 276 276 276 276 276 276 276 276 276 277 277 277 277 277 277 277 277 277 277 277 277 277 277 277 277 277 277 277 277 277 277 278 278 278 278 278 278 278 278 278 278 278 278 278 278 278 278 278 278 278 278 278 278 278 278 279 279 279 279 279 279 279 279 279 279 279 279 279 279 279 279 279 279 279 279 279 279 279 279 279 279 279 279 279 279 279 279 279 279 279 279 279 280 280 280 280 280 280 280 280 280 280 280 280 280 280 280 280 280 280 280 280 280 280 280 280 280 280 280 280 280 282 282 282 282 282 282 282 282 281 281 281 281 282 282 283 282 282 282 282 283 283 282 282 282 282 282 282 282 282 282 282 282 282 270 270 270 270 270 270 270 270 270 270 271 271 271 271 271 271 271 271 271 271 271 271 271 271 271 271 271 271 271 271 271 271 271 271 271 271 271 271 271 271 271 271 271 271 271 271 271 271 271 272 272 272 272 272 272 272 272 272 272 272 273 273 273 273 273 273 273 273 273 273 273 273 273 273 273 273 273 273 273 273 273 273 273 273 273 273 274 274 274 274 274 274 274 274 274 274 274 274 274 274 274 274 274 274 274 275 275 275 275 275 274 275 275 275 275 275 275 275 275 275 275 275 275 275 275 275 275 275 275 275 276 276 276 276 276 276 276 276 276 276 276 276 276 276 276 276 276 276 276 277 277 277 277 277 277 277 277 277 277 277 277 277 277 277 277 277 277 277 277 277 278 278 278 278 278 278 278 278 278 278 278 278 278 278 278 278 278 278 278 278 278 278 278 278 279 279 279 279 279 279 279 279 279 279 279 279 279 279 279 279 279 279 279 279 279 279 279 279 279 279 279 279 279 279 279 279 279 279 279 279 279 279 280 280 280 280 280 280 280 280 280 280 280 280 280 280 280 280 280 280 280 280 280 280 280 280 280 280 280 280 282 282 282 282 282 282 282 281 281 282 282 282 282 282 282 282 282 282 282 283 283 282 282 282 282 282 282 282 282 282 270 270 270 270 270 270 270 270 270 270 270 270 270 271 271 271 271 271 271 271 271 271 271 271 271 271 271 271 271 271 271 271 271 271 271 271 271 271 271 271 271 271 271 271 271 271 271 271 271 271 271 271 271 271 272 272 272 272 272 272 272 272 272 272 272 272 272 272 273 273 273 273 273 273 273 273 273 273 273 273 273 273 273 273 273 273 273 274 274 274 274 274 274 274 274 274 274 274 274 274 274 274 274 274 274 274 275 275 275 275 275 274 275 275 275 275 275 275 275 275 275 275 275 275 275 275 275 275 275 275 276 275 276 276 276 276 276 276 276 276 276 276 276 276 276 276 276 276 276 276 277 277 277 277 277 277 277 277 277 277 277 277 277 277 277 277 277 277 277 277 277 277 278 278 278 278 278 278 278 278 278 278 278 278 278 278 278 278 278 278 278 278 278 278 278 278 279 279 279 279 279 279 279 279 279 279 279 279 279 279 279 279 279 279 279 279 279 279 279 279 279 279 279 279 279 279 279 279 279 279 279 279 279 279 280 280 280 280 280 280 280 280 280 280 280 280 280 280 280 280 280 280 280 280 280 280 280 280 280 280 280 282 282 282 282 282 282 282 281 282 282 282 282 282 282 282 282 282 282 282 282 282 282 282 282 282 282 282 270 270 270 270 270 270 270 270 270 270 270 270 270 270 271 271 271 271 271 271 271 271 271 271 271 271 271 271 271 271 271 271 271 271 271 271 271 271 271 271 271 271 271 271 271 271 271 271 271 271 271 271 272 272 272 272 272 272 272 272 272 272 272 272 272 272 272 273 273 273 273 273 273 273 273 273 273 273 273 273 273 273 273 274 274 273 274 274 274 274 274 274 274 274 274 274 274 274 274 274 274 274 274 274 274 275 275 275 275 275 275 275 275 275 275 275 275 275 275 275 275 275 275 275 275 275 275 275 275 275 275 276 276 276 276 276 276 276 276 276 276 276 276 276 276 276 276 276 276 276 277 277 277 277 277 277 277 277 277 277 277 277 277 277 277 277 277 277 277 277 277 278 278 278 278 278 278 278 278 278 278 278 278 278 278 278 278 278 278 278 278 278 278 278 278 279 278 279 279 279 279 279 279 279 279 279 279 279 279 279 279 279 279 279 279 279 279 279 279 279 279 279 279 279 279 279 279 279 279 279 279 279 279 279 279 280 280 280 280 280 280 280 280 280 280 280 280 280 280 280 280 280 280 280 280 280 280 280 280 280 282 282 282 282 282 282 282 282 282 282 282 282 282 282 282 282 282 282 282 282 282 282 282 282 282 282 282 270 270 270 270 270 270 270 270 270 270 270 270 270 270 270 271 271 271 271 271 271 271 271 270 271 271 271 271 271 271 271 271 271 271 271 271 271 271 271 271 271 271 271 271 271 271 271 271 271 271 271 272 272 272 272 272 272 272 272 272 272 272 272 273 273 273 273 273 273 273 273 273 273 273 273 273 273 273 273 273 273 273 273 274 273 273 274 274 274 274 274 274 274 274 274 274 274 274 274 274 274 274 274 274 274 275 275 275 275 274 275 275 275 275 275 275 275 275 275 275 275 275 275 275 275 275 275 275 275 275 275 276 276 276 276 276 276 276 276 276 276 276 276 276 276 276 276 276 276 277 277 277 277 277 277 277 277 277 277 277 277 277 277 277 277 277 277 277 277 277 277 278 278 278 278 278 278 278 278 278 278 278 278 278 278 278 278 278 278 278 278 278 278 278 278 278 279 279 279 279 279 279 279 279 279 279 279 279 279 279 279 279 279 279 279 279 279 279 279 279 279 279 279 279 279 279 279 279 279 279 279 279 279 279 279 280 280 280 280 280 280 280 280 280 280 280 280 280 280 280 280 280 280 280 280 280 280 280 280 282 282 282 282 282 282 282 282 282 282 282 282 282 282 282 282 282 282 282 282 282 282 282 282 282 282 282 270 270 270 270 270 270 270 270 270 270 270 270 270 270 270 270 270 271 271 271 271 271 271 271 271 271 271 271 271 271 271 271 271 271 271 271 271 271 271 271 271 271 271 271 271 271 271 271 271 271 271 272 272 272 272 272 272 272 272 272 272 272 272 273 273 273 273 273 273 273 273 273 273 273 273 273 273 273 273 273 273 273 273 273 273 273 274 274 274 274 274 274 274 274 274 274 274 274 274 274 274 274 274 274 274 274 275 275 275 274 274 274 275 275 275 275 275 275 275 275 275 275 275 275 275 275 275 275 275 275 275 276 276 276 276 276 276 276 276 276 276 276 276 276 276 276 276 276 276 276 277 277 277 277 277 277 277 277 277 277 277 277 277 277 277 277 277 277 277 277 277 278 278 278 278 278 278 278 278 278 278 278 278 278 278 278 278 278 278 278 278 278 278 278 278 278 279 279 279 279 279 279 279 279 279 279 279 279 279 279 279 279 279 279 279 279 279 279 279 279 279 279 279 279 279 279 279 279 279 279 279 279 279 279 279 279 280 280 280 280 280 280 280 280 280 280 280 280 280 280 280 280 280 280 280 280 280 280 280 282 282 282 282 282 282 282 282 282 282 282 282 282 282 282 282 282 282 282 282 282 282 282 282 282 282 282 282 270 270 270 270 270 270 270 270 270 270 270 270 270 270 270 270 270 271 271 271 271 271 271 271 271 271 271 271 271 271 271 271 271 271 271 271 271 271 271 271 271 271 271 271 271 271 271 271 271 271 271 272 272 272 272 272 272 272 272 272 272 273 273 273 273 273 273 273 273 273 273 273 273 273 273 273 273 273 273 273 273 273 273 273 273 274 274 274 274 274 274 274 274 274 274 274 274 274 274 274 274 274 274 274 274 274 275 275 274 274 274 275 275 275 275 275 275 275 275 275 275 275 275 275 275 275 275 275 275 275 276 276 276 276 276 276 276 276 276 276 276 276 276 276 276 276 276 276 276 276 277 277 277 277 277 277 277 277 277 277 277 277 277 277 277 277 277 277 277 277 277 278 278 278 278 278 278 278 278 278 278 278 278 278 278 278 278 278 278 278 278 278 278 278 278 278 278 279 279 279 279 279 279 279 279 279 279 279 279 279 279 279 279 279 279 279 279 279 279 279 279 279 279 279 279 279 279 279 279 279 279 279 279 279 279 279 280 280 280 280 280 280 280 280 280 280 280 280 280 280 280 280 280 280 280 280 280 280 282 282 282 282 282 282 282 282 282 282 282 282 282 282 282 282 282 282 282 282 282 282 282 282 282 282 282 270 270 270 270 270 270 270 270 270 270 270 270 270 270 270 270 270 270 271 271 271 271 271 271 271 271 271 271 271 271 271 271 271 271 271 271 271 271 271 271 271 271 271 271 271 271 271 271 271 271 271 272 272 272 272 272 272 272 272 272 272 273 273 273 273 273 273 273 273 273 273 273 273 273 273 273 273 273 273 273 273 273 273 273 274 274 274 274 274 274 274 274 274 274 274 274 274 274 274 274 274 274 274 274 275 275 275 274 274 274 274 275 275 275 275 275 275 275 275 275 275 275 275 275 275 275 275 275 275 275 276 276 276 276 276 276 276 276 276 276 276 276 276 276 276 276 276 276 276 276 277 277 277 277 277 277 277 277 277 277 277 277 277 277 277 277 277 277 277 277 278 278 278 278 278 278 278 278 278 278 278 278 278 278 278 278 278 278 278 278 278 278 278 278 278 278 279 279 279 279 279 279 279 279 279 279 279 279 279 279 279 279 279 279 279 279 279 279 279 279 279 279 279 279 279 279 279 279 279 279 279 279 279 279 279 279 279 280 280 280 280 280 280 280 280 280 280 280 280 280 280 280 280 280 280 280 280 282 282 282 282 282 282 282 282 282 282 282 282 282 282 282 282 282 282 282 282 282 282 282 282 282 282 270 270 270 270 270 270 270 270 270 270 270 270 270 270 270 270 270 270 270 271 271 271 271 271 271 271 271 271 271 271 271 271 271 271 271 271 271 271 271 271 271 271 271 271 271 271 271 271 271 271 271 271 271 271 271 271 272 272 272 272 272 272 272 273 273 273 273 273 273 273 273 273 273 273 273 273 273 273 273 273 273 273 273 273 273 274 274 274 274 274 274 274 274 274 274 274 274 274 274 274 274 274 274 274 274 274 274 275 274 274 274 274 275 275 275 275 275 275 275 275 275 275 275 275 275 275 275 275 275 275 275 276 276 276 276 276 276 276 276 276 276 276 276 276 276 276 276 276 276 276 276 277 277 277 277 277 277 277 277 277 277 277 277 277 277 277 277 277 277 277 277 277 278 278 278 278 278 278 278 278 278 278 278 278 278 278 278 278 278 278 278 278 278 278 278 278 278 278 278 279 279 279 279 279 279 279 279 279 279 279 279 279 279 279 279 279 279 279 279 279 279 279 279 279 279 279 279 279 279 279 279 279 279 279 279 279 279 279 279 279 280 280 280 280 280 280 280 280 280 280 280 280 280 280 280 280 280 280 282 282 282 282 282 282 282 282 282 282 282 282 282 282 282 282 282 282 282 282 282 282 282 282 282 270 270 270 270 270 270 270 270 270 270 270 270 270 270 270 270 270 270 270 270 270 271 271 271 271 271 271 271 271 271 271 271 271 271 271 271 271 271 271 271 271 271 271 271 271 271 271 271 271 271 271 271 271 271 271 271 272 272 272 272 272 272 272 273 273 273 273 273 273 273 273 273 273 273 273 273 273 273 273 273 273 273 273 273 273 274 274 274 274 274 274 274 274 274 274 274 274 274 274 274 274 274 274 274 274 274 274 274 274 274 274 274 275 275 275 275 275 275 275 275 275 275 275 275 275 275 275 275 275 275 275 276 276 276 276 276 276 276 276 276 276 276 276 276 276 276 276 276 276 276 276 276 277 277 277 277 277 277 277 277 277 277 277 277 277 277 277 277 277 277 277 277 278 278 278 278 278 278 278 278 278 278 278 278 278 278 278 278 278 278 278 278 278 278 278 278 278 278 278 279 279 279 279 279 279 279 279 279 279 279 279 279 279 279 279 279 279 279 279 279 279 279 279 279 279 279 279 279 279 279 279 279 279 279 279 279 279 279 279 279 279 280 280 280 280 280 280 280 280 280 280 280 280 280 280 280 280 280 282 282 282 282 282 282 282 282 282 282 282 282 282 282 282 282 282 282 282 282 282 282 282 282 282 270 270 270 270 270 270 270 270 270 270 270 270 270 270 270 270 270 270 270 270 270 270 270 271 271 271 271 271 271 271 271 271 271 271 271 271 271 271 271 271 271 271 271 271 271 271 271 271 271 271 271 271 271 271 271 271 271 271 272 272 272 272 272 272 273 273 273 273 273 273 273 273 273 273 273 273 273 273 273 273 273 273 273 273 273 273 273 274 274 274 274 274 274 274 274 274 274 274 274 274 274 274 274 274 274 274 274 275 274 274 274 274 274 275 275 275 275 275 275 275 275 275 275 275 275 275 275 275 275 275 275 276 276 276 276 276 276 276 276 276 276 276 276 276 276 276 276 276 276 276 276 276 276 277 277 277 277 277 277 277 277 277 277 277 277 277 277 277 277 277 277 277 277 278 278 278 278 278 278 278 278 278 278 278 278 278 278 278 278 278 278 278 278 278 278 278 278 278 278 278 279 279 279 279 279 279 279 279 279 279 279 279 279 279 279 279 279 279 279 279 279 279 279 279 279 279 279 279 279 279 279 279 279 279 279 279 279 279 279 279 279 279 279 280 280 280 280 280 280 280 280 280 280 280 280 280 280 280 282 282 282 282 282 282 282 282 282 282 282 282 282 282 282 282 282 282 282 282 282 282 282 282 269 270 270 270 270 270 270 270 270 270 270 270 270 270 270 270 270 270 270 270 270 270 270 270 270 271 271 271 271 271 271 271 271 271 271 271 271 271 271 271 271 271 271 271 271 271 271 271 271 271 271 271 271 271 271 271 271 271 272 272 272 272 272 273 273 273 273 273 273 273 273 273 273 273 273 273 273 273 273 273 273 273 273 273 273 273 273 274 274 274 274 274 274 274 274 274 274 274 274 274 274 274 274 274 274 274 274 274 274 274 274 274 274 274 275 275 275 275 275 275 275 275 275 275 275 275 275 275 275 275 275 275 276 276 276 276 276 276 276 276 276 276 276 276 276 276 276 276 276 276 276 276 276 277 277 277 277 277 277 277 277 277 277 277 277 277 277 277 277 277 277 277 277 277 278 278 278 278 278 278 278 278 278 278 278 278 278 278 278 278 278 278 278 278 278 278 278 278 278 278 278 279 279 279 279 279 279 279 279 279 279 279 279 279 279 279 279 279 279 279 279 279 279 279 279 279 279 279 279 279 279 279 279 279 279 279 279 279 279 279 279 279 279 279 280 280 280 280 280 280 280 280 280 280 280 280 280 280 282 282 282 282 282 282 282 282 282 282 282 282 282 282 282 282 282 282 282 282 282 282 282 282 269 269 269 270 270 270 270 270 270 270 270 270 270 270 270 270 270 270 270 270 270 270 270 270 270 270 270 270 271 271 271 271 271 271 271 271 271 271 271 271 271 271 271 271 271 271 271 271 271 271 271 271 271 271 271 271 271 271 271 272 272 272 272 272 272 273 273 273 273 273 273 273 273 273 273 273 273 273 273 273 273 273 273 273 273 273 273 273 274 274 274 274 274 274 274 274 274 274 274 274 274 274 274 274 274 274 274 274 274 274 274 274 274 274 274 274 275 275 275 275 275 275 275 275 275 275 275 275 275 275 275 275 275 276 276 276 276 276 276 276 276 276 276 276 276 276 276 276 276 276 276 276 276 276 277 277 277 277 277 277 277 277 277 277 277 277 277 277 277 277 277 277 277 277 277 278 278 278 278 278 278 278 278 278 278 278 278 278 278 278 278 278 278 278 278 278 278 278 278 278 278 278 279 279 279 279 279 279 279 279 279 279 279 279 279 279 279 279 279 279 279 279 279 279 279 279 279 279 279 279 279 279 279 279 279 279 279 279 279 279 279 279 279 279 279 279 279 280 280 280 280 280 280 280 280 280 280 280 280 281 282 282 282 282 282 282 282 282 282 282 282 282 282 282 282 282 282 282 282 282 282 282 269 269 270 270 270 270 270 270 270 270 270 270 270 270 270 270 270 270 270 270 270 270 270 270 270 270 270 270 270 271 271 271 271 271 271 271 271 271 271 271 271 271 271 271 271 271 271 271 271 271 271 271 271 271 271 271 271 271 272 272 272 272 272 272 272 273 273 273 273 273 273 273 273 273 273 273 273 273 273 273 273 273 273 273 273 273 273 273 274 274 274 274 274 274 274 274 274 274 274 274 274 274 274 274 274 274 274 274 274 274 274 274 274 274 274 274 275 275 275 275 275 275 275 275 275 275 275 275 275 275 275 275 275 276 276 276 276 276 276 276 276 276 276 276 276 276 276 276 276 276 276 276 276 277 277 277 277 277 277 277 277 277 277 277 277 277 277 277 277 277 277 277 277 277 277 278 278 278 278 278 278 278 278 278 278 278 278 278 278 278 278 278 278 278 278 278 278 278 278 278 278 278 278 279 279 279 279 279 278 279 279 279 279 279 279 279 279 279 279 279 279 279 279 279 279 279 279 279 279 279 279 279 279 279 279 279 279 279 279 279 279 279 279 279 279 279 279 280 280 280 280 280 280 280 280 280 280 280 281 282 282 282 282 282 282 282 282 282 282 282 282 282 282 281 281 282 269 269 269 269 270 270 270 270 270 270 270 270 270 270 270 270 270 270 270 270 270 270 270 270 270 270 270 270 270 270 271 271 271 271 271 271 271 271 271 271 271 271 271 271 271 271 271 271 271 271 271 271 271 271 271 271 271 271 272 272 272 272 272 272 272 272 273 273 273 273 273 273 273 273 273 273 273 273 273 273 273 273 273 273 273 273 273 273 273 274 274 274 274 274 274 274 274 274 274 274 274 274 274 274 274 274 274 274 274 274 274 274 274 274 274 274 274 275 275 275 275 275 275 275 275 275 275 275 275 275 275 275 275 276 276 276 276 276 276 276 276 276 276 276 276 276 276 276 276 276 276 276 276 277 277 277 277 277 277 277 277 277 277 277 277 277 277 277 277 277 277 277 277 277 277 278 278 278 278 278 278 278 278 278 278 278 278 278 278 278 278 278 278 278 278 278 278 278 278 278 278 278 278 279 279 279 279 279 278 278 278 279 279 279 279 279 279 279 279 279 279 279 279 279 279 279 279 279 279 279 279 279 279 279 279 279 279 279 279 279 279 279 279 279 279 279 279 280 280 280 280 280 280 280 280 280 280 280 281 281 282 282 282 282 282 282 282 282 282 282 282 269 269 269 269 269 269 270 270 270 270 270 270 270 270 270 270 270 270 270 270 270 270 270 270 270 270 270 270 270 270 270 270 271 271 271 271 271 271 271 271 271 271 271 271 271 271 271 271 271 271 271 271 271 271 271 271 271 271 272 272 272 272 272 272 272 272 273 273 273 273 273 273 273 273 273 273 273 273 273 273 273 273 273 273 273 273 273 273 273 273 273 274 274 274 274 274 274 274 274 274 274 274 274 274 274 274 274 274 274 274 274 274 274 274 274 274 274 275 275 275 275 275 275 275 275 275 275 275 275 275 275 275 275 275 276 276 276 276 276 276 276 276 276 276 276 276 276 276 276 276 276 276 276 277 277 277 277 277 277 277 277 277 277 277 277 277 277 277 277 277 277 277 277 277 277 277 278 278 278 278 278 278 278 278 278 278 278 278 278 278 278 278 278 278 278 278 278 278 278 278 278 278 278 278 279 279 279 279 278 278 278 279 279 279 279 279 279 279 279 279 279 279 279 279 279 279 279 279 279 279 279 279 279 279 279 279 279 279 279 279 279 279 279 279 279 279 279 279 280 280 280 280 280 280 280 280 280 280 281 281 281 282 281 282 282 282 282 282 282 282 281 281 269 269 269 269 269 269 269 269 270 270 270 270 270 270 270 270 270 270 270 270 270 270 270 270 270 270 270 270 270 270 270 270 270 270 271 271 271 271 271 271 271 271 271 271 271 271 271 271 271 271 271 271 271 271 271 271 271 271 272 272 272 272 272 272 272 272 272 273 273 273 273 273 273 273 273 273 273 273 273 273 273 273 273 273 273 273 273 273 273 273 273 273 274 274 274 274 274 274 274 274 274 274 274 274 274 274 274 274 274 274 274 274 274 274 274 274 274 274 275 275 275 275 275 275 275 275 275 275 275 275 275 275 275 275 276 276 276 276 276 276 276 276 276 276 276 276 276 276 276 276 276 276 277 277 277 277 277 277 277 277 277 277 277 277 277 277 277 277 277 277 277 277 277 277 277 277 278 278 278 278 278 278 278 278 278 278 278 278 278 278 278 278 278 278 278 278 278 278 278 278 278 278 278 278 278 279 279 279 278 278 278 278 279 279 279 279 279 279 279 279 279 279 279 279 279 279 279 279 279 279 279 279 279 279 279 279 279 279 279 279 279 279 279 279 279 279 279 279 279 279 279 280 280 280 280 280 280 280 281 281 281 281 281 281 281 282 282 282 281 281 281 282 282 282 269 269 269 269 269 269 269 269 270 270 270 270 270 270 270 270 270 270 270 270 270 270 270 270 270 270 270 270 270 271 271 271 271 271 271 271 271 271 271 271 271 271 271 271 271 271 271 271 271 271 271 271 271 271 271 271 272 272 272 272 272 272 272 272 272 272 272 272 272 272 272 272 272 272 272 272 272 272 272 272 273 273 273 273 273 273 273 273 273 273 273 273 273 273 273 273 273 273 273 273 273 273 274 274 274 274 274 274 274 274 274 274 274 275 275 275 275 275 275 275 275 275 275 275 275 275 275 275 275 275 275 275 275 275 276 276 276 276 276 276 276 276 276 276 276 276 276 276 276 276 276 276 276 276 277 277 277 277 277 277 277 277 277 277 277 277 277 277 277 277 277 277 277 277 277 277 277 277 277 278 278 278 278 278 278 278 278 278 278 278 278 278 278 278 278 278 278 278 278 278 278 278 278 278 278 278 278 279 279 281 281 281 281 281 281 281 281 281 281 281 281 281 281 281 281 281 281 281 281 281 281 281 281 281 281 281 281 282 282 282 282 282 282 282 282 282 282 282 282 282 282 282 282 282 282 282 282 282 282 282 282 282 282 282 282 282 282 282 282 282 282 282 282 282 282 282 282 282 269 269 269 269 269 269 269 269 269 269 269 270 270 270 270 270 270 270 270 270 270 270 270 270 270 270 270 270 270 270 270 270 271 271 271 271 271 271 271 271 271 271 271 271 271 271 271 271 271 271 271 271 271 271 271 271 271 271 271 272 272 272 272 272 272 272 272 272 272 272 272 272 272 272 272 272 272 272 272 272 272 272 272 273 273 273 273 273 273 273 273 273 273 273 273 273 273 273 273 273 273 273 273 273 273 273 274 274 274 274 274 274 274 274 274 274 275 275 275 275 275 275 275 275 275 275 275 275 275 275 275 275 275 275 275 275 276 276 276 276 276 276 276 276 276 276 276 276 276 276 276 276 276 276 276 276 276 277 277 277 277 277 277 277 277 277 277 277 277 277 277 277 277 277 277 277 277 277 277 277 277 277 278 278 278 278 278 278 278 278 278 278 278 278 278 278 278 278 278 278 278 278 278 278 278 278 278 278 278 278 279 281 281 281 281 281 281 281 281 281 281 281 281 281 281 281 281 281 281 281 281 281 281 281 282 282 282 282 282 282 282 282 282 282 282 281 282 282 282 282 282 282 282 282 282 282 282 282 282 282 282 282 282 282 282 282 282 282 282 282 282 282 282 282 282 282 282 282 282 282 269 269 269 269 269 269 269 269 269 269 269 269 269 270 270 270 270 270 270 270 270 270 270 270 270 270 270 270 270 270 270 270 270 270 271 271 271 271 271 271 271 271 271 271 271 271 271 271 271 271 271 271 271 271 271 271 271 271 271 271 271 271 271 272 272 272 272 272 272 272 272 272 272 272 272 272 272 272 272 272 272 272 272 272 272 272 273 273 273 273 273 273 273 273 273 273 273 273 273 273 273 273 273 273 273 273 273 273 273 274 274 274 274 274 274 274 274 274 275 275 275 275 275 275 275 275 275 275 275 275 275 275 275 275 275 275 275 275 275 276 276 276 276 276 276 276 276 276 276 276 276 276 276 276 276 276 276 276 276 277 277 277 277 277 277 277 277 277 277 277 277 277 277 277 277 277 277 277 277 277 277 277 277 277 277 278 278 278 278 278 278 278 278 278 278 278 278 278 278 278 278 278 278 278 278 278 278 278 278 278 278 278 278 280 281 281 281 281 281 281 281 281 281 281 281 281 281 281 281 281 281 281 281 281 281 281 281 282 282 282 282 282 282 282 282 282 282 281 281 282 282 282 282 282 282 282 282 282 282 282 282 282 282 282 282 282 282 282 282 282 282 282 282 282 282 282 282 282 282 282 282 282 269 269 269 269 270 270 270 270 270 270 270 270 270 270 270 270 270 270 270 270 270 270 270 270 270 270 271 271 271 271 271 271 271 271 271 271 271 271 271 271 271 271 271 271 271 271 271 271 271 271 271 271 271 271 271 272 272 272 272 272 272 272 272 272 272 272 272 272 272 272 272 272 272 272 272 272 272 273 273 273 273 273 273 273 273 273 273 273 273 273 273 273 273 273 273 273 273 273 273 274 274 274 274 274 274 274 274 274 274 274 275 275 275 275 275 275 275 275 275 275 275 275 275 275 275 275 275 275 275 275 275 276 276 276 276 276 276 276 276 276 276 276 276 276 276 276 276 276 276 276 276 277 277 277 277 277 277 277 277 277 277 277 277 277 277 277 277 277 277 277 277 277 277 277 277 277 278 278 278 278 278 278 278 278 278 278 278 278 278 278 278 278 278 278 278 278 278 278 278 278 278 278 278 278 280 280 281 281 281 281 281 281 281 281 281 281 281 281 281 281 281 281 281 281 281 281 281 281 281 282 281 281 282 282 282 282 282 282 282 282 282 282 282 282 282 282 282 282 282 282 282 282 282 282 282 282 282 282 282 282 282 282 282 282 282 282 282 282 282 282 282 282 282 269 269 270 270 270 270 270 270 270 270 270 270 270 270 270 270 270 270 270 270 270 270 270 270 270 270 271 271 271 271 271 271 271 271 271 271 271 271 271 271 271 271 271 271 271 271 271 271 271 271 271 271 271 271 272 272 272 272 272 272 272 272 272 272 272 272 272 272 272 272 272 272 272 272 272 272 273 273 273 273 273 273 273 273 273 273 273 273 273 273 273 273 273 273 273 273 273 274 274 274 274 274 274 274 274 274 274 274 274 275 275 275 275 275 275 275 275 275 275 275 275 275 275 275 275 275 275 275 275 276 276 276 276 276 276 276 276 276 276 276 276 276 276 276 276 276 276 276 276 277 277 277 277 277 277 277 277 277 277 277 277 277 277 277 277 277 277 277 277 277 277 277 277 277 277 278 278 278 278 278 278 278 278 278 278 278 278 278 278 278 278 278 278 278 278 278 278 278 278 278 278 278 280 280 281 281 281 281 281 281 281 281 281 281 281 281 281 281 281 281 281 281 281 281 281 281 282 281 281 282 282 282 282 282 282 282 282 282 282 282 282 282 282 282 282 282 282 282 282 282 282 282 282 282 282 282 282 282 282 282 282 282 282 282 282 282 282 282 282 282 282 282 282 282 282 282 269 270 270 270 270 270 270 270 270 270 270 270 270 270 270 270 270 270 270 270 270 270 270 270 270 270 271 271 271 271 271 271 271 271 271 271 271 271 271 271 271 271 271 271 271 271 271 271 271 271 271 271 271 271 272 272 272 272 272 272 272 272 272 272 272 272 272 272 272 272 272 272 272 272 272 272 273 273 273 273 273 273 273 273 273 273 273 273 273 273 273 273 273 273 273 273 273 274 274 274 274 274 274 274 274 274 274 274 274 275 275 275 275 275 275 275 275 275 275 275 275 275 275 275 275 275 275 275 275 276 276 276 276 276 276 276 276 276 276 276 276 276 276 276 276 276 276 276 276 277 277 276 277 277 277 277 277 277 277 277 277 277 277 277 277 277 277 277 277 277 277 277 277 277 277 278 278 278 278 278 278 278 278 278 278 278 278 278 278 278 278 278 278 278 278 278 278 278 278 278 278 280 280 280 281 281 281 281 281 281 281 281 281 281 281 281 281 281 281 281 281 281 281 281 281 281 281 281 281 282 282 282 282 282 282 282 282 282 282 282 282 282 282 282 282 282 282 282 282 282 282 282 281 281 282 282 282 282 282 282 282 282 282 282 282 282 282 282 282 282 282 282 282 282 282 282 282 282 282 282 269 269 269 270 270 270 270 270 270 270 270 270 270 270 270 270 270 270 270 270 270 270 270 270 270 270 270 270 270 271 271 271 271 271 271 271 271 271 271 271 271 271 271 271 271 271 271 271 271 271 271 271 271 271 271 271 271 272 272 272 272 272 272 272 272 272 272 272 272 272 272 272 272 272 272 272 272 272 272 273 273 273 273 273 273 273 273 273 273 273 273 273 273 273 273 273 273 273 273 273 274 274 274 274 274 274 274 274 274 274 274 274 275 275 275 275 275 275 275 275 275 275 275 275 275 275 275 275 275 275 275 275 276 276 276 276 276 276 276 276 276 276 276 276 276 276 276 276 276 276 276 277 277 276 276 277 277 277 277 277 277 277 277 277 277 277 277 277 277 277 277 277 277 277 277 277 277 278 278 278 278 278 278 278 278 278 278 278 278 278 278 278 278 278 278 278 278 278 278 278 278 278 278 280 280 280 280 280 281 281 281 281 281 281 281 281 281 281 281 281 281 281 281 281 281 281 281 281 281 281 281 281 281 281 282 282 282 282 282 282 282 282 282 282 282 282 282 282 282 282 282 282 282 281 281 281 282 282 282 282 282 282 282 282 282 282 282 282 282 282 282 282 282 282 282 282 282 282 282 282 282 282 282 282 282 269 269 269 269 269 270 270 270 270 270 270 270 270 270 270 270 270 270 270 270 270 270 270 270 270 270 270 270 270 270 270 270 270 271 271 271 271 271 271 271 271 271 271 271 271 271 271 271 271 271 271 271 271 271 271 271 271 271 271 271 272 272 272 272 272 272 272 272 272 272 272 272 272 272 272 272 272 272 272 272 272 272 273 273 273 273 273 273 273 273 273 273 273 273 273 273 273 273 273 273 273 273 274 274 274 274 274 274 274 274 274 274 274 274 275 275 275 275 275 275 275 275 275 275 275 275 275 275 275 275 275 275 275 275 275 276 276 276 276 276 276 276 276 276 276 276 276 276 276 276 276 276 276 276 276 276 276 276 277 277 277 277 277 277 277 277 277 277 277 277 277 277 277 277 277 277 277 277 277 277 278 278 278 278 278 278 278 278 278 278 278 278 278 278 278 278 278 278 278 278 278 278 278 278 278 280 280 280 280 280 280 281 281 281 281 281 281 281 281 281 281 281 281 281 281 281 281 281 281 281 281 281 281 281 281 282 282 282 282 282 282 282 282 282 282 282 282 282 282 282 282 282 282 282 281 281 281 281 282 282 282 282 282 282 282 282 282 282 282 282 282 282 282 282 282 282 282 282 282 282 282 282 282 282 282 282 282 282 282 282 269 269 269 269 269 269 269 269 270 270 270 270 270 270 270 270 270 270 270 270 270 270 270 270 270 270 270 270 270 270 270 270 270 270 270 270 270 270 271 271 271 271 271 271 271 271 271 271 271 271 271 271 271 271 271 271 271 271 271 271 271 271 271 271 271 272 272 272 272 272 272 272 272 272 272 272 272 272 272 272 272 272 272 272 272 272 273 273 273 273 273 273 273 273 273 273 273 273 273 273 273 273 273 273 273 274 274 274 274 274 274 274 274 274 274 274 274 274 275 275 275 275 275 275 275 275 275 275 275 275 275 275 275 275 275 275 275 275 275 276 276 276 276 276 276 276 276 276 276 276 276 276 276 276 276 276 276 276 276 276 276 277 277 277 277 277 277 277 277 277 277 277 277 277 277 277 277 277 277 277 277 277 277 277 278 278 278 278 278 278 278 278 278 278 278 278 278 278 278 278 278 278 278 278 278 278 278 278 280 280 280 280 280 280 280 281 281 281 281 281 281 281 281 281 281 281 281 281 281 281 281 281 281 281 281 281 281 281 281 282 282 282 282 282 282 282 282 282 282 282 282 282 282 282 282 282 281 281 281 281 281 282 282 282 282 282 282 282 282 282 282 282 282 282 282 282 282 282 282 282 282 282 282 282 282 282 282 282 282 282 282 282 283 282 269 269 269 269 269 269 269 269 269 269 269 269 269 270 270 270 270 270 270 270 270 270 270 270 270 270 270 270 270 270 270 270 270 270 270 270 270 270 270 270 270 271 271 271 271 271 271 271 271 271 271 271 271 271 271 271 271 271 271 271 271 271 271 271 271 271 271 271 272 272 272 272 272 272 272 272 272 272 272 272 272 272 272 272 272 272 272 272 272 273 273 273 273 273 273 273 273 273 273 273 273 273 273 273 273 273 273 273 274 274 274 274 274 274 274 274 274 274 274 274 274 275 275 275 275 275 275 275 275 275 275 275 275 275 275 275 275 275 275 275 275 275 276 276 276 276 276 276 276 276 276 276 276 276 276 276 276 276 276 276 276 276 276 276 277 277 277 277 277 277 277 277 277 277 277 277 277 277 277 277 277 277 277 277 277 277 278 278 278 278 278 278 278 278 278 278 278 278 278 278 278 278 278 278 278 278 278 278 278 278 280 280 280 280 280 280 280 280 281 281 281 281 281 281 281 281 281 281 281 281 281 281 281 281 281 281 281 281 281 281 281 281 282 282 282 282 282 282 282 282 282 282 282 282 282 282 282 281 281 281 281 281 282 282 282 282 282 282 282 282 282 282 282 282 282 282 282 282 282 282 282 282 282 282 282 282 282 282 282 282 282 282 282 282 282 282 282 268 268 268 268 269 269 269 269 269 269 269 269 269 269 270 270 270 270 270 270 270 270 270 270 270 270 270 270 270 270 270 270 270 270 270 270 270 270 270 270 270 271 271 271 271 271 271 271 271 271 271 271 271 271 271 271 271 271 271 271 271 271 271 271 271 271 271 271 272 272 272 272 272 272 272 272 272 272 272 272 272 272 272 272 272 272 272 272 273 273 273 273 273 273 273 273 273 273 273 273 273 273 273 273 273 273 273 273 274 274 274 274 274 274 274 274 274 274 274 274 275 275 275 275 275 275 275 275 275 275 275 275 275 275 275 275 275 275 275 275 275 276 276 276 276 276 276 276 276 276 276 276 276 276 276 276 276 276 276 276 276 276 277 277 277 277 277 277 277 277 277 277 277 277 277 277 277 277 277 277 277 277 277 277 277 277 278 278 278 278 278 278 278 278 278 278 278 278 278 278 278 278 278 278 278 278 278 278 278 280 280 280 280 280 281 281 281 281 281 281 281 281 281 281 281 281 281 281 281 281 281 281 281 281 281 281 281 281 281 281 281 282 282 282 282 282 282 282 282 282 282 282 282 282 281 281 281 281 281 281 281 282 282 281 281 282 282 282 282 282 282 282 282 282 282 282 282 282 282 282 282 282 282 282 282 282 282 282 282 282 282 282 282 282 282 282 268 268 268 268 268 268 269 269 269 269 269 269 269 269 269 269 269 270 270 270 270 270 270 270 270 270 270 270 270 270 270 270 270 270 270 271 271 271 271 271 271 271 271 271 271 271 271 271 271 271 271 271 271 271 271 271 271 271 271 271 271 272 272 272 272 272 272 272 272 272 272 272 272 272 272 272 272 272 272 272 272 272 273 273 273 273 273 273 273 273 273 273 273 273 273 273 273 273 273 273 273 273 274 274 274 274 274 274 274 274 274 274 274 274 275 275 275 275 275 275 275 275 275 275 275 275 275 275 275 275 275 275 275 275 275 276 276 276 276 276 276 276 276 276 276 276 276 276 276 276 276 276 276 276 276 276 277 277 277 277 277 277 277 277 277 277 277 277 277 277 277 277 277 277 277 277 277 277 277 277 278 278 278 278 278 278 278 278 278 278 278 278 278 278 278 278 278 278 278 278 278 278 280 280 280 280 280 280 281 281 281 281 281 281 281 281 281 281 281 281 281 281 281 281 281 281 281 281 281 281 281 281 281 281 281 282 282 282 282 282 282 282 282 282 282 282 282 281 281 281 281 281 281 281 281 281 281 282 282 282 282 282 282 282 282 282 282 282 282 282 282 282 282 282 282 282 282 282 282 282 282 282 282 282 282 282 282 282 282 268 268 268 268 268 268 268 269 269 269 269 269 269 269 269 269 270 270 270 270 270 270 270 270 270 270 270 270 270 270 271 271 271 271 271 271 271 271 271 271 271 271 271 271 271 271 271 271 271 271 271 271 271 271 271 271 272 272 272 272 272 272 272 272 272 272 272 272 272 272 272 272 272 272 272 272 272 273 273 273 273 273 273 273 273 273 273 273 273 273 273 273 273 273 273 273 274 274 274 274 274 274 274 274 274 274 274 274 274 275 275 275 275 275 275 275 275 275 275 275 275 275 275 275 275 275 275 275 275 275 276 276 276 276 276 276 276 276 276 276 276 276 276 276 276 276 276 276 276 276 277 277 277 277 277 277 277 277 277 277 277 277 277 277 277 277 277 277 277 277 277 277 277 277 277 278 278 278 278 278 278 278 278 278 278 278 278 278 278 278 278 278 278 278 278 278 280 280 280 280 280 280 280 281 281 281 281 281 281 281 281 281 281 281 281 281 281 281 281 281 281 281 281 281 281 281 281 281 281 281 282 281 282 282 282 282 282 282 282 282 281 281 281 281 281 281 281 281 281 281 281 282 282 282 282 281 281 281 282 282 282 282 282 282 282 282 282 282 282 282 282 282 282 282 282 282 282 282 282 282 282 282 282 268 268 268 268 268 268 268 269 269 269 269 269 269 269 270 270 270 270 270 270 270 270 270 270 270 270 270 270 271 271 271 271 271 271 271 271 271 271 271 271 271 271 271 271 271 271 271 271 271 271 271 271 271 272 272 272 272 272 272 272 272 272 272 272 272 272 272 272 272 272 272 272 272 272 273 273 273 273 273 273 273 273 273 273 273 273 273 273 273 273 273 273 274 274 274 274 274 274 274 274 274 274 274 274 274 274 275 275 275 275 275 275 275 275 275 275 275 275 275 275 275 275 275 275 275 275 275 276 276 276 276 276 276 276 276 276 276 276 276 276 276 276 276 276 276 276 276 276 277 277 277 277 277 277 277 277 277 277 277 277 277 277 277 277 277 277 277 277 277 277 277 277 278 278 278 278 278 278 278 278 278 278 278 278 278 278 278 278 278 278 278 278 280 280 280 280 280 280 280 280 280 281 281 280 281 281 281 281 281 281 281 281 281 281 281 281 281 281 281 281 281 281 281 281 281 281 281 281 281 281 281 282 282 281 282 281 281 281 281 281 281 281 281 281 281 281 281 281 282 282 281 281 281 282 282 282 282 282 282 282 282 282 282 282 282 282 282 282 282 282 282 282 282 282 282 282 268 268 268 268 268 268 268 269 269 269 270 270 270 270 270 270 270 270 270 270 270 270 270 271 271 271 271 271 271 271 271 271 271 271 271 271 271 271 271 271 271 271 271 271 271 271 271 271 272 272 272 272 272 272 272 272 272 272 272 272 272 272 272 272 272 272 272 272 272 273 273 273 273 273 273 273 273 273 273 273 273 273 273 273 273 273 274 274 274 274 274 274 274 274 274 274 274 274 274 274 275 275 275 275 275 275 275 275 275 275 275 275 275 275 275 275 275 275 275 275 276 276 276 276 276 276 276 276 276 276 276 276 276 276 276 276 276 276 276 276 276 276 277 277 277 277 277 277 277 277 277 277 277 277 277 277 277 277 277 277 277 277 277 277 277 277 277 278 278 278 278 278 278 278 278 278 278 278 278 278 278 278 278 278 278 278 280 280 280 280 280 280 280 280 280 280 280 280 280 280 281 281 281 281 281 281 281 281 281 281 281 281 281 281 281 281 281 281 281 281 281 281 281 281 281 281 281 281 281 281 281 281 281 281 281 281 281 281 281 281 281 281 281 281 281 281 281 282 282 282 282 282 282 282 282 282 282 282 282 282 282 282 282 282 282 282 282 268 268 268 268 268 268 268 268 270 270 270 270 270 270 270 270 270 270 270 270 270 270 270 271 271 271 271 271 271 271 271 271 271 271 271 271 271 271 271 271 271 271 271 271 271 271 271 272 272 272 272 272 272 272 272 272 272 272 272 272 272 272 272 272 272 272 272 272 273 273 273 273 273 273 273 273 273 273 273 273 273 273 273 273 274 274 274 274 274 274 274 274 274 274 274 274 274 274 274 275 275 275 275 275 275 275 275 275 275 275 275 275 275 275 275 275 275 275 275 276 276 276 276 276 276 276 276 276 276 276 276 276 276 276 276 276 276 276 276 276 276 277 277 277 277 277 277 277 277 277 277 277 277 277 277 277 277 277 277 277 277 277 277 277 277 277 278 278 278 278 278 278 278 278 278 278 278 278 278 278 278 278 278 278 280 280 280 280 280 280 280 280 280 280 280 280 280 281 281 281 281 281 281 281 281 281 281 281 281 281 281 281 281 281 281 281 281 281 281 281 281 281 281 281 281 281 281 281 281 281 281 281 282 282 281 281 281 281 281 281 281 281 281 281 282 282 282 282 282 282 282 282 282 282 282 282 282 282 268 268 268 268 268 268 270 270 270 270 270 270 270 270 270 270 270 270 270 270 270 270 270 271 271 271 271 271 271 271 271 271 271 271 271 271 271 271 271 271 271 271 271 271 271 271 271 272 272 272 272 272 272 272 272 272 272 272 272 272 272 272 272 272 272 272 272 272 273 273 273 273 273 273 273 273 273 273 273 273 273 273 273 274 274 274 274 274 274 274 274 274 274 274 274 274 274 274 274 275 275 275 275 275 275 275 275 275 275 275 275 275 275 275 275 275 275 275 275 276 276 276 276 276 276 276 276 276 276 276 276 276 276 276 276 276 276 276 276 276 277 277 277 277 277 277 277 277 277 277 277 277 277 277 277 277 277 277 277 277 277 277 277 277 277 277 278 278 278 278 278 278 278 278 278 278 278 278 278 278 278 278 278 280 280 280 280 280 280 280 280 280 280 280 280 280 281 281 281 281 281 281 281 281 281 281 281 281 281 281 281 281 281 281 281 281 281 281 281 281 281 281 281 281 281 281 281 281 281 281 282 282 282 281 281 281 281 281 281 281 281 281 281 282 282 282 282 270 270 270 270 270 270 270 270 270 270 270 270 270 270 270 270 270 270 270 271 271 271 271 271 271 271 271 271 271 271 271 271 271 271 271 271 271 271 271 271 271 271 271 271 272 272 272 272 272 272 272 272 272 272 272 272 272 272 272 272 272 272 272 272 273 273 273 273 273 273 273 273 273 273 273 273 273 273 274 274 274 274 274 274 274 274 274 274 274 274 274 274 274 274 274 275 275 275 275 275 275 275 275 275 275 275 275 275 275 275 275 275 275 275 275 276 276 276 276 276 276 276 276 276 276 276 276 276 276 276 276 276 276 276 276 276 277 277 277 277 277 277 277 277 277 277 277 277 277 277 277 277 277 277 277 277 277 277 277 277 277 277 278 278 278 278 278 278 278 278 278 278 278 278 278 278 278 278 280 280 280 280 280 280 280 280 280 280 280 280 281 281 281 281 281 281 281 281 281 281 281 281 281 281 281 281 281 281 281 281 281 281 281 281 281 281 281 281 281 281 281 281 281 281 281 281 282 282 281 281 281 281 281 281 281 281 281 282 282 282 282 270 270 270 270 270 270 270 270 270 270 270 270 270 270 270 270 270 270 270 270 271 271 271 271 271 271 271 271 271 271 271 271 271 271 271 271 271 271 271 271 271 271 271 271 271 272 272 272 272 272 272 272 272 272 272 272 272 272 272 272 272 272 272 272 272 273 273 273 273 273 273 273 273 273 273 273 273 273 274 274 274 274 274 274 274 274 274 274 274 274 274 274 274 274 274 274 275 275 275 275 275 275 275 275 275 275 275 275 275 275 275 275 275 275 275 275 275 276 276 276 276 276 276 276 276 276 276 276 276 276 276 276 276 276 276 276 277 277 277 277 277 277 277 277 277 276 276 276 277 277 277 277 277 277 277 277 277 277 277 277 277 277 277 278 278 278 278 278 278 278 278 278 278 278 278 278 278 278 280 280 280 280 280 280 280 280 280 280 280 280 280 281 281 281 281 281 281 281 281 281 281 281 281 281 281 281 281 281 281 281 281 281 281 281 281 281 281 281 281 281 281 281 281 281 281 282 282 282 281 281 281 281 281 281 281 281 281 282 282 282 282 270 270 270 270 270 270 270 270 270 270 270 270 270 270 270 270 270 270 270 270 270 270 271 271 271 271 271 271 271 271 271 271 271 271 271 271 271 271 271 271 271 271 271 271 271 272 272 272 272 272 272 272 272 272 272 272 272 272 272 272 272 272 272 272 272 273 273 273 273 273 273 273 273 273 273 273 273 273 274 274 274 274 274 274 274 274 274 274 274 274 274 274 274 274 274 274 274 274 275 275 275 275 275 275 275 275 275 275 275 275 275 275 275 275 275 275 275 275 276 276 276 276 276 276 276 276 276 276 276 276 276 276 276 276 276 276 276 276 277 277 277 277 277 276 276 276 277 276 276 277 277 277 277 277 277 277 277 277 277 277 277 277 277 277 278 277 278 278 278 278 278 278 278 278 278 278 278 278 280 280 280 280 280 280 280 280 280 280 280 280 280 280 281 281 281 281 281 281 281 281 281 281 281 281 281 281 281 281 281 281 281 281 281 281 281 281 281 281 281 281 281 281 281 281 281 281 281 282 281 281 281 281 281 281 281 281 281 282 281 282 281 270 270 270 270 270 270 270 270 270 270 270 270 270 270 270 270 270 270 270 270 270 270 270 271 271 271 271 271 271 271 271 271 271 271 271 271 271 271 271 271 271 271 271 271 271 271 271 272 272 272 272 272 272 272 272 272 272 272 272 272 272 272 272 272 272 272 273 273 273 273 273 273 273 273 273 273 273 273 274 274 274 274 274 274 274 274 274 274 274 274 274 274 274 274 274 274 274 274 274 275 275 275 275 275 275 275 275 275 275 275 275 275 275 275 275 275 275 275 276 276 276 276 276 276 276 276 276 276 276 276 276 276 276 276 276 276 276 276 276 276 276 276 276 276 276 276 277 277 276 276 277 277 277 277 277 277 277 277 277 277 277 277 277 277 277 277 277 278 278 278 278 278 278 278 278 278 278 278 280 280 280 280 280 280 280 280 280 280 280 280 280 280 280 280 280 281 281 281 281 281 281 281 281 281 281 281 281 281 281 281 281 281 281 281 281 281 281 281 281 281 281 281 281 281 281 281 281 281 281 281 281 281 281 281 281 281 281 281 281 281 281 270 270 270 270 270 270 270 270 270 270 270 270 270 270 270 270 270 270 270 270 270 270 270 270 270 270 270 270 271 271 271 271 271 271 271 271 271 271 271 271 271 271 271 271 271 271 271 271 271 271 271 271 272 272 272 272 272 272 272 272 272 272 272 272 272 272 272 272 272 272 272 273 273 273 273 273 273 273 273 273 273 273 273 273 274 274 274 274 274 274 274 274 274 274 274 274 274 274 274 274 274 274 274 274 275 275 275 275 275 275 275 275 275 275 275 275 275 275 275 275 275 276 276 276 276 276 276 276 276 276 276 276 276 276 276 276 276 276 276 276 276 276 276 276 276 276 276 276 276 277 277 277 276 276 276 277 277 277 277 277 277 277 277 277 277 277 277 277 277 277 277 278 278 278 278 278 278 278 278 278 278 278 280 280 280 280 280 280 280 280 280 280 280 280 280 280 280 280 280 280 280 281 281 281 281 281 281 281 281 281 281 281 281 281 281 281 281 281 281 281 281 281 281 281 281 281 281 281 281 281 281 281 281 281 281 281 281 281 281 281 281 281 281 281 281 281 270 270 270 270 270 270 270 270 270 270 270 270 270 270 270 270 270 270 270 270 270 270 270 270 270 270 270 270 271 271 271 271 271 271 271 271 271 271 271 271 271 271 271 271 271 271 271 271 271 271 271 271 272 272 272 272 272 272 272 272 272 272 272 272 272 272 272 272 272 272 272 273 273 273 273 273 273 273 273 273 273 273 273 274 274 274 274 274 274 274 274 274 274 274 274 274 274 274 274 274 274 274 274 275 275 275 275 275 275 275 275 275 275 275 275 275 275 275 275 275 275 275 276 276 276 276 276 276 276 276 276 276 276 276 276 276 276 276 276 276 276 276 276 276 276 276 276 277 277 276 276 277 276 276 276 277 277 277 277 277 277 277 277 277 277 277 277 277 277 277 277 278 278 278 278 278 278 278 278 278 278 280 280 280 280 280 280 280 280 280 280 280 280 280 280 280 280 280 280 280 281 281 281 281 281 281 281 281 281 281 281 281 281 281 281 281 281 281 281 281 281 281 281 281 281 281 281 281 281 281 281 281 281 281 281 281 281 281 281 281 281 281 281 281 281 281 281 269 269 269 270 270 270 270 270 270 270 270 270 270 270 270 270 270 270 270 270 270 270 270 270 270 270 270 270 270 270 270 271 271 271 271 271 271 271 271 271 271 271 271 271 271 271 271 271 271 271 271 271 271 271 271 271 272 272 272 272 272 272 272 272 272 272 272 272 272 272 272 272 272 272 273 273 273 273 273 273 273 273 273 273 273 273 274 274 274 274 274 274 274 274 274 274 274 274 274 274 274 274 274 274 274 274 275 275 275 275 275 275 275 275 275 275 275 275 275 275 275 275 275 275 275 276 276 276 276 276 276 276 276 276 276 276 276 276 276 276 276 276 276 276 276 276 276 276 277 276 276 276 276 276 276 276 276 277 277 277 277 277 277 277 277 277 277 277 277 277 277 277 277 277 278 278 278 278 278 278 278 278 278 280 280 280 280 280 280 280 280 280 280 280 280 280 280 280 280 280 280 281 281 281 281 281 281 281 281 281 281 281 281 281 281 281 281 281 281 281 281 281 281 281 281 281 281 281 281 281 281 281 281 281 281 281 281 281 281 281 281 281 281 281 281 281 281 281 281 269 269 269 270 270 270 270 270 270 270 270 270 270 270 270 270 270 270 270 270 270 270 270 270 270 270 270 270 270 270 270 270 271 271 271 271 271 271 271 271 271 271 271 271 271 271 271 271 271 271 271 271 271 271 271 271 272 272 272 272 272 272 272 272 272 272 272 272 272 272 272 272 272 272 273 273 273 273 273 273 273 273 273 273 273 273 274 274 274 274 274 274 274 274 274 274 274 274 274 274 274 274 274 274 274 274 275 275 275 275 275 275 275 275 275 275 275 275 275 275 275 275 275 275 275 275 276 276 276 276 276 276 276 276 276 276 276 276 276 276 276 276 276 276 276 276 276 277 277 277 277 276 276 277 276 276 276 277 277 277 277 277 277 277 277 277 277 277 277 277 277 277 277 277 277 278 278 278 278 278 278 278 280 280 280 280 280 280 280 280 280 280 280 280 280 280 280 280 280 280 280 281 281 281 281 281 281 281 281 281 281 281 281 281 281 281 281 281 281 281 281 281 281 281 281 281 281 281 281 281 281 281 281 281 281 281 281 281 281 281 281 281 281 281 281 281 281 281 281 269 269 269 269 269 269 269 270 270 270 270 270 270 270 270 270 270 270 270 270 270 270 270 270 270 270 270 270 270 270 270 270 270 270 270 271 271 271 271 271 271 271 271 271 271 271 271 271 271 271 271 271 271 271 271 271 271 271 271 272 272 272 272 272 272 272 272 272 272 272 272 272 272 272 272 272 272 273 273 273 273 273 273 273 273 273 273 273 273 273 274 274 274 274 274 274 274 274 274 274 274 274 274 274 274 274 274 274 274 275 275 275 275 275 275 275 275 275 275 275 275 275 275 275 275 275 275 275 276 276 276 276 276 276 275 275 276 276 276 276 276 276 276 276 276 276 276 276 276 277 277 276 276 276 277 276 276 276 276 276 277 277 277 277 277 277 277 277 277 277 277 277 277 277 277 277 277 277 278 278 278 278 278 278 280 280 280 280 280 280 280 280 280 280 280 280 280 280 280 280 280 280 280 280 280 281 281 281 281 281 281 281 281 281 281 281 281 281 281 281 281 281 281 281 281 281 281 281 281 281 281 281 281 281 281 281 281 281 281 281 281 281 281 281 281 281 281 281 281 281 281 269 269 269 269 269 270 270 270 270 270 270 270 270 270 270 270 270 270 270 270 270 270 270 270 270 270 270 270 270 270 270 270 270 270 271 271 271 271 271 271 271 271 271 271 271 271 271 271 271 271 271 271 271 271 271 271 271 272 272 272 272 272 272 272 272 272 272 272 272 272 272 272 272 272 272 273 273 273 273 273 273 273 273 273 273 273 273 273 274 274 274 274 274 274 274 274 274 274 274 274 274 274 274 274 274 274 274 275 275 275 275 275 275 275 275 275 275 275 275 275 275 275 275 275 275 276 276 276 276 275 275 275 275 275 276 276 276 276 276 276 276 276 276 276 276 276 277 276 276 276 276 277 277 276 276 276 276 277 277 277 277 277 277 277 277 277 277 277 277 277 277 277 277 277 277 277 277 278 278 278 278 280 280 280 280 280 280 280 280 280 280 280 280 280 280 280 280 280 280 280 280 280 280 280 280 280 281 281 281 281 281 281 281 281 281 281 281 281 281 281 281 281 281 281 281 281 281 281 281 281 281 281 281 281 281 281 281 281 281 281 281 281 281 281 281 281 281 281 281 269 269 269 269 269 269 269 269 269 269 270 270 270 270 270 270 270 270 270 270 270 270 270 270 270 270 270 270 270 270 270 270 270 270 270 270 270 270 271 271 271 271 271 271 271 271 271 271 271 271 271 271 271 271 271 271 271 271 271 271 271 272 272 272 272 272 272 272 272 272 272 272 272 272 272 272 272 272 272 273 273 273 273 273 273 273 273 273 273 273 273 273 274 274 274 274 274 274 274 274 274 274 274 274 274 274 274 274 274 274 274 275 275 275 275 275 275 275 275 275 275 275 275 275 275 275 275 275 276 276 276 275 275 275 275 276 275 275 276 276 276 276 276 276 276 276 276 276 276 276 276 276 276 276 276 276 276 276 276 276 277 277 277 277 277 277 277 277 277 277 277 277 277 277 277 277 277 277 277 277 277 278 278 278 280 280 280 280 280 280 280 280 280 280 280 280 280 280 280 280 280 280 280 280 280 280 280 280 280 281 281 281 281 281 281 281 281 281 281 281 281 281 281 281 281 281 281 281 281 281 281 281 281 281 281 281 281 281 281 281 281 281 281 281 281 281 281 281 281 281 281 281 281 281 281 281 281 281 281 281 281 281 281 281 281 281 281 281 281 281 269 269 269 269 269 269 269 269 269 270 270 270 270 270 270 270 270 270 270 270 270 270 270 270 270 270 270 270 270 270 270 270 270 270 270 270 271 271 271 271 271 271 271 271 271 271 271 271 271 271 271 271 271 271 271 271 271 271 272 272 272 272 272 272 272 272 272 272 272 272 272 272 272 272 272 272 272 273 273 273 273 273 273 273 273 273 273 273 273 273 274 274 274 274 274 274 274 274 274 274 274 274 274 274 274 274 274 274 274 275 275 275 275 275 275 275 275 275 275 275 275 275 275 275 275 275 275 275 275 275 275 275 275 275 275 275 276 276 276 276 276 276 276 276 276 276 276 276 276 276 276 276 276 276 276 276 276 276 277 277 277 277 277 277 277 277 277 277 277 277 277 277 277 277 277 277 277 277 277 277 278 280 280 280 280 280 280 280 280 280 280 280 280 280 280 280 280 280 280 280 280 280 280 280 280 280 281 281 281 281 281 281 281 281 281 281 281 281 281 281 281 281 281 281 281 281 281 281 281 281 281 281 281 281 281 281 281 281 281 281 281 281 281 281 281 281 281 281 281 281 281 281 281 281 281 281 281 281 281 281 281 281 281 281 281 281 281 281 281 281 269 269 269 269 269 269 269 269 269 269 269 270 270 270 270 270 270 270 270 270 270 270 270 270 270 270 270 270 270 270 270 270 270 270 270 270 270 270 270 271 271 271 271 271 271 271 271 271 271 271 271 271 271 271 271 271 271 271 271 271 271 272 272 272 272 272 272 272 272 272 272 272 272 272 272 272 272 272 272 273 273 273 273 273 273 273 273 273 273 273 273 273 274 274 274 274 274 274 274 274 274 274 274 274 274 274 274 274 274 274 274 275 275 275 275 275 275 275 275 275 275 275 275 275 275 275 275 275 275 275 275 275 275 275 275 275 275 275 276 276 276 276 276 276 276 276 276 276 276 276 276 276 276 276 276 276 276 276 276 276 276 277 277 277 277 277 277 277 277 277 277 277 277 277 277 277 277 277 277 277 277 277 280 280 280 280 280 280 280 280 280 280 280 280 280 280 280 280 280 280 280 280 280 280 280 280 280 280 281 281 281 281 281 281 281 281 281 281 281 281 281 281 281 281 281 281 281 281 281 281 281 281 281 281 281 281 281 281 281 281 281 281 281 281 281 281 281 281 281 281 281 281 281 281 281 281 281 281 281 281 281 281 281 281 281 281 281 281 281 281 281 281 281 269 269 269 269 269 269 269 269 269 269 269 269 270 270 270 270 270 270 270 270 270 270 270 270 270 270 270 270 270 270 270 270 270 270 270 270 270 270 270 270 271 271 271 271 271 271 271 271 271 271 271 271 271 271 271 271 271 271 271 271 271 272 272 272 272 272 272 272 272 272 272 272 272 272 272 272 272 272 272 273 273 273 273 273 273 273 273 273 273 273 273 273 274 274 274 274 274 274 274 274 274 274 274 274 274 274 274 274 274 274 274 275 275 275 275 275 275 275 275 275 275 275 275 275 275 275 275 275 275 275 275 275 275 275 275 275 276 275 276 276 276 276 276 276 276 276 276 276 276 276 276 276 276 276 276 276 276 276 276 276 276 276 277 277 277 277 277 277 277 277 277 277 277 277 277 277 277 277 277 277 277 280 280 280 280 280 280 280 280 280 280 280 280 280 280 280 280 280 280 280 280 280 280 280 280 280 280 280 281 281 281 281 281 281 281 281 281 281 281 281 281 281 281 281 281 281 281 281 281 281 281 281 281 281 281 281 281 281 281 281 281 281 281 281 281 281 281 281 281 281 281 281 281 281 281 281 281 281 281 281 281 281 281 281 281 281 281 281 281 281 281 281 281 269 269 269 269 269 269 269 269 269 269 269 269 269 269 269 270 270 270 270 270 270 270 270 270 270 270 270 270 270 270 270 270 270 270 270 270 270 270 270 270 270 270 270 270 270 271 271 271 271 271 271 271 271 271 271 271 271 271 271 271 271 271 271 271 272 272 272 272 272 272 272 272 272 272 272 272 272 272 272 272 272 272 273 273 273 273 273 273 273 273 273 273 273 273 273 273 273 274 274 274 274 274 274 274 274 274 274 274 274 274 274 274 274 274 275 275 275 275 275 275 275 275 275 275 275 275 275 275 275 275 275 275 275 275 275 275 275 275 275 275 275 275 276 276 276 276 276 275 275 276 276 276 276 276 276 276 276 276 276 276 276 276 276 276 276 277 277 277 277 277 277 277 277 277 277 277 277 277 277 277 277 277 277 279 279 280 280 280 280 280 280 280 280 280 280 280 280 280 280 280 280 280 280 280 280 280 280 280 280 280 280 281 281 281 281 281 281 281 281 281 281 281 281 281 281 281 281 281 281 281 281 281 281 281 281 281 281 281 281 281 281 281 281 281 281 281 281 281 281 280 281 281 281 281 281 281 281 281 281 281 281 281 281 281 281 281 281 281 281 281 281 281 281 281 281 281 269 269 269 269 269 269 269 269 269 269 269 269 269 269 269 269 269 269 270 270 270 270 270 270 270 270 270 270 270 270 270 270 270 270 270 270 270 270 270 270 270 270 270 270 270 270 271 271 271 271 271 271 271 271 271 271 271 271 271 271 271 271 271 271 271 271 272 272 272 272 272 272 272 272 272 272 272 272 272 272 272 272 272 272 273 273 273 273 273 273 273 273 273 273 273 273 273 273 273 274 274 274 274 274 274 274 274 274 274 274 274 274 274 274 274 274 274 275 275 275 275 275 275 275 275 275 275 275 275 275 275 275 275 275 275 275 275 275 275 275 275 275 275 276 276 276 276 275 275 276 276 276 276 276 276 276 276 276 276 276 276 276 276 276 276 276 276 277 277 277 277 277 277 277 277 277 277 277 277 277 277 277 277 277 279 279 279 280 280 280 280 280 280 280 280 280 280 280 280 280 280 280 280 280 280 280 280 280 280 280 280 280 280 280 280 281 281 281 281 281 281 281 281 281 281 281 281 281 281 281 281 281 281 281 281 281 281 281 281 281 281 281 281 281 281 281 281 281 281 281 280 280 281 281 281 281 281 281 281 281 281 281 281 281 281 281 281 281 281 281 281 281 281 281 281 281 281 269 269 269 269 269 269 269 269 269 269 269 269 269 269 269 269 269 270 270 270 270 270 270 270 270 270 270 270 270 270 270 270 270 270 270 270 270 270 270 270 270 270 270 270 270 271 271 271 271 271 271 271 271 271 271 271 271 271 271 271 271 271 271 271 271 272 272 272 272 272 272 272 272 272 272 272 272 272 272 272 272 272 273 273 273 273 273 273 273 273 273 273 273 273 273 273 273 273 274 274 274 274 274 274 274 274 274 274 274 274 274 274 274 274 274 274 275 274 274 274 275 275 275 275 275 275 275 275 275 275 275 275 275 275 275 275 275 275 275 275 275 275 275 275 275 275 275 275 276 276 276 276 276 276 276 276 276 276 276 276 276 276 276 276 276 276 276 277 277 277 277 277 277 277 277 277 277 277 277 277 277 277 279 279 279 279 280 280 280 280 280 280 280 280 280 280 280 280 280 280 280 280 280 280 280 280 280 280 280 280 280 280 280 280 281 281 281 281 281 281 281 281 281 281 281 281 281 281 281 281 281 281 281 281 281 281 281 281 281 281 281 281 281 281 281 281 281 281 280 280 281 281 281 280 281 280 281 281 281 281 281 281 281 281 281 281 281 281 281 281 281 281 281 281 281 269 269 269 269 269 269 269 269 269 269 269 269 269 269 269 269 269 269 269 269 269 270 270 270 270 270 270 270 270 270 270 270 270 270 270 270 270 270 270 270 270 270 270 270 270 270 270 270 271 271 271 271 271 271 271 271 271 271 271 271 271 271 271 271 271 271 271 271 272 272 272 272 272 272 272 272 272 272 272 272 272 272 272 272 273 273 273 273 273 273 273 273 273 273 273 273 273 273 273 273 273 274 274 274 274 274 274 274 274 274 274 274 274 274 274 274 274 274 274 274 274 274 274 275 275 275 275 275 275 275 275 275 275 275 275 275 275 275 275 275 275 275 275 275 275 275 275 275 275 275 275 275 276 276 276 276 276 276 276 276 276 276 276 276 276 276 276 276 276 276 277 277 277 277 277 277 277 277 277 277 277 277 277 277 279 279 279 279 279 280 280 280 280 280 280 280 280 280 280 280 280 280 280 280 280 280 280 280 280 280 280 280 280 280 280 280 280 281 281 281 281 281 281 281 281 281 281 281 281 281 281 281 281 281 280 281 281 281 281 281 281 281 281 281 281 281 281 281 281 281 281 281 281 281 281 281 281 281 281 281 281 281 281 281 281 281 281 281 281 281 281 281 281 281 281 281 281 281 280 280 280 280 269 269 269 269 269 269 269 269 269 269 269 269 269 269 269 269 269 269 269 269 269 269 269 270 270 270 270 270 270 270 270 270 270 270 270 270 270 270 270 270 270 270 270 270 270 270 270 270 271 271 271 271 271 271 271 271 271 271 271 271 271 271 271 271 271 271 271 271 271 271 272 272 272 272 272 272 272 272 272 272 272 272 272 273 273 273 273 273 273 273 273 273 273 273 273 273 273 273 273 273 273 273 274 274 274 274 274 274 274 274 274 274 274 274 274 274 274 274 274 274 274 274 274 274 275 275 275 275 275 275 275 275 275 275 275 275 275 275 275 275 275 275 275 275 275 275 275 275 275 275 275 275 275 276 276 276 276 276 276 276 276 276 276 276 276 276 276 276 276 276 277 277 277 277 277 277 277 277 277 277 277 277 277 279 279 279 279 279 279 279 279 280 280 280 280 280 280 280 280 280 280 280 280 280 280 280 280 280 280 280 280 280 280 280 280 280 280 281 281 281 281 281 281 281 280 281 281 281 280 280 281 281 281 281 281 281 281 281 281 281 281 281 281 281 281 281 281 281 281 281 281 281 281 281 281 281 281 281 281 281 281 281 281 281 281 281 281 281 281 281 281 281 281 281 281 281 281 281 281 281 281 281 281 280 280 269 269 269 269 269 269 269 269 269 269 269 269 269 269 269 269 269 269 269 269 269 269 269 269 269 269 269 269 270 270 270 270 270 270 270 270 270 270 270 270 270 270 270 270 270 270 270 270 270 270 270 271 271 271 271 271 271 271 271 271 271 271 271 271 271 271 271 271 271 271 271 271 271 272 272 272 272 272 272 272 272 272 272 272 273 273 273 273 273 273 273 273 273 273 273 273 273 273 273 273 273 273 273 273 273 274 274 274 274 274 274 274 274 274 274 274 274 274 274 274 274 274 274 274 274 275 275 275 275 275 275 275 275 275 275 275 275 275 275 275 275 275 275 275 275 276 275 275 275 275 275 275 275 275 275 276 276 276 276 276 276 276 276 276 276 276 276 276 276 276 276 277 277 277 277 277 277 277 277 277 277 277 277 277 279 279 279 279 279 279 279 279 279 280 280 280 280 280 280 280 280 280 280 280 280 280 280 280 280 280 280 280 280 280 280 280 280 280 280 281 281 281 281 281 281 280 281 281 281 280 281 281 281 281 281 281 281 281 281 281 281 281 281 281 281 281 281 281 281 281 281 281 281 281 281 281 281 281 281 281 281 281 281 281 281 281 281 281 281 281 281 281 281 281 281 281 281 281 281 281 281 281 281 281 281 281 280 269 269 269 269 269 269 269 269 269 269 269 269 269 269 269 269 269 269 269 269 269 269 269 269 269 269 269 269 269 269 269 269 269 270 270 270 270 270 270 270 270 270 270 270 270 270 270 270 270 270 270 270 270 270 271 271 271 271 271 271 271 271 271 271 271 271 271 271 271 271 271 271 271 271 271 271 271 272 272 272 272 272 272 272 272 272 272 273 273 273 273 273 273 273 273 273 273 273 273 273 273 273 273 273 273 273 273 274 274 274 274 274 274 274 274 274 274 274 274 274 274 274 274 274 274 274 274 274 275 275 275 275 275 275 275 275 275 275 275 275 275 275 275 275 275 275 275 276 276 275 275 275 275 275 275 275 275 276 276 276 276 276 276 276 276 276 276 276 276 276 276 276 276 276 276 277 277 277 277 277 277 277 277 277 277 277 279 279 279 279 279 279 279 279 279 280 280 280 280 280 280 280 280 280 280 280 280 280 280 280 280 280 280 280 280 280 280 280 280 280 280 281 281 281 281 280 281 280 280 280 280 281 281 281 281 281 281 281 281 281 281 281 281 281 281 281 281 281 281 281 281 281 281 281 281 281 281 281 281 281 281 281 281 281 281 281 280 281 281 281 281 281 281 281 281 281 281 281 281 281 281 281 281 281 282 282 282 282 281 281 280 280 269 269 269 269 269 269 269 269 269 269 269 269 269 269 269 269 269 269 269 269 269 269 269 269 269 269 269 269 269 269 269 269 269 269 269 270 270 270 270 270 270 270 270 270 270 270 270 270 270 270 270 270 270 270 270 270 270 270 271 270 271 271 271 271 271 271 271 271 271 271 271 271 271 271 271 271 271 272 272 272 272 272 272 272 272 272 272 272 273 273 273 273 273 273 273 273 273 273 273 273 273 273 273 273 273 273 273 273 274 274 274 274 274 274 274 274 274 274 274 274 274 274 274 274 274 274 274 275 275 275 275 275 275 275 275 275 275 275 275 275 275 275 275 275 275 275 275 275 275 275 275 275 275 275 275 275 275 276 276 276 276 276 276 276 276 276 276 276 276 276 276 276 276 276 276 276 277 277 277 277 277 277 277 277 277 277 279 279 279 279 279 279 279 279 279 279 279 279 279 280 280 280 280 280 280 280 280 280 280 280 280 280 280 280 280 280 280 280 280 280 280 280 281 281 280 280 281 281 281 281 281 281 281 281 281 281 281 281 281 281 281 281 281 281 281 281 281 281 281 281 281 281 281 281 281 281 281 281 281 281 281 281 281 281 281 280 280 281 281 281 281 281 281 281 281 281 281 281 281 281 281 281 281 281 282 282 282 282 281 281 281 281 281 280 280 268 269 269 269 269 269 269 268 268 268 268 268 268 269 269 269 269 269 269 268 269 269 269 269 269 269 269 269 269 269 269 269 269 269 269 270 270 270 270 270 270 270 270 270 270 270 270 270 270 270 270 270 270 270 270 270 270 270 270 270 271 271 271 271 271 271 271 271 271 271 271 271 271 271 271 271 271 271 271 272 272 272 272 272 272 272 272 272 272 272 273 273 273 273 273 273 273 273 273 273 273 273 273 273 273 273 273 273 273 273 274 274 274 274 274 274 274 274 274 274 274 274 274 274 274 274 274 274 274 275 275 275 275 275 275 275 275 275 275 275 275 275 275 275 275 275 275 275 275 275 275 275 275 275 275 275 275 275 275 275 276 276 276 276 276 276 276 276 276 276 276 276 276 276 276 276 276 276 276 276 276 276 277 277 277 277 277 279 279 279 279 279 279 279 279 279 279 279 279 279 279 280 280 280 280 280 280 280 280 280 280 280 280 280 280 280 280 280 280 280 280 280 280 280 280 280 280 280 281 280 281 281 281 281 281 281 281 280 281 281 281 281 281 281 281 281 281 281 281 281 281 281 281 281 281 281 281 281 281 281 281 281 281 281 281 281 280 281 281 281 281 281 281 281 281 281 281 281 281 281 281 281 281 281 281 281 281 281 281 281 281 281 281 282 282 282 282 282 282 282 282 281 280 280 280 268 268 268 268 268 268 268 268 268 268 268 268 268 268 268 268 269 268 268 269 269 269 269 269 269 269 269 269 269 269 269 269 269 269 269 270 270 270 270 270 270 270 270 270 270 270 270 270 270 270 270 270 270 270 270 270 270 270 270 271 270 271 271 271 271 271 271 271 271 271 271 271 271 271 271 271 271 271 272 272 272 272 272 272 272 272 272 272 272 272 273 273 273 273 273 273 273 273 273 273 273 273 273 273 273 273 273 273 273 274 274 274 274 274 274 274 274 274 274 274 274 274 274 274 274 274 274 274 275 274 274 275 275 275 275 275 275 275 275 275 275 275 275 275 275 275 275 275 275 275 275 275 275 275 275 275 275 275 275 275 276 276 276 276 276 276 276 276 276 276 276 276 276 276 276 276 276 276 276 276 276 276 276 276 276 276 279 279 279 279 279 279 279 279 279 279 279 279 279 279 279 279 280 280 280 280 280 280 280 280 280 280 280 280 280 280 280 280 280 280 280 280 280 280 280 280 280 280 280 281 281 280 281 281 281 281 280 281 281 281 281 281 281 281 281 281 281 281 281 281 281 281 281 281 281 281 281 281 281 281 281 281 281 281 281 280 281 281 281 281 281 281 281 281 281 281 281 281 281 281 281 281 281 281 281 279 279 279 279 281 281 281 281 281 281 281 281 281 281 281 282 281 281 282 282 282 282 282 282 282 281 281 281 281 280 280 280 268 268 268 268 268 268 268 268 268 268 268 268 268 268 268 268 268 268 268 269 268 268 268 268 269 269 269 269 269 269 269 269 269 269 269 269 269 269 270 270 270 269 270 270 270 270 270 270 270 270 270 270 270 270 270 270 270 270 270 270 270 270 270 270 270 271 271 271 271 271 271 271 271 271 271 271 271 271 271 271 271 272 272 272 272 272 272 272 272 272 272 272 272 272 273 273 273 273 273 273 273 273 273 273 273 273 273 273 273 273 273 273 273 273 273 273 273 273 273 273 273 274 274 274 274 274 274 274 274 274 274 274 274 275 274 274 275 275 275 275 275 275 275 275 275 275 275 275 275 275 275 275 275 275 275 275 275 275 275 275 276 275 275 275 275 276 276 276 276 276 276 276 276 276 276 276 276 276 276 276 276 276 276 276 276 276 276 276 276 278 279 279 279 279 279 279 279 279 279 279 279 279 279 279 279 279 280 280 280 280 280 280 280 280 280 280 280 280 280 280 280 280 280 280 280 280 280 280 280 280 280 280 281 281 280 281 281 281 281 280 280 281 281 281 281 281 281 281 281 281 281 281 281 281 281 281 281 281 281 281 281 281 281 281 281 281 281 281 281 281 281 281 281 281 281 281 281 281 281 281 281 281 281 281 281 281 281 281 281 280 280 280 280 279 279 279 279 279 279 280 280 280 280 279 279 280 280 280 281 281 282 281 281 282 281 282 282 282 281 281 282 282 282 282 282 282 282 282 282 282 281 281 281 281 280 280 280 268 268 268 268 268 268 268 268 268 268 268 268 268 268 268 268 268 268 268 268 268 268 268 268 268 268 268 269 269 269 269 269 269 269 269 269 269 269 269 270 270 270 270 270 270 270 270 270 270 270 270 270 270 270 270 270 270 270 270 270 270 270 270 270 270 271 271 271 271 271 271 271 271 271 271 271 271 271 271 271 271 272 272 272 272 272 272 272 272 272 272 272 272 272 272 273 273 273 273 273 273 273 273 273 273 273 273 273 273 273 273 273 273 273 273 273 273 273 273 273 273 274 274 274 274 274 274 274 274 274 274 274 274 274 274 274 275 275 275 275 275 275 275 275 275 275 275 275 275 275 275 275 275 275 275 275 275 275 275 275 275 275 275 275 276 276 276 276 276 276 276 276 276 276 276 276 276 276 276 276 276 276 276 276 276 276 276 276 279 279 279 279 279 279 279 279 279 279 279 279 279 279 279 279 279 279 280 280 280 280 280 280 280 280 280 280 280 280 280 280 280 280 280 280 280 280 280 280 280 280 280 280 281 280 280 281 281 281 280 280 281 281 281 281 281 281 281 281 281 281 281 281 281 281 281 281 281 281 281 281 281 281 281 281 281 281 280 281 281 281 281 281 281 281 281 281 281 281 281 281 281 281 281 281 281 281 281 281 280 280 280 280 280 280 280 280 280 280 280 279 280 280 280 280 280 279 279 280 280 280 280 280 280 280 280 280 280 281 282 282 282 282 282 282 282 282 282 282 282 282 282 282 282 282 282 282 282 282 282 282 282 281 281 281 280 281 281 268 268 268 268 268 268 268 268 268 268 268 268 268 268 268 268 268 268 268 268 268 269 269 268 268 269 269 268 269 269 269 269 269 269 269 269 269 269 269 269 269 269 269 270 269 270 270 270 270 270 270 270 270 270 270 270 270 270 270 270 270 270 270 270 270 270 271 271 271 271 271 271 271 271 271 271 271 271 271 271 271 271 271 272 272 272 272 272 272 272 272 272 272 272 272 272 272 272 273 273 273 273 273 273 273 273 273 273 273 273 273 273 273 273 273 273 273 273 273 273 273 273 273 274 274 274 274 274 274 274 274 274 274 274 274 274 274 275 275 274 275 275 275 275 275 275 275 275 274 275 275 275 275 275 275 275 275 275 275 275 275 275 275 275 275 276 276 276 276 276 276 276 276 275 276 276 276 276 276 276 276 276 276 276 276 276 276 276 276 279 279 279 279 279 279 279 279 279 279 279 279 279 279 279 279 279 279 280 280 280 280 280 280 280 280 280 280 280 280 280 280 280 280 280 280 280 280 280 280 280 280 280 280 281 280 280 280 281 281 280 280 280 280 281 281 281 281 281 280 281 281 281 281 281 281 281 281 281 281 281 281 281 281 281 281 281 281 280 281 281 281 281 281 281 281 281 281 281 281 281 281 281 281 281 281 281 281 281 281 280 280 280 280 280 280 280 280 280 279 279 279 280 280 280 280 280 280 280 280 279 280 280 280 280 280 280 280 280 280 280 280 280 280 280 281 282 282 282 282 282 282 282 282 282 282 282 282 282 282 282 282 282 282 282 282 282 282 281 281 281 281 281 281 281 281 281 268 268 268 268 268 268 268 268 268 268 268 268 268 268 268 268 268 268 268 268 268 268 269 269 268 268 268 269 269 268 268 268 269 269 269 269 269 269 269 269 269 269 270 269 269 269 269 269 269 269 270 270 270 270 270 270 270 270 270 270 270 270 270 270 270 270 270 270 270 270 270 271 271 271 271 271 271 271 271 271 271 271 271 271 271 271 272 272 272 272 272 272 272 272 272 272 272 272 272 272 272 273 273 273 273 273 273 273 273 273 273 273 273 273 273 273 273 273 273 273 273 273 273 273 273 274 274 274 274 274 274 274 274 274 274 274 274 274 274 274 275 274 274 274 274 275 275 275 275 275 274 275 274 275 275 275 275 275 275 275 275 275 275 275 276 276 276 276 275 275 275 275 275 275 275 275 276 276 276 276 276 276 276 276 276 276 276 276 276 276 276 279 279 279 279 279 279 279 279 279 279 279 279 279 279 279 279 279 279 279 280 280 280 280 280 280 280 280 280 280 280 280 280 280 280 280 280 280 280 280 280 280 280 280 280 280 280 280 280 280 281 280 280 280 280 281 281 281 281 281 280 281 281 281 281 281 281 281 281 281 281 281 281 281 281 281 281 281 281 281 281 281 281 280 281 281 281 281 281 281 281 281 281 281 281 281 281 281 281 281 281 280 280 280 280 280 279 279 280 280 280 279 280 280 280 280 280 280 280 280 280 280 280 280 280 280 280 281 280 280 280 280 280 280 280 280 280 280 280 280 279 280 281 282 282 282 282 282 282 282 282 282 282 282 282 282 282 282 282 282 282 282 282 282 282 282 282 281 281 281 281 281 281 281 281 281 281 281 268 268 268 268 268 268 268 268 268 268 268 268 268 268 268 268 268 268 268 268 269 269 269 269 269 269 269 269 269 269 269 268 268 268 268 268 269 269 269 269 269 269 269 269 269 269 269 269 269 269 269 269 270 270 270 270 270 270 270 270 270 270 270 270 270 270 270 270 270 270 270 270 270 271 271 271 271 271 271 271 271 271 271 271 271 271 271 271 271 272 272 272 272 272 272 272 272 272 272 272 272 272 272 272 272 272 272 272 273 273 273 273 273 273 273 273 273 273 273 273 273 273 273 273 273 274 274 274 274 274 274 274 274 274 274 274 274 274 274 274 274 274 274 274 274 274 274 274 275 275 275 275 275 275 275 275 275 275 275 275 275 275 275 275 275 275 275 275 275 275 275 275 275 275 275 275 276 275 276 276 276 276 276 276 276 276 276 276 276 276 276 276 277 279 279 279 279 279 279 279 279 279 279 279 279 279 279 279 279 279 279 279 279 280 280 280 280 280 280 280 280 280 280 280 280 280 280 280 280 280 280 280 280 280 280 280 280 280 280 280 280 280 281 280 280 280 280 281 281 281 281 281 281 281 281 281 281 281 281 281 281 281 281 281 281 281 281 281 281 281 281 281 281 281 281 280 280 281 281 281 281 281 280 281 281 281 281 281 281 281 281 281 281 280 280 280 280 280 279 280 281 281 280 280 280 280 280 280 281 280 280 280 279 280 281 280 280 281 281 280 280 280 280 280 280 280 281 280 279 280 281 280 279 281 281 281 281 282 282 282 282 282 282 282 282 282 282 282 282 282 282 282 282 282 282 282 282 282 281 281 281 281 281 281 281 281 281 281 281 281 281 281 281 268 268 268 268 268 268 268 268 268 268 268 268 268 268 268 268 268 268 268 268 268 268 268 268 269 269 269 268 269 269 269 269 269 269 268 268 268 269 269 269 269 269 269 269 269 269 269 269 269 269 269 269 269 269 270 270 270 270 270 270 270 270 270 270 270 270 270 270 270 270 270 270 270 270 271 271 271 271 271 271 271 271 271 271 271 271 271 271 271 271 271 272 272 272 272 272 272 272 272 272 272 272 272 272 272 272 272 272 272 273 273 273 273 273 273 273 273 273 273 273 273 273 273 273 273 273 273 274 274 274 273 273 273 274 274 274 274 274 274 274 274 274 274 274 274 274 274 274 274 274 275 275 275 275 275 274 274 274 274 275 275 275 275 275 275 275 275 275 275 275 275 276 276 276 276 275 276 276 276 276 276 276 276 276 276 276 276 276 276 276 276 276 276 279 279 279 279 279 279 279 279 279 279 279 279 279 279 279 279 279 279 279 279 279 280 280 280 280 280 280 280 280 280 280 280 280 280 280 280 280 280 280 280 280 280 280 280 280 280 280 280 280 280 280 280 280 280 280 281 281 281 281 281 281 280 281 281 281 281 281 281 281 281 280 280 281 281 281 281 281 281 281 281 281 281 280 280 281 281 281 281 281 281 281 281 281 281 281 280 281 281 281 281 280 280 280 279 280 280 280 280 281 281 281 281 281 281 281 281 281 280 280 280 280 281 281 280 280 280 280 280 280 280 280 280 280 281 280 279 280 280 280 280 281 281 281 281 282 282 281 282 282 282 282 282 282 282 282 282 282 282 282 282 282 282 282 282 282 281 281 281 281 281 281 281 281 281 281 281 281 281 281 281 281 281 281 281 281 281 281 281 281 268 268 268 268 268 268 268 268 268 268 268 268 268 268 268 268 268 268 268 268 268 268 268 268 268 268 268 268 268 268 269 269 269 269 268 268 268 268 269 269 269 269 269 269 269 269 269 269 269 269 269 269 269 269 270 270 270 270 270 270 270 270 270 270 270 270 270 270 270 270 270 270 270 270 271 271 271 271 271 271 271 271 271 271 271 271 271 271 271 271 271 271 272 272 272 272 272 272 272 272 272 272 272 272 272 272 272 272 272 272 273 273 273 273 273 273 273 273 273 273 273 273 273 273 273 273 273 273 273 273 273 274 274 274 274 274 274 274 274 274 274 274 274 274 274 274 274 274 274 274 274 275 275 275 275 274 274 274 275 275 275 275 275 275 275 275 275 275 275 275 275 275 276 275 275 275 275 275 276 276 276 276 276 276 276 276 276 276 276 276 276 276 276 278 278 278 278 278 279 279 279 279 279 279 279 279 279 279 279 279 279 279 279 279 279 280 280 280 280 280 280 280 280 280 280 280 280 280 280 280 280 280 280 280 280 280 280 280 280 280 280 280 280 280 280 280 280 280 280 280 281 281 281 280 280 281 281 281 281 281 281 281 281 281 281 281 281 281 281 281 281 281 280 280 280 280 280 281 281 281 280 281 281 281 281 281 281 281 280 281 281 281 281 280 280 280 280 280 281 280 280 280 281 280 280 281 281 281 281 281 280 280 280 280 281 280 280 280 280 280 280 280 280 281 280 281 281 280 280 280 280 281 281 279 279 280 281 281 282 282 282 281 281 282 282 282 282 282 282 282 282 282 282 282 282 282 282 282 282 282 281 281 281 281 281 281 281 281 281 281 281 281 281 281 281 281 281 281 281 281 281 281 281 281 280 280 268 268 268 268 268 268 268 268 268 268 268 268 268 268 268 268 268 268 268 268 268 268 268 268 268 268 268 268 268 268 268 268 268 269 269 269 269 268 268 269 269 269 269 269 269 269 269 269 269 269 269 269 269 269 269 270 270 270 270 269 270 270 270 270 270 270 270 270 270 270 270 270 270 270 270 270 271 271 271 271 271 271 271 271 271 271 271 271 271 271 271 271 271 271 272 272 272 272 272 272 272 272 272 272 272 272 272 272 272 272 272 272 273 273 273 273 273 273 273 273 273 273 273 273 273 273 273 273 273 273 273 274 274 274 274 274 274 274 274 274 274 274 274 274 274 274 274 274 274 274 274 274 275 275 275 275 274 274 274 275 275 275 275 275 275 275 275 275 275 275 275 275 275 275 275 275 275 275 275 276 275 275 276 275 276 276 276 276 276 276 276 276 276 276 278 278 278 278 278 278 279 279 279 279 279 279 279 279 279 279 279 279 279 279 279 279 279 280 280 280 280 280 280 280 280 280 280 280 280 280 280 280 280 280 280 280 280 280 280 280 280 280 280 280 280 280 280 280 280 280 280 280 281 280 280 280 280 281 281 281 281 281 281 281 281 281 281 281 281 281 281 281 281 280 280 280 280 280 280 281 281 281 281 281 281 281 281 281 281 280 280 281 281 281 280 280 280 280 280 280 280 280 280 281 280 280 280 281 281 281 281 280 280 280 281 280 280 280 280 280 281 280 280 280 281 281 281 281 280 280 280 280 281 281 280 279 280 281 282 282 282 282 282 281 282 282 282 282 282 282 281 282 282 282 282 282 282 282 282 282 282 281 282 281 281 281 281 281 281 281 281 281 281 281 281 281 281 281 281 281 281 281 281 281 281 281 281 280 280 280 268 268 268 268 268 268 268 268 268 268 268 268 268 268 268 268 268 268 268 268 268 268 268 268 268 268 268 268 268 268 268 268 268 268 268 269 269 269 269 268 268 269 269 269 269 269 269 269 269 269 269 269 269 269 269 269 269 269 269 269 269 270 270 270 270 270 270 270 270 270 270 270 270 270 270 270 270 271 271 271 271 271 271 271 271 271 271 271 271 271 271 271 271 271 271 272 272 272 272 272 272 272 272 272 272 272 272 272 272 272 272 272 272 272 273 273 273 273 273 273 273 273 273 273 273 273 273 273 273 273 273 273 273 274 274 274 274 274 274 274 274 274 274 274 274 274 274 274 274 274 274 274 274 274 275 275 275 275 274 274 275 275 274 274 275 275 275 275 275 275 275 275 275 275 275 275 275 275 275 275 275 275 275 275 275 275 275 275 275 275 276 276 276 276 276 278 278 278 278 278 278 278 278 279 279 279 279 279 279 279 279 279 279 279 279 279 279 279 280 280 280 280 280 280 280 280 280 280 280 280 280 280 280 280 280 280 280 280 280 280 280 280 280 280 280 280 280 280 280 280 280 280 280 280 281 280 280 280 280 281 281 281 281 281 281 281 281 280 281 281 281 281 281 281 280 280 280 280 280 280 280 281 281 281 281 281 281 281 281 281 281 281 280 281 281 279 280 280 280 280 280 280 280 280 280 280 280 280 280 281 281 281 280 281 281 281 281 280 281 280 280 281 281 280 280 280 281 281 281 281 280 280 280 281 280 281 280 279 280 281 282 282 282 281 281 281 281 282 282 282 282 282 282 281 281 281 281 281 282 282 282 282 282 281 281 281 281 281 281 281 281 281 281 281 281 281 281 281 281 281 281 281 281 281 281 281 281 281 281 281 280 280 280 280 267 267 267 267 267 267 267 267 267 267 267 267 267 267 267 267 267 267 267 267 267 267 267 267 267 267 267 267 267 268 267 268 268 268 268 268 268 268 268 268 268 268 268 268 268 269 269 269 269 269 269 269 269 269 269 269 269 269 269 269 269 269 269 269 269 269 269 269 270 269 270 270 270 270 270 270 270 270 270 270 270 270 270 270 270 270 270 270 270 270 270 271 271 271 271 271 271 271 271 271 271 272 272 272 272 272 272 272 272 272 272 272 272 272 272 272 272 272 272 272 272 272 272 272 272 272 273 273 273 273 273 273 273 273 273 273 273 273 273 273 273 273 273 273 273 273 273 273 273 274 274 274 274 274 274 274 274 274 274 274 274 274 274 274 274 274 274 274 274 274 274 274 274 274 274 274 274 274 274 274 274 274 274 274 274 274 274 275 275 275 275 275 275 275 275 276 276 276 276 276 276 276 276 276 276 276 276 276 276 276 276 276 276 276 277 277 277 277 277 277 277 277 277 277 277 277 277 277 277 277 277 277 277 277 278 278 278 278 277 277 277 278 278 278 277 280 280 280 281 281 281 281 281 281 281 281 281 281 281 281 281 281 281 281 281 281 281 281 281 281 281 281 281 281 281 281 281 281 281 281 281 281 281 281 281 281 281 281 281 281 281 281 281 281 281 281 281 281 281 281 282 281 281 281 281 281 281 281 282 282 282 282 282 282 282 282 282 282 282 282 282 282 281 281 281 281 281 281 282 282 281 281 281 281 282 281 281 280 281 281 281 282 282 282 282 282 282 282 282 282 283 282 282 282 282 282 282 281 282 282 282 282 282 282 282 282 282 282 280 281 281 281 281 281 281 281 281 281 281 281 281 281 281 281 281 281 281 281 281 281 281 280 280 280 280 280 280 267 267 267 267 267 267 267 267 267 267 267 267 267 267 267 267 267 267 267 267 267 267 267 268 268 268 268 268 267 268 268 268 268 268 268 268 268 268 268 268 268 268 268 268 268 268 268 268 268 268 268 268 269 269 269 269 269 269 269 269 269 269 269 269 269 269 269 269 269 269 269 269 269 270 270 270 270 270 270 270 270 270 270 270 270 270 270 270 270 270 270 270 270 270 270 271 271 271 271 271 271 271 271 271 272 272 272 272 272 272 272 272 272 272 272 272 272 272 272 272 272 272 272 272 272 272 272 272 273 273 272 272 272 273 273 273 273 273 273 273 273 273 273 273 273 273 273 273 273 273 273 273 273 273 273 274 274 274 274 274 274 273 273 274 274 274 274 274 274 274 274 274 274 274 274 274 274 274 274 274 274 274 274 274 274 274 274 274 274 275 275 275 275 275 275 275 275 275 276 276 276 276 276 276 276 276 276 276 276 276 276 276 276 276 276 276 276 276 277 277 277 277 277 277 277 277 277 277 277 277 277 277 277 277 277 277 277 277 278 278 277 277 277 277 278 278 278 278 280 280 280 280 281 281 281 281 281 281 281 281 281 281 281 281 281 281 281 281 281 281 281 281 281 281 281 281 281 281 281 281 281 281 281 281 281 281 281 281 281 281 281 281 281 282 281 282 282 281 280 280 280 281 281 281 281 281 281 281 281 282 282 281 281 281 281 282 282 282 282 282 282 282 282 282 282 281 281 281 281 281 282 282 282 281 281 281 281 282 281 281 280 280 281 281 281 282 282 282 282 282 282 282 282 282 283 282 282 282 282 282 282 282 282 282 282 281 282 282 282 282 281 281 280 281 281 281 281 281 281 281 281 281 281 281 281 281 281 281 281 281 281 281 281 280 280 280 280 280 280 280 280 280 267 267 267 267 267 267 267 267 267 267 267 267 267 267 267 267 267 267 267 267 267 268 268 268 268 268 268 268 268 268 268 268 268 268 268 268 268 268 268 268 268 268 268 268 268 268 268 268 268 268 268 269 269 269 269 269 269 269 269 269 269 269 269 269 269 269 269 269 269 269 269 269 269 269 269 270 270 270 270 270 270 270 270 270 270 270 270 270 270 270 270 270 270 270 270 270 271 271 271 271 271 271 271 271 271 272 272 272 272 272 272 272 272 272 272 272 272 272 272 272 272 272 272 272 272 272 272 272 272 272 272 272 272 273 273 273 273 273 273 273 273 273 273 273 273 273 273 273 273 273 273 273 273 273 274 274 274 274 274 274 274 274 274 274 274 274 274 274 274 274 274 274 274 274 274 274 274 274 274 274 274 274 274 274 274 274 275 274 274 275 275 275 275 275 275 275 275 275 276 276 276 276 276 276 276 276 276 276 276 276 276 276 276 276 276 276 276 276 276 277 277 277 277 277 277 277 277 277 277 277 277 277 277 277 277 277 277 277 277 277 277 277 277 277 278 278 278 277 280 280 280 280 280 280 281 281 281 281 281 281 281 281 281 281 281 281 281 281 281 281 281 281 281 281 281 281 281 281 281 281 281 281 281 281 281 281 281 281 281 281 281 281 281 281 281 281 281 281 280 280 280 281 281 281 281 281 281 281 281 281 281 281 281 281 281 282 282 282 281 282 281 282 282 282 282 282 282 282 281 281 282 282 282 282 281 281 281 281 280 281 280 280 280 280 281 281 281 282 282 282 282 282 282 282 282 282 282 282 282 282 282 282 282 282 282 282 281 281 281 282 281 281 281 281 281 281 281 281 281 280 280 281 281 281 281 280 280 280 280 280 280 280 280 280 280 280 280 280 280 280 280 280 280 280 279 267 267 267 267 267 267 267 267 267 267 267 267 267 267 267 267 267 267 267 267 267 267 267 267 267 267 267 267 267 268 268 268 268 268 268 268 268 268 268 268 268 268 268 268 268 268 268 268 268 268 269 269 269 269 269 269 269 269 269 269 269 269 269 269 269 269 269 269 269 269 269 269 269 269 270 270 270 270 270 270 270 270 270 270 270 270 270 270 270 270 270 270 270 270 270 271 271 271 271 271 271 271 271 271 271 272 271 272 272 272 272 272 272 272 272 272 272 272 272 272 272 272 272 272 272 272 272 272 272 272 272 272 273 273 273 273 273 273 273 273 273 273 273 273 273 273 273 273 273 273 273 273 273 273 274 274 274 274 274 274 274 274 274 274 273 274 274 274 274 274 274 274 274 274 274 274 274 274 274 274 274 274 274 274 274 274 274 274 274 275 275 275 275 275 275 275 275 276 276 276 276 276 276 276 276 276 276 276 276 276 276 276 276 276 276 276 276 276 277 277 277 277 277 277 277 277 277 277 277 277 277 277 277 277 277 277 277 277 277 277 277 277 277 278 278 277 277 280 280 280 280 280 280 280 281 281 281 281 281 281 281 281 281 281 281 281 281 281 281 281 281 281 281 281 281 281 281 281 281 281 281 281 281 281 281 281 281 281 281 281 281 281 281 281 281 281 280 280 280 280 281 281 281 282 281 281 282 281 281 281 281 281 281 281 281 282 282 281 281 281 281 282 281 282 282 282 282 282 281 281 282 282 282 282 281 281 281 280 280 281 280 280 280 281 281 281 281 282 282 282 282 282 282 282 282 282 282 282 282 282 282 282 282 282 282 282 282 282 281 281 281 281 281 281 280 281 281 281 281 280 280 280 280 280 280 280 280 280 280 280 280 280 280 280 280 280 280 280 280 280 280 280 280 280 279 267 267 267 267 267 267 267 267 267 267 267 267 267 267 267 267 267 267 267 267 267 267 267 267 267 267 267 267 267 268 268 268 267 268 268 268 268 268 268 268 268 268 268 268 268 268 268 268 268 268 269 269 269 269 269 269 269 269 269 269 269 269 269 269 269 269 269 269 269 269 269 269 269 269 269 270 269 270 270 269 269 270 270 270 270 270 270 270 270 270 270 270 270 270 270 270 271 271 271 271 271 271 271 271 271 271 271 271 271 272 271 272 272 272 272 272 272 272 272 272 272 272 272 272 272 272 272 272 272 272 272 272 272 273 273 273 273 273 273 273 273 273 273 273 273 273 273 273 273 273 273 273 273 273 273 273 273 274 274 274 274 274 274 273 274 274 273 274 274 274 274 274 274 274 274 274 274 274 274 274 274 274 274 274 274 274 274 275 275 275 275 275 275 275 275 275 275 276 276 276 276 276 276 276 276 276 276 276 276 276 276 276 276 276 276 276 276 276 276 277 277 277 277 277 277 277 277 277 277 277 277 277 277 277 277 277 277 277 277 277 277 277 277 278 278 278 278 280 280 280 280 280 280 280 280 280 281 281 281 281 281 281 281 281 281 281 281 281 281 281 281 281 281 281 281 281 281 281 281 281 281 281 281 281 281 280 280 281 281 281 281 281 281 281 280 280 280 280 280 280 281 281 281 281 281 281 281 281 281 281 281 281 281 281 281 282 282 282 281 281 281 282 281 281 282 282 282 282 282 282 282 282 282 282 282 281 281 280 280 280 280 280 280 281 281 281 281 281 282 282 282 282 282 282 282 282 282 282 282 282 282 282 282 282 282 282 282 282 281 281 281 281 281 281 281 280 280 280 280 280 280 280 280 280 280 280 280 280 280 280 280 280 280 280 280 280 280 279 279 266 266 267 267 267 267 267 267 267 267 267 267 267 267 267 267 267 267 267 267 267 267 267 267 267 267 267 267 267 267 267 268 267 267 267 267 268 268 268 268 268 268 268 268 268 268 268 268 268 268 268 268 269 269 269 269 269 269 269 269 269 269 269 269 269 269 269 269 269 269 269 269 269 269 269 269 269 269 269 269 269 269 270 270 270 270 270 270 270 270 270 270 270 270 270 270 270 270 270 271 271 271 271 271 271 271 271 271 271 271 271 271 271 271 271 271 272 272 272 272 272 272 272 272 272 272 272 272 272 272 272 272 272 272 272 273 273 272 273 273 273 273 272 273 273 273 273 273 273 273 273 273 273 273 273 273 273 273 273 274 274 274 274 274 274 274 274 273 273 273 273 274 274 274 274 274 274 274 274 274 274 274 274 274 274 274 274 274 274 275 275 275 275 275 275 275 275 275 275 275 276 275 276 276 276 276 276 276 276 276 276 276 276 276 276 276 276 276 276 276 276 276 277 277 277 277 277 277 277 277 277 277 277 277 277 277 277 277 277 277 277 277 277 277 277 277 278 278 278 280 280 280 280 280 280 280 280 280 280 281 281 281 281 281 281 281 281 281 281 281 281 281 281 281 281 281 281 281 281 281 281 281 281 281 281 281 280 280 280 280 280 281 281 281 281 281 280 281 280 280 280 280 281 281 281 281 281 281 281 281 281 281 281 281 281 281 281 282 282 281 281 281 281 281 281 281 281 282 282 282 282 282 282 282 281 282 282 281 281 281 281 280 280 280 280 280 281 281 281 281 282 282 282 282 282 282 282 282 282 282 282 282 282 282 281 282 282 281 282 282 282 282 282 281 281 281 281 281 281 280 280 280 280 280 280 280 280 280 280 280 280 280 280 280 280 280 280 280 279 279 266 266 266 266 266 266 266 267 267 267 267 267 267 267 267 267 267 267 267 267 267 267 267 267 267 267 267 267 267 267 267 267 267 267 267 267 268 268 268 268 267 268 268 268 268 268 268 268 268 268 268 268 268 269 269 269 269 268 269 269 269 269 269 269 269 269 269 269 269 269 269 269 269 269 269 269 269 269 269 270 270 270 270 270 270 270 270 270 270 270 270 270 270 270 270 270 270 270 270 271 271 271 271 271 271 271 271 271 271 271 271 271 271 271 271 271 271 272 272 272 272 272 272 272 272 272 272 272 272 272 272 272 272 272 272 272 272 272 273 272 272 273 272 272 273 273 273 273 273 273 273 273 273 273 273 273 273 273 273 273 274 273 274 274 274 273 273 273 273 273 273 273 273 274 274 274 274 274 274 274 274 274 274 274 274 274 274 274 275 275 274 275 275 275 275 275 275 275 275 275 275 275 275 275 275 276 276 276 276 276 276 276 276 276 276 276 276 276 276 276 276 276 276 277 277 277 277 277 277 277 277 277 277 277 277 277 277 277 277 277 277 277 277 277 277 277 277 277 277 280 280 280 280 280 280 280 280 280 280 280 281 281 281 281 281 281 281 281 281 281 281 281 281 281 281 281 281 281 281 281 281 281 281 281 281 281 281 281 281 280 280 280 280 280 280 280 280 280 280 280 280 281 281 281 281 281 280 280 281 281 281 281 281 281 281 281 282 282 281 281 281 281 281 281 282 281 281 282 282 282 282 282 282 281 281 281 281 281 281 281 281 281 281 281 281 281 280 280 281 281 281 282 282 282 282 282 282 282 282 282 282 282 282 282 282 282 281 281 281 281 282 282 282 282 281 281 281 281 281 281 281 280 280 280 280 280 280 280 280 280 280 280 280 280 280 280 280 279 266 266 266 266 266 266 266 266 266 266 266 266 266 266 267 267 267 267 267 267 267 267 267 267 267 267 267 267 267 267 267 267 267 267 267 267 267 267 267 267 267 267 268 267 267 268 267 268 268 268 268 268 268 268 268 268 268 268 269 269 269 269 269 269 269 269 269 269 269 269 269 269 269 269 269 269 269 269 269 269 269 269 269 269 269 269 269 269 269 269 269 270 270 270 270 270 270 270 270 270 270 270 270 270 270 271 271 271 271 271 271 271 271 271 271 271 271 271 271 271 271 271 271 271 271 271 272 272 272 272 272 272 272 272 272 272 272 272 272 272 272 272 272 272 272 272 272 272 272 272 272 272 273 273 273 273 273 273 273 273 273 273 273 273 273 274 274 274 274 274 273 273 273 273 273 273 273 273 273 273 273 274 274 274 274 274 274 274 274 274 274 274 274 274 275 275 274 275 275 275 275 275 275 275 275 275 275 275 275 275 275 275 276 276 276 276 276 276 276 276 276 276 276 276 276 276 276 276 276 276 276 277 277 277 277 277 277 277 277 277 277 277 277 277 277 277 277 277 277 277 277 277 277 277 277 280 280 280 280 280 280 280 280 280 280 280 280 280 280 280 280 281 281 281 280 281 281 281 281 281 281 281 281 281 281 281 281 281 281 281 281 281 281 281 281 280 280 280 280 281 280 280 280 280 280 280 280 280 280 281 280 280 280 281 281 281 281 281 281 281 281 281 281 281 281 281 281 281 281 281 282 281 281 282 281 281 282 282 282 282 281 281 281 281 281 281 281 280 280 281 281 281 281 280 280 281 281 281 281 282 282 282 282 282 282 282 282 282 282 282 282 281 281 281 281 281 281 281 281 282 281 281 281 281 281 281 281 281 281 280 280 280 280 280 280 280 279 279 279 279 266 266 266 266 265 266 266 266 266 266 266 266 266 266 266 267 267 267 267 267 267 267 267 267 267 267 267 267 267 267 267 267 267 267 267 267 267 267 267 267 267 267 267 267 267 267 267 267 267 268 268 268 268 268 268 268 268 268 268 269 268 269 269 269 269 269 269 269 269 269 269 269 269 269 269 269 269 269 269 269 269 269 269 269 269 269 269 269 269 269 269 269 269 269 270 270 270 270 270 270 270 270 270 270 270 271 271 271 271 271 271 271 271 271 271 271 271 271 271 271 271 271 271 271 271 271 272 272 272 272 272 272 272 272 272 272 272 272 272 272 272 272 272 272 272 272 272 272 272 272 272 273 272 273 273 273 273 273 273 273 273 273 273 273 273 273 273 273 273 273 273 273 273 273 273 273 273 273 273 273 273 273 273 273 273 274 274 274 274 274 274 274 274 274 274 274 275 275 274 275 275 275 275 275 275 275 275 275 275 275 275 275 275 276 276 276 276 276 276 276 276 276 276 276 276 276 276 276 276 276 276 277 277 277 277 277 277 277 277 277 277 277 277 277 277 277 277 277 277 277 277 277 277 277 277 280 280 280 280 280 280 280 280 280 280 280 280 280 280 280 280 280 280 280 280 280 280 280 281 281 281 281 281 281 281 281 281 281 281 281 281 281 281 281 281 280 280 281 280 281 280 280 280 281 281 281 281 280 280 281 281 280 281 281 281 281 281 281 281 281 281 281 281 281 281 281 281 281 282 282 281 281 281 282 282 282 282 282 282 281 281 281 281 281 281 281 281 281 281 281 281 280 280 280 280 280 281 281 281 281 282 282 282 282 282 282 282 282 282 282 282 281 281 281 281 281 281 281 281 281 281 281 281 281 281 281 281 281 281 281 280 280 280 280 280 280 280 266 266 266 266 266 266 266 265 265 266 266 266 266 266 266 266 266 267 267 267 267 267 267 267 267 267 267 267 267 267 267 267 267 267 267 267 267 267 267 267 267 267 267 267 267 267 267 267 267 267 267 268 268 268 268 268 268 268 268 268 268 268 268 268 269 268 269 269 269 269 269 269 269 269 269 269 269 269 269 269 269 269 269 269 269 269 269 269 269 269 269 269 269 269 270 270 270 270 270 270 270 270 270 270 270 271 271 271 271 271 271 271 271 271 271 271 271 271 271 271 271 271 271 271 271 271 271 271 271 271 272 272 272 272 272 272 272 272 272 272 272 272 272 272 272 272 272 272 272 272 272 272 273 273 273 273 273 273 273 273 273 273 273 273 273 273 273 273 273 273 273 273 273 273 273 273 273 273 273 273 273 273 273 273 273 273 273 273 274 274 274 274 274 274 274 275 275 274 275 275 275 275 275 275 275 275 275 275 275 275 275 275 275 276 276 276 276 276 276 276 276 276 276 276 276 276 276 276 276 276 276 276 276 277 277 277 277 277 277 277 277 277 277 277 277 277 277 277 277 277 277 277 277 277 277 280 280 280 280 280 280 280 280 280 280 280 280 280 280 280 280 281 281 280 280 280 280 280 280 281 281 281 281 281 281 281 281 281 281 281 281 281 281 281 281 281 281 281 281 280 280 280 281 281 281 281 280 280 280 280 281 281 281 281 281 281 281 281 281 281 281 281 281 281 281 281 282 282 282 282 282 282 282 282 282 282 282 282 281 281 281 281 281 281 281 281 281 282 281 281 281 280 280 280 280 280 281 281 281 282 282 282 282 282 282 282 282 282 282 282 282 281 281 281 281 281 281 281 281 281 281 281 281 281 281 281 281 281 281 281 280 280 280 280 280 280 280 265 265 266 266 266 266 266 266 265 266 266 266 266 266 266 266 266 266 267 267 267 267 267 267 267 267 267 267 267 267 267 267 267 266 266 267 267 267 267 267 267 267 267 267 267 267 267 267 267 267 267 268 268 268 268 268 268 268 268 268 268 268 268 268 268 268 268 268 268 268 268 269 269 269 269 269 269 269 269 269 269 269 269 269 269 269 269 269 269 269 269 269 269 269 269 269 270 270 270 270 270 270 270 270 270 270 270 271 271 271 271 271 271 271 271 271 271 271 271 271 271 271 271 271 271 271 271 271 271 271 271 271 272 272 272 272 272 272 272 272 272 272 272 272 272 272 272 272 272 272 272 272 272 272 273 273 273 273 273 273 273 273 273 273 273 273 273 273 273 273 273 273 273 273 273 273 273 273 273 273 273 273 273 273 273 273 273 273 273 274 274 274 274 274 274 274 275 274 274 274 275 275 275 275 275 275 275 275 275 275 275 275 275 275 276 276 276 276 275 276 276 276 276 276 276 276 276 276 276 276 276 276 276 276 276 277 277 277 277 277 277 277 277 277 277 277 277 277 277 277 277 277 277 277 277 280 280 280 280 280 280 280 280 280 280 280 280 280 280 280 280 280 281 280 281 281 281 280 280 280 280 280 280 280 280 281 281 281 281 281 281 281 281 281 281 281 281 281 280 280 280 281 281 281 281 280 280 280 280 280 281 281 281 281 281 281 281 281 281 281 281 281 281 281 281 281 281 281 282 282 282 282 281 282 282 282 282 282 281 281 281 281 281 281 281 281 281 281 281 281 281 281 280 280 280 280 279 280 280 280 281 281 282 282 282 282 282 282 282 282 282 282 282 282 281 281 281 281 281 281 281 281 280 281 281 281 281 281 281 281 281 281 281 280 280 280 280 280 280 280 265 265 266 266 267 267 267 266 266 266 266 266 266 266 266 266 266 267 267 267 267 267 267 267 267 267 267 267 267 267 267 267 267 267 267 267 266 267 267 267 267 267 267 267 267 267 267 268 268 268 268 268 268 267 268 268 268 268 268 268 268 268 268 268 268 268 268 268 268 268 268 268 268 268 269 268 269 268 269 269 269 269 269 269 269 269 269 269 269 269 269 269 269 269 269 269 269 269 270 270 270 270 270 270 270 270 270 271 271 271 271 271 271 271 271 271 271 271 271 271 271 271 271 271 271 271 271 271 271 271 271 271 271 272 272 272 272 272 272 272 272 272 272 272 272 272 272 272 272 272 272 272 272 272 273 273 273 273 273 273 273 273 273 273 273 273 273 273 273 273 273 273 273 273 273 273 273 273 273 273 273 273 273 273 273 273 273 273 274 274 274 274 274 274 274 274 274 274 274 274 274 275 275 275 275 275 275 275 275 275 275 275 275 275 275 275 276 275 276 276 276 276 276 276 276 276 276 276 276 276 276 276 276 276 276 277 277 277 277 277 277 277 277 277 277 277 277 277 277 277 277 277 277 277 280 280 280 280 280 280 280 280 280 280 280 280 280 280 280 280 280 280 280 281 281 280 280 280 280 280 280 281 281 280 281 281 281 281 281 281 281 281 281 281 281 281 280 280 280 280 280 280 281 281 280 280 280 280 280 281 281 281 281 281 281 280 281 281 280 280 280 280 280 281 281 281 281 282 281 282 282 281 281 281 282 282 281 281 281 281 281 281 281 281 281 281 281 281 282 281 281 281 280 280 280 280 280 279 280 280 281 281 281 281 282 282 282 282 282 282 282 282 282 282 282 282 282 282 282 282 281 281 281 281 281 281 280 281 281 281 281 281 281 281 281 280 280 280 280 280 280 265 265 265 266 266 266 267 267 266 266 266 266 266 266 266 266 266 266 266 266 267 266 267 267 267 267 266 266 266 267 267 266 267 267 266 267 267 267 267 267 267 267 267 267 267 267 267 267 267 268 268 268 268 267 267 267 268 268 268 268 268 268 268 268 268 268 268 268 268 268 268 268 268 268 268 268 268 268 268 268 268 269 268 268 268 268 269 269 269 269 269 269 269 269 269 269 269 269 269 269 270 270 270 270 270 270 270 270 270 271 271 271 271 271 271 271 271 271 271 271 271 271 271 271 271 271 271 271 271 271 271 271 271 271 271 272 272 272 272 272 272 272 272 272 272 272 272 272 272 272 272 272 272 272 272 272 272 273 273 273 273 273 273 273 273 273 273 273 273 273 273 273 273 273 273 272 273 273 273 273 273 273 273 273 273 273 273 273 273 274 274 274 274 274 274 274 274 274 274 274 274 274 274 275 275 275 275 275 275 275 275 275 275 275 275 275 275 275 275 276 276 276 276 276 276 276 276 276 276 276 276 276 276 276 276 276 276 277 277 277 277 277 277 277 277 277 277 277 277 277 277 277 277 277 280 280 280 280 280 280 280 280 280 280 280 280 280 280 280 280 280 280 280 280 281 280 280 280 280 280 280 281 281 281 280 280 281 281 281 281 281 281 281 281 281 281 280 280 281 280 281 281 280 280 280 280 280 280 281 281 281 281 281 281 280 280 280 280 280 280 280 281 281 280 280 281 281 281 281 281 281 281 281 282 282 282 282 281 281 282 282 282 282 281 281 281 281 281 281 281 281 281 281 281 280 280 280 280 280 279 280 280 281 281 281 281 282 282 282 282 282 282 282 282 282 282 282 282 282 282 282 281 281 281 281 281 281 281 281 281 281 280 281 281 281 280 280 280 280 280 265 265 265 265 266 266 267 266 266 266 266 266 267 267 266 266 266 266 266 266 266 267 267 267 267 267 266 266 266 267 267 267 267 267 266 266 266 266 266 267 267 267 267 267 267 267 267 267 267 267 268 268 268 267 267 267 267 268 268 268 268 268 268 268 268 268 268 268 268 268 268 268 268 268 268 268 268 268 268 268 268 268 268 268 268 269 269 269 269 269 269 269 269 269 269 269 269 269 269 269 269 269 270 270 270 270 270 270 270 270 270 271 271 270 270 270 271 271 271 271 271 271 271 271 271 271 271 271 271 271 271 271 271 271 271 272 272 272 272 272 272 272 272 272 272 272 272 272 272 272 272 272 272 272 272 272 273 273 272 273 273 273 273 273 273 273 273 273 273 273 273 273 273 273 273 273 273 273 273 273 273 273 273 273 273 273 273 273 274 274 274 274 274 274 274 274 274 274 274 274 274 274 274 275 275 275 275 275 275 275 275 275 275 275 275 275 275 275 275 276 276 276 276 276 276 276 276 276 276 276 276 276 276 276 276 276 276 277 277 277 277 277 277 277 277 277 277 277 276 277 277 277 277 280 280 280 280 280 280 280 280 280 280 280 280 280 280 280 280 280 280 280 280 280 281 280 280 280 280 280 281 280 281 281 280 281 281 281 281 281 281 281 281 281 280 280 280 280 281 281 281 281 280 280 280 280 280 280 280 280 281 281 280 280 280 280 280 281 281 281 281 281 280 280 281 281 281 281 281 281 281 281 281 282 282 282 282 282 282 282 282 282 282 281 281 281 281 281 281 281 281 280 280 280 280 280 280 280 280 280 280 280 280 280 280 280 280 280 281 281 282 282 282 282 282 282 282 282 282 282 282 282 282 282 282 282 282 282 281 281 281 281 281 281 280 281 280 280 265 265 265 265 265 265 266 266 266 266 266 266 266 267 267 266 266 266 266 266 266 266 267 267 267 267 267 266 266 266 267 267 267 267 266 266 266 266 266 267 267 267 267 267 267 267 267 267 267 267 267 267 268 268 267 267 267 267 267 268 268 268 268 268 268 268 268 268 268 268 268 268 268 268 268 268 268 268 268 268 268 268 268 268 269 269 269 269 269 269 269 269 269 269 269 269 269 269 269 269 269 270 270 270 270 270 270 270 270 270 270 270 270 270 270 271 271 271 271 271 271 271 271 271 271 271 271 271 271 271 271 271 271 271 271 271 271 271 271 272 272 272 272 272 272 272 272 272 272 272 272 272 272 272 272 272 272 272 272 273 273 273 273 273 273 273 273 272 272 273 273 273 273 273 273 273 273 273 273 273 273 273 273 273 273 273 273 273 273 274 274 274 274 274 274 274 274 274 274 274 274 274 274 275 275 275 275 275 275 275 275 275 275 275 275 275 275 275 276 276 276 276 276 276 276 276 276 276 276 276 276 276 276 276 276 276 276 276 276 277 277 277 277 277 277 277 277 277 276 276 277 277 277 279 280 279 279 280 279 279 280 280 280 280 280 280 280 280 280 280 280 280 280 280 281 281 280 280 280 280 280 280 280 280 280 281 281 281 281 281 281 281 281 281 280 280 281 280 281 281 281 281 280 280 280 280 280 280 280 281 280 280 280 280 280 280 281 280 280 281 281 281 281 280 280 281 281 281 282 281 281 281 281 282 282 282 282 282 282 282 282 282 282 282 282 281 281 281 281 281 281 281 281 280 280 280 280 280 280 280 280 280 280 280 280 280 280 280 281 281 281 282 281 281 281 281 282 282 282 282 282 282 282 282 281 281 281 281 281 281 281 281 280 280 280 280 280 280 265 265 265 265 265 265 265 266 266 266 266 266 266 266 267 267 266 266 266 266 266 266 267 267 267 267 267 267 266 267 267 267 267 267 267 266 266 266 266 267 266 267 267 267 267 267 267 267 267 267 267 267 267 268 268 267 267 267 267 267 267 268 268 268 268 268 268 268 268 268 268 268 268 268 268 268 268 268 268 268 268 268 268 269 269 269 269 269 269 269 269 269 269 269 269 269 269 269 269 269 269 269 269 270 270 270 270 270 270 270 270 270 270 270 270 271 271 271 271 271 271 271 271 271 271 271 271 271 271 271 271 271 271 271 271 271 271 271 271 272 272 272 272 272 271 271 272 272 272 272 272 272 272 272 272 272 272 272 272 273 273 272 273 273 273 272 272 272 272 273 273 273 273 273 273 273 273 273 273 273 273 273 273 273 273 273 273 273 273 274 274 274 274 274 274 274 274 274 274 274 274 274 274 275 275 275 275 275 275 275 275 275 275 275 275 275 275 275 275 275 276 276 276 276 276 276 276 276 276 276 276 276 276 276 276 276 276 276 276 276 276 277 277 277 277 277 277 276 276 276 277 277 277 280 280 280 280 280 279 279 279 280 280 280 280 280 280 280 280 280 280 280 280 280 280 281 280 280 280 280 280 280 280 280 280 281 281 281 281 281 281 281 281 281 280 281 281 281 280 280 280 280 281 280 280 280 280 280 280 280 280 280 280 280 280 280 281 281 281 281 281 281 281 280 280 280 281 281 281 281 281 281 281 282 282 282 281 281 282 282 282 282 282 282 282 282 281 281 281 281 281 280 280 280 280 280 280 280 280 280 280 280 280 280 280 280 280 280 281 281 281 281 281 281 281 281 281 281 282 282 282 282 282 282 281 281 281 281 281 281 281 281 280 280 280 280 280 280 280 265 265 265 265 265 265 265 265 265 266 266 266 266 266 266 267 267 267 266 266 266 266 267 267 267 267 267 267 266 267 267 267 267 267 267 266 266 266 266 267 267 266 267 267 267 267 267 267 267 267 267 267 267 267 268 268 267 267 267 267 267 267 268 268 268 268 268 268 268 268 268 268 268 268 268 268 268 268 268 268 268 268 269 269 269 269 269 269 269 269 269 269 269 269 269 269 269 269 269 269 269 269 269 270 270 270 270 270 270 270 270 270 270 270 270 271 271 271 271 271 271 271 271 271 271 271 271 271 271 271 271 271 271 271 271 271 271 271 271 271 271 271 271 271 271 271 271 271 272 272 272 272 272 272 272 272 272 272 272 272 272 272 272 272 272 272 272 272 273 273 273 272 272 273 273 273 273 273 273 273 273 273 273 273 273 273 273 273 273 273 273 274 274 274 274 274 274 274 274 274 274 274 274 275 275 275 275 275 275 275 275 275 275 275 275 275 275 275 275 275 276 276 276 276 276 276 276 276 275 276 276 276 276 276 276 276 276 276 276 276 276 276 277 277 277 277 277 276 276 276 276 277 277 280 280 280 280 280 279 279 279 280 280 280 280 280 280 280 280 280 280 280 280 280 280 281 281 280 280 280 280 280 280 280 280 280 280 280 280 280 281 281 281 281 281 281 281 280 280 280 280 280 280 280 280 280 280 280 280 280 280 280 280 281 280 280 280 281 281 281 281 281 281 280 280 280 280 281 281 281 281 282 282 282 282 282 281 281 282 282 282 282 282 282 282 282 281 281 280 280 280 280 281 280 280 280 280 280 280 280 280 280 280 280 280 280 280 280 281 281 281 281 281 281 281 281 281 281 281 281 281 282 282 282 282 281 281 281 281 281 281 281 280 280 280 280 280 280 280 265 265 265 265 265 265 265 265 266 266 266 266 266 266 266 267 266 266 266 266 266 266 267 267 267 267 266 266 267 267 267 267 266 266 266 266 266 266 266 266 266 267 267 267 267 267 267 267 267 267 267 267 267 267 268 268 267 267 267 267 267 268 268 268 268 268 268 268 268 268 268 268 268 268 268 268 268 268 268 268 268 269 269 269 269 269 269 269 269 269 269 269 269 269 269 269 269 269 269 269 269 269 270 270 270 270 270 270 270 270 270 270 270 270 270 270 270 270 270 270 270 271 271 271 271 271 271 271 271 271 271 271 271 271 271 271 271 271 271 271 271 271 271 271 271 271 271 272 271 272 272 272 272 272 272 272 272 272 272 272 272 272 272 272 272 272 272 272 272 272 272 272 272 272 272 273 273 273 273 273 273 273 273 273 273 273 273 273 273 273 274 273 274 274 274 274 274 274 274 274 274 274 274 274 275 275 275 275 275 275 275 275 275 275 275 275 275 275 275 275 275 275 276 276 276 276 276 275 275 276 276 276 276 276 276 276 276 276 276 276 276 276 276 277 277 276 276 276 276 276 277 277 279 279 279 280 280 279 279 279 279 280 280 280 280 280 280 280 280 280 280 280 280 280 280 280 280 280 280 280 280 280 280 280 280 280 280 280 280 281 281 281 281 281 281 281 280 280 281 281 281 281 280 280 280 280 280 280 280 280 280 280 281 280 280 280 281 280 281 281 281 281 281 280 280 280 281 281 281 281 281 282 282 282 281 281 281 282 282 282 281 281 281 281 282 281 281 281 281 280 280 281 281 280 280 280 280 280 280 280 280 280 280 280 280 280 280 281 281 281 281 281 281 281 281 281 281 281 281 281 281 281 281 281 281 281 281 281 281 281 281 281 281 281 280 280 280 280 280 265 265 265 265 265 265 265 265 265 266 266 266 266 266 267 267 267 267 266 266 266 266 267 267 267 267 266 266 267 267 267 266 266 266 266 266 266 267 267 266 267 267 267 267 267 267 267 267 267 267 267 267 267 268 268 267 267 267 267 267 267 267 268 268 268 268 268 268 268 268 268 268 268 268 268 268 268 268 268 269 268 268 268 269 269 269 269 269 269 269 269 269 269 269 269 269 269 269 269 269 269 269 270 270 270 270 270 270 270 270 270 270 270 270 270 270 270 270 270 270 270 271 271 271 271 271 271 271 271 271 271 271 271 271 271 271 271 271 271 271 271 271 271 271 271 271 272 272 271 271 271 272 272 272 272 272 272 272 272 272 272 272 272 272 272 272 272 272 272 272 272 272 272 272 273 273 273 273 273 273 273 273 273 273 273 273 273 273 273 273 273 273 273 274 274 274 274 274 274 274 274 274 274 274 274 275 275 275 275 275 275 275 275 275 275 275 275 275 275 275 275 275 276 276 276 276 276 275 275 275 276 276 276 276 276 276 276 276 276 276 276 276 276 276 276 276 276 276 276 276 277 277 279 279 279 279 279 279 279 279 279 279 279 280 280 280 280 280 280 280 280 280 280 280 280 280 280 280 280 280 280 280 280 280 280 280 280 280 280 281 281 281 281 281 281 281 281 280 280 281 281 281 280 280 280 280 280 281 280 280 280 280 281 281 280 280 280 281 280 280 281 281 281 280 280 280 281 281 281 281 281 281 281 281 281 281 281 282 282 281 281 281 281 281 282 282 282 281 281 281 281 281 280 280 280 280 280 280 280 280 280 280 280 280 280 280 281 281 281 281 281 281 281 281 281 281 281 281 281 281 281 281 281 281 281 281 280 281 281 281 281 281 281 281 280 280 280 280 280 280 265 265 265 265 265 265 265 266 266 265 266 266 266 266 266 266 266 266 267 266 266 266 267 267 267 266 266 266 266 267 267 266 266 266 266 266 266 266 266 266 267 267 267 267 267 267 266 267 267 267 267 267 267 267 267 267 267 267 267 267 267 267 267 268 268 268 268 268 268 268 268 268 268 268 268 268 268 268 268 268 268 268 268 268 268 269 268 268 268 268 269 269 269 269 269 269 269 269 269 269 269 269 269 270 270 270 270 270 270 270 270 270 270 270 270 270 270 270 270 270 270 271 271 271 271 271 271 271 271 271 271 271 271 271 271 271 271 271 271 271 271 271 271 271 271 271 271 271 271 271 271 271 272 272 272 272 272 272 272 272 272 272 272 272 272 272 272 272 272 272 272 272 272 272 272 273 273 273 273 273 273 273 273 273 273 273 273 273 273 273 273 273 273 273 273 274 274 274 274 274 274 274 274 274 274 275 275 275 275 275 275 275 275 275 275 275 275 275 275 275 275 276 275 275 276 276 275 275 275 275 276 276 276 276 276 276 276 276 276 276 276 276 276 276 276 276 276 276 276 276 277 277 279 279 279 279 279 279 279 279 279 279 279 279 279 280 279 280 280 280 280 280 280 280 280 280 280 280 280 280 280 280 280 280 280 280 280 280 280 281 280 280 281 281 281 281 281 281 281 281 281 281 280 280 280 280 280 280 280 280 280 280 281 281 280 280 280 281 281 280 280 281 281 280 280 280 280 280 280 281 281 281 281 281 280 281 281 282 282 281 281 281 281 281 282 282 282 282 281 281 281 281 281 281 281 281 280 280 280 280 280 280 280 280 280 280 281 281 281 281 281 281 281 281 281 281 281 281 281 280 281 281 281 281 281 281 281 280 280 280 281 281 281 281 280 280 280 280 280 280 280 264 265 265 265 265 265 265 265 265 265 266 266 266 266 266 266 267 266 266 266 266 266 266 267 267 266 266 266 266 266 267 266 266 266 266 266 266 266 266 266 266 266 267 267 267 267 267 266 266 267 266 267 267 267 267 267 267 267 267 267 267 267 267 267 267 268 268 268 268 268 268 268 268 268 268 268 268 268 268 268 268 268 268 268 268 268 268 268 268 268 268 268 269 269 269 269 269 269 269 269 269 269 269 269 270 270 270 270 270 270 270 270 270 270 270 270 270 270 270 270 270 270 270 271 271 271 271 271 271 271 271 271 271 271 271 271 271 271 271 271 271 271 271 271 271 271 271 271 271 271 271 271 271 271 271 271 271 271 271 271 272 272 272 272 272 272 272 272 272 272 272 272 272 272 272 272 273 273 273 273 273 273 273 273 273 273 273 273 273 273 273 273 273 273 273 273 273 274 274 274 274 274 274 274 274 274 274 274 274 275 275 275 275 275 275 275 275 275 275 275 275 275 275 275 275 275 275 275 275 275 275 275 276 276 276 276 276 276 276 276 276 276 276 276 276 276 276 276 276 276 276 276 276 279 279 279 279 279 279 279 279 279 279 279 279 279 279 279 279 280 280 280 280 280 280 280 280 280 280 280 280 280 280 280 280 280 280 280 280 280 280 280 281 281 281 281 281 281 281 281 281 281 281 280 280 280 280 280 280 280 280 280 280 280 281 281 280 280 280 281 281 280 281 281 280 280 280 280 280 281 281 281 281 281 280 280 281 281 281 281 281 281 281 281 281 282 282 282 281 282 281 282 281 280 280 280 280 281 281 280 280 280 280 279 280 280 280 280 280 281 281 281 281 281 281 281 281 281 281 281 281 280 280 280 281 280 280 280 280 280 280 281 281 281 280 280 280 280 280 280 280 280 280 264 264 264 264 265 265 265 265 265 265 265 265 265 265 265 266 266 266 266 266 267 266 266 266 266 267 267 267 267 267 266 266 266 266 266 266 266 266 266 266 266 266 266 266 266 266 266 266 266 266 266 266 266 267 267 267 267 267 267 267 267 267 267 267 267 267 268 268 268 268 268 268 268 268 268 268 268 268 268 268 268 268 268 268 268 268 268 268 268 268 268 268 268 268 268 268 269 269 269 268 268 269 269 269 269 269 269 270 270 270 270 270 270 270 270 270 270 270 270 270 270 270 270 270 270 270 270 270 270 270 270 271 271 271 271 271 271 271 271 271 271 271 271 271 271 271 271 271 271 271 271 271 271 271 271 271 271 271 271 271 271 271 271 271 272 272 272 272 272 272 272 272 272 272 272 272 272 272 272 272 272 272 273 273 273 273 273 273 273 273 273 273 273 273 273 273 273 273 273 273 273 273 274 274 274 274 274 274 274 274 274 275 275 275 275 275 275 275 275 275 275 275 275 275 275 275 275 275 275 275 275 275 275 275 276 276 276 276 276 276 276 276 276 276 276 276 276 276 276 276 276 276 276 276 276 279 279 279 279 279 279 279 279 279 279 279 279 279 279 279 279 279 279 280 280 280 280 280 280 280 280 280 280 280 280 280 280 280 280 280 280 280 280 280 280 281 281 281 281 281 281 281 280 280 281 280 280 280 280 280 280 280 280 280 280 280 281 281 281 280 280 280 281 281 281 281 281 281 280 280 280 280 281 281 281 280 280 281 281 281 281 281 281 281 281 281 281 282 281 282 281 281 281 281 281 280 280 280 280 280 280 280 280 280 280 279 280 280 280 280 281 281 281 281 281 281 281 281 281 281 281 281 281 281 281 281 281 281 280 280 280 280 280 280 280 280 280 280 280 280 280 280 280 280 280 264 264 264 264 264 264 264 264 264 265 265 265 265 265 265 265 265 265 266 266 267 266 266 267 266 266 266 266 266 267 266 266 266 266 266 266 266 266 266 266 266 266 266 266 266 266 266 266 266 266 266 266 266 266 266 266 267 267 267 267 267 267 267 267 267 267 267 267 268 268 268 268 268 268 268 268 268 268 268 268 268 268 268 268 268 268 268 268 268 268 268 268 268 268 268 268 268 268 268 268 269 269 268 268 269 269 269 269 269 269 269 269 269 269 270 270 270 270 270 270 270 270 270 270 270 270 270 270 270 270 270 270 270 270 271 271 271 271 271 271 271 271 271 271 271 271 271 271 271 271 271 271 271 271 271 271 271 271 271 271 271 271 271 271 271 271 272 272 272 272 272 272 272 272 272 272 272 272 272 272 272 272 272 272 272 273 273 273 273 273 273 273 273 273 273 273 273 273 273 273 273 273 273 273 273 273 273 274 274 274 274 274 274 274 274 275 275 275 275 275 275 275 275 275 275 275 275 275 275 275 275 275 275 275 275 275 275 276 276 276 276 276 276 276 276 276 276 276 276 276 276 276 276 276 276 276 276 279 279 279 279 279 279 279 279 279 279 279 279 279 279 279 279 279 279 280 279 280 280 280 280 280 280 280 280 280 280 280 280 280 280 280 280 280 280 280 281 281 281 281 281 281 280 281 280 280 280 280 280 280 280 280 280 280 280 280 280 280 280 280 280 280 281 280 280 281 281 281 281 280 280 280 280 280 281 281 280 281 281 281 281 281 281 281 281 281 281 281 281 282 281 281 281 281 281 281 281 281 280 280 280 280 280 280 280 280 279 279 279 280 280 280 280 281 281 281 281 281 281 281 281 281 281 281 281 281 281 281 281 281 280 280 280 280 280 280 280 280 280 280 280 280 280 280 280 280 280 264 265 265 264 264 264 264 264 264 264 265 265 265 265 265 265 266 266 266 266 266 266 266 266 266 266 266 266 266 266 266 266 266 266 266 266 266 266 265 266 266 266 266 266 266 266 266 266 266 266 266 266 266 266 266 266 266 267 267 267 267 267 267 267 267 267 267 268 268 268 268 268 268 268 268 268 268 268 268 268 268 268 268 268 268 268 268 268 268 268 268 268 268 268 268 268 268 268 268 268 268 268 268 268 268 268 269 269 269 269 269 269 269 269 269 269 270 270 270 270 270 270 270 270 270 270 270 270 270 270 270 270 270 270 270 270 270 270 271 271 271 271 271 271 271 271 271 271 271 271 271 271 271 271 271 271 271 271 271 271 271 271 271 271 271 271 271 272 272 272 272 272 272 272 272 272 272 272 272 272 272 272 272 272 272 273 273 273 273 273 273 273 273 273 273 273 273 273 273 273 273 273 273 273 273 273 273 274 274 274 274 274 274 274 274 274 274 274 274 275 275 274 275 275 275 275 275 275 275 275 275 275 275 275 275 275 275 275 276 276 276 276 276 276 276 276 276 276 276 276 276 276 276 276 276 276 276 279 279 279 279 279 279 279 279 279 279 279 279 279 279 279 279 279 279 280 279 279 280 280 280 280 280 280 280 280 280 280 280 280 280 280 280 280 280 281 280 280 280 281 281 280 280 281 281 280 280 280 280 280 279 280 280 280 280 280 280 280 280 280 280 280 281 280 280 281 281 281 281 281 281 280 280 280 280 280 280 281 281 281 281 281 281 281 281 281 281 281 281 281 281 281 281 281 281 281 281 281 281 280 280 280 280 280 280 280 279 279 279 280 280 280 280 281 281 281 281 281 281 281 281 281 281 281 281 281 281 281 280 281 280 280 280 280 280 280 280 280 280 280 280 280 280 280 280 280 280 279 264 265 265 265 264 265 265 265 265 264 265 265 265 265 265 265 266 266 267 266 266 266 265 265 266 266 266 266 266 266 266 266 266 266 266 266 266 266 266 266 266 266 266 266 266 266 266 266 266 266 266 266 266 266 266 266 266 266 267 267 267 267 267 267 267 267 267 267 267 268 268 268 268 268 268 268 268 268 268 268 268 268 268 268 268 268 268 268 268 268 268 268 268 268 268 268 268 268 268 268 268 268 268 268 268 268 269 269 269 269 269 269 269 269 269 269 269 270 270 270 270 270 270 270 270 270 270 270 270 270 270 270 270 270 270 270 270 270 270 270 271 271 271 271 271 271 271 271 271 271 271 271 271 271 271 271 271 271 271 271 271 272 271 271 271 271 271 271 272 272 271 272 272 272 272 272 272 272 272 272 272 272 272 272 272 272 272 272 273 273 273 273 273 273 273 273 273 273 273 273 273 273 273 273 273 273 273 274 274 274 274 274 274 274 274 274 274 274 274 274 274 274 274 275 275 275 275 275 275 275 275 275 275 275 275 275 275 275 276 276 276 276 276 276 276 276 276 276 276 276 276 276 276 276 276 276 276 279 279 279 279 279 279 279 279 279 279 279 279 279 279 279 279 279 279 279 279 279 279 280 280 280 280 280 280 280 280 280 280 280 280 280 280 280 280 280 280 280 281 281 280 280 281 280 280 280 280 280 280 280 279 279 280 280 280 281 280 280 279 280 280 280 281 280 280 280 281 281 281 281 281 281 281 280 280 280 280 281 281 281 281 281 281 281 280 280 281 281 281 281 281 281 281 281 281 281 281 281 281 280 280 280 280 280 280 280 279 279 279 280 280 280 280 280 280 281 281 281 281 281 280 280 280 280 280 280 280 280 280 280 280 280 280 280 280 280 280 280 281 280 280 280 280 280 280 280 280 278 263 264 264 264 265 265 265 265 265 265 265 265 265 265 265 265 266 266 266 266 266 266 265 265 265 265 265 265 265 266 265 266 266 266 266 266 266 266 266 266 266 266 266 266 266 266 266 266 266 266 266 266 266 266 266 266 266 266 266 266 266 267 267 267 267 267 267 267 267 267 267 267 268 268 268 268 268 268 268 268 268 268 268 268 268 268 268 268 268 268 268 268 268 268 268 268 268 268 268 269 268 268 269 269 269 269 269 269 269 269 269 270 270 269 270 269 269 269 269 269 270 270 270 270 270 270 270 270 270 270 270 270 270 270 270 270 270 270 270 270 270 270 270 271 271 271 271 271 271 271 271 271 271 271 271 271 271 271 271 271 271 271 271 271 271 271 271 271 271 271 271 271 272 272 272 272 272 272 272 272 272 272 272 272 272 272 272 272 272 273 273 273 273 273 273 273 273 273 273 273 273 273 273 273 273 273 273 273 274 274 274 274 274 274 274 274 274 274 274 274 274 274 274 274 274 275 275 275 275 275 275 275 275 275 275 275 275 275 275 275 276 276 276 276 276 276 276 276 276 276 276 276 276 276 276 276 276 276 279 279 279 279 279 279 279 279 279 279 279 279 279 279 279 279 279 279 279 279 279 279 280 280 280 280 280 280 280 280 280 280 280 280 280 280 280 280 280 280 280 281 281 280 280 281 281 280 280 280 280 280 280 280 279 280 280 280 280 280 279 279 280 280 280 281 281 281 281 281 281 281 281 281 281 281 281 280 280 280 281 281 281 281 281 281 281 281 281 280 281 281 281 281 280 280 281 281 281 281 281 281 281 280 280 280 280 280 280 280 279 279 279 279 279 280 280 280 281 281 281 280 280 281 280 280 280 280 281 280 281 280 280 280 280 280 280 280 280 280 280 280 280 280 280 280 280 280 280 280 278 263 264 265 265 265 265 265 265 265 265 266 265 265 266 265 265 266 266 266 266 266 265 265 265 265 265 265 265 265 265 265 265 265 266 266 266 266 266 266 266 266 266 266 266 266 266 266 266 266 266 266 266 266 266 266 266 267 267 266 266 266 267 267 267 267 267 267 267 267 267 267 268 268 268 268 268 268 268 268 268 268 268 268 268 268 268 268 268 268 268 268 268 268 268 268 268 268 268 268 268 268 269 269 269 269 269 269 269 269 269 270 270 269 269 269 269 269 269 269 270 270 270 270 270 270 270 270 270 270 270 270 270 270 270 270 270 270 270 270 270 270 270 270 271 271 271 271 271 271 271 271 271 271 271 271 271 271 271 271 271 271 271 271 272 272 272 272 272 272 272 271 271 271 271 272 272 272 272 272 272 272 272 272 272 272 272 272 272 273 273 273 273 273 273 273 273 273 273 273 273 273 273 273 273 273 273 273 273 274 274 274 274 274 274 274 274 274 274 274 274 274 274 274 274 274 274 275 275 275 275 275 275 275 275 275 275 275 275 275 276 276 276 276 276 276 276 276 276 276 276 276 276 276 276 276 276 279 279 279 279 279 279 279 279 279 279 279 279 279 279 279 279 279 279 279 279 279 279 279 279 279 280 280 280 280 280 280 280 280 280 280 280 280 280 280 280 280 280 281 281 281 281 281 280 280 280 280 280 280 280 280 280 280 280 280 279 279 280 279 280 280 280 281 281 281 281 281 280 280 280 280 280 280 280 280 280 281 281 280 280 281 281 281 281 280 280 280 280 281 280 280 280 281 281 281 281 280 280 281 280 280 280 280 280 280 280 279 279 279 280 280 280 280 280 280 281 281 281 281 281 281 280 280 280 280 281 281 280 280 280 280 280 280 280 280 280 280 280 280 280 280 280 280 280 280 279 278 278 264 264 264 264 264 265 265 265 265 265 265 265 265 265 265 265 265 265 266 266 266 266 266 265 265 265 265 265 265 265 265 265 265 266 266 266 266 266 266 266 266 266 266 266 266 266 266 266 266 266 266 266 266 266 266 266 266 266 267 267 266 266 266 266 266 267 267 267 267 267 267 267 267 267 268 268 267 268 267 268 268 268 268 268 268 268 268 268 268 268 268 268 268 268 268 268 268 268 268 268 268 268 268 268 268 268 269 269 269 269 269 269 269 269 269 269 269 269 269 269 269 269 270 270 270 270 270 270 270 270 270 270 270 270 270 270 270 270 270 270 270 270 270 271 271 271 271 271 271 271 271 271 270 271 271 271 271 271 271 271 271 271 271 271 271 271 271 272 272 272 272 272 271 271 271 271 271 272 272 272 272 272 272 272 272 272 272 272 272 272 272 272 273 273 273 273 273 273 273 273 273 273 273 273 273 273 273 274 273 273 274 274 274 274 274 274 274 274 274 274 274 274 274 274 274 274 274 274 274 275 275 275 275 275 275 275 275 275 275 275 275 276 276 276 276 276 276 276 276 276 276 276 276 276 276 276 276 279 279 279 279 279 279 279 279 279 279 279 279 279 279 279 279 279 279 279 279 279 279 279 279 279 279 279 280 280 280 280 279 279 279 280 280 280 280 280 281 280 280 280 280 281 281 281 280 280 280 280 281 280 280 280 280 280 280 280 280 280 280 280 280 280 280 280 280 281 281 280 280 280 280 280 281 281 281 281 280 281 281 280 280 281 281 281 281 280 281 280 280 280 280 280 280 280 280 280 281 280 280 280 281 281 280 280 280 280 280 279 279 279 280 280 280 280 280 280 281 281 280 281 281 281 280 280 280 280 280 280 280 280 280 280 280 280 280 280 280 280 280 280 280 280 280 280 280 280 279 278 278 264 264 264 264 265 265 264 264 264 264 265 265 265 265 265 265 265 265 266 266 266 266 265 265 265 265 266 266 265 265 265 265 265 266 266 266 266 266 266 266 266 266 266 266 266 266 266 266 266 266 266 266 266 266 266 266 266 266 266 267 266 266 266 267 267 267 267 267 267 267 267 267 267 267 267 267 267 267 267 267 267 267 268 268 268 268 268 268 268 268 268 268 268 268 268 268 268 268 268 268 268 268 268 268 268 268 269 269 269 269 269 269 269 269 269 269 269 269 269 269 269 269 269 269 269 269 269 270 269 270 270 270 270 270 270 270 270 270 270 270 270 271 271 271 271 271 271 271 271 271 271 270 270 270 270 271 271 271 271 271 271 271 271 271 271 271 271 271 271 272 272 271 271 271 271 271 271 272 272 272 272 272 272 272 272 272 272 272 272 272 272 273 273 273 273 273 273 273 273 273 273 273 273 273 273 273 274 274 274 274 274 274 274 274 274 274 274 274 274 274 274 274 274 274 274 274 274 274 275 275 275 275 275 275 275 275 275 275 275 275 275 275 276 276 276 276 276 276 276 276 276 275 276 276 276 276 279 279 278 279 279 279 279 279 279 279 279 279 279 279 279 279 279 279 279 279 279 279 279 279 279 279 280 280 280 279 279 279 279 280 280 280 280 280 280 281 280 280 280 280 280 280 280 281 281 281 280 281 281 281 281 281 281 280 280 280 280 280 280 280 280 280 280 280 280 280 280 280 280 280 280 281 280 280 280 280 281 280 281 281 281 281 281 281 281 281 281 280 280 280 280 280 280 280 280 280 280 280 280 280 280 280 280 280 280 280 279 279 279 279 280 280 280 280 281 281 281 280 280 281 281 281 280 280 280 280 280 280 280 280 280 280 280 280 280 280 280 280 280 280 280 280 279 279 279 280 278 278 278 263 264 265 264 264 264 264 265 265 265 265 265 265 265 265 266 265 265 266 266 265 266 266 266 266 266 266 266 266 265 265 265 265 266 266 266 266 266 266 266 266 266 266 266 266 266 266 266 266 266 266 266 266 266 266 266 266 266 266 266 266 266 266 266 266 267 267 267 267 267 267 267 267 267 267 267 267 267 267 267 267 267 267 268 268 268 268 268 268 268 268 268 268 268 268 268 268 268 268 268 268 268 268 268 269 269 269 269 269 269 269 269 269 269 269 269 269 269 269 269 269 269 269 269 270 270 270 269 269 269 270 270 270 270 270 270 270 270 270 270 270 271 271 271 270 271 271 271 271 271 271 271 270 270 270 270 270 270 270 270 271 271 271 271 271 271 271 271 271 271 271 271 271 271 271 272 272 272 272 272 272 272 272 272 272 272 272 272 272 272 272 272 272 272 272 272 272 272 273 273 273 273 273 273 274 274 274 274 274 274 274 274 274 274 274 274 274 274 274 274 274 274 274 274 274 274 274 274 274 275 275 275 275 275 275 275 275 275 275 275 275 276 276 276 276 276 276 276 276 275 275 275 276 276 279 278 278 279 279 279 278 278 279 279 279 279 279 279 279 279 279 279 279 279 279 279 279 279 279 279 280 280 279 279 279 279 279 280 280 280 280 280 280 281 280 280 280 280 280 280 280 280 280 281 281 280 280 281 281 281 280 280 281 280 280 280 280 280 280 280 280 280 281 280 280 280 280 280 280 280 280 280 281 281 281 280 280 281 281 281 281 281 281 281 281 281 280 280 280 280 280 280 280 280 280 280 280 280 280 280 280 280 280 280 279 279 279 279 280 280 280 280 281 281 280 280 280 280 280 280 280 280 280 280 280 280 280 280 280 280 280 280 280 280 280 280 280 280 280 280 279 279 279 280 278 278 278 278 263 264 264 264 263 264 264 264 264 265 265 266 265 265 265 265 264 265 266 266 266 266 266 266 266 266 266 266 266 266 266 266 265 266 266 266 266 266 266 266 266 266 266 266 266 266 265 265 266 266 266 266 266 266 266 266 266 266 266 266 266 266 266 266 266 266 266 267 267 267 267 267 267 267 267 267 267 267 267 267 267 267 268 267 267 268 268 268 268 268 268 268 268 268 268 268 268 268 268 268 268 268 268 268 269 269 269 269 269 269 269 269 269 269 269 269 269 269 269 269 269 269 269 269 270 270 270 269 269 269 270 270 270 270 270 270 270 270 270 270 270 270 270 270 270 270 271 271 271 271 271 271 271 270 270 270 270 270 270 270 270 270 271 271 270 270 271 271 271 271 271 272 272 272 271 271 272 272 272 272 272 272 272 272 272 272 272 272 272 272 272 272 272 272 272 272 272 273 273 273 273 273 273 273 273 273 273 274 274 274 274 274 274 274 274 274 274 274 274 274 274 274 274 274 274 274 274 274 274 275 275 275 275 275 275 275 275 275 275 275 275 275 275 275 276 276 276 276 276 275 275 275 276 276 279 278 279 279 279 279 278 278 279 279 279 279 279 279 279 279 279 279 279 279 279 279 279 279 279 279 279 279 279 279 279 279 279 279 280 280 280 280 280 280 280 280 280 281 281 280 280 280 280 281 280 280 280 281 280 281 280 280 280 281 281 281 280 280 280 281 280 280 281 281 281 280 281 281 281 281 280 280 281 281 281 281 280 281 281 281 281 281 281 281 281 281 280 280 280 280 280 280 280 280 279 280 280 280 280 280 280 279 279 279 279 279 279 279 279 280 280 280 280 280 280 280 280 280 280 280 280 280 280 280 280 280 280 280 280 280 280 280 280 280 280 280 280 280 280 280 279 279 279 279 278 278 278 278 278 264 264 264 264 264 264 265 264 264 264 265 265 265 265 264 264 265 265 265 266 266 266 266 265 265 265 265 266 266 266 267 266 265 266 266 266 266 266 265 265 265 266 265 266 266 265 265 265 266 266 266 266 266 266 266 266 266 266 266 266 266 266 266 266 266 266 266 267 267 267 267 267 267 267 267 267 267 267 267 267 267 267 267 267 268 268 268 268 268 268 268 268 268 268 268 268 268 268 268 268 267 268 268 268 268 268 269 269 269 269 269 269 268 269 269 269 269 269 269 269 269 269 269 269 270 270 270 269 269 269 269 270 270 270 270 270 270 270 270 270 270 270 270 270 270 270 270 271 271 271 271 271 271 271 271 271 271 271 270 271 271 271 271 271 271 271 270 270 271 271 271 271 271 272 272 272 272 272 272 272 272 272 272 272 272 272 272 272 272 272 272 272 272 272 272 272 272 273 273 273 273 273 273 273 273 273 273 273 273 273 273 273 273 274 274 274 274 274 274 274 274 274 274 274 274 274 274 274 274 275 275 275 275 275 275 275 275 275 275 275 275 275 275 275 275 276 276 276 276 275 275 275 275 276 278 278 279 279 279 278 278 278 278 279 279 279 279 279 279 279 279 279 279 279 279 279 279 279 279 279 279 279 279 279 279 279 279 279 279 280 280 281 280 280 280 279 280 280 280 280 280 280 280 281 280 280 281 280 280 281 280 280 280 281 281 281 281 281 281 281 281 281 281 281 281 281 281 281 281 281 280 280 280 281 281 281 280 281 281 281 281 281 281 281 281 281 280 280 280 280 280 280 280 280 279 279 279 280 280 280 280 279 280 279 279 279 280 280 279 280 280 280 280 280 280 280 280 280 280 280 280 280 280 280 280 280 280 280 280 280 280 280 280 280 280 280 280 280 280 280 279 279 279 279 278 278 278 278 278 278 263 264 265 264 265 264 265 264 265 265 265 265 264 264 264 265 265 265 265 265 265 265 265 265 264 265 265 266 266 266 266 266 266 266 266 266 265 265 265 265 265 266 266 266 265 265 265 266 266 266 266 266 266 266 266 266 266 266 266 266 266 266 266 266 266 267 267 267 267 267 267 267 267 267 267 267 267 267 267 267 267 267 267 267 267 267 268 268 268 267 267 267 267 267 267 268 268 268 268 267 268 268 268 268 268 268 268 268 268 268 268 268 269 269 269 269 269 269 269 269 269 269 270 270 270 270 270 269 269 269 269 269 270 270 270 270 270 270 270 270 270 270 270 270 270 270 270 270 270 270 271 270 271 271 271 271 271 271 271 271 271 271 271 271 271 271 270 270 270 271 271 271 271 271 271 271 272 272 272 272 272 272 272 272 272 272 272 272 272 272 272 272 272 272 272 272 273 273 273 273 273 273 273 273 273 273 273 273 273 273 273 273 274 274 274 274 274 274 274 274 274 274 274 274 274 274 274 275 275 274 275 274 274 275 275 275 275 275 275 275 275 275 275 275 275 275 275 275 275 275 275 275 276 278 279 279 279 278 278 278 278 278 278 279 279 279 279 279 279 279 279 279 279 279 279 279 279 279 279 279 279 279 279 279 279 279 279 279 280 280 280 280 279 279 279 279 279 280 280 280 280 280 280 279 280 280 280 280 280 280 280 280 280 281 281 281 281 281 281 281 281 281 281 281 280 280 280 280 280 280 280 280 281 281 281 281 280 281 281 281 281 281 281 281 281 280 280 280 280 280 280 280 280 279 279 279 279 279 280 280 279 280 280 279 280 280 280 280 280 280 280 280 280 280 280 280 280 280 280 280 280 280 280 280 280 280 280 280 280 280 280 280 280 280 280 280 280 280 280 279 279 279 279 278 278 278 278 278 278 278 264 264 264 264 264 264 264 264 265 264 264 264 264 265 265 264 265 265 264 265 265 265 265 265 265 266 266 266 266 266 266 266 266 266 266 265 265 265 265 266 266 266 265 265 265 265 266 266 266 266 266 266 266 266 266 266 266 266 266 266 266 266 266 267 267 267 267 266 267 267 267 267 267 267 267 267 267 267 267 267 267 267 267 267 267 267 267 267 267 267 267 267 267 267 267 267 267 268 268 268 268 268 268 268 268 268 268 268 268 268 269 269 269 269 269 269 269 269 269 269 269 269 270 269 269 269 269 269 269 269 269 270 270 270 270 270 270 270 270 270 270 270 270 270 270 270 270 270 271 271 271 271 271 271 271 271 271 271 271 271 271 271 271 271 271 271 270 270 271 271 271 271 271 271 271 271 272 272 272 272 272 272 272 272 272 272 272 272 272 272 272 272 272 272 272 273 273 273 273 273 273 273 273 273 273 273 273 273 273 273 274 274 274 274 274 274 274 274 274 274 274 274 274 274 274 275 274 275 274 274 274 274 275 275 275 275 275 275 275 275 275 275 275 275 275 275 275 275 275 275 275 278 278 278 278 279 279 279 278 278 278 279 279 279 279 279 279 279 279 279 279 279 279 279 279 279 279 279 279 279 279 279 279 279 280 280 279 279 279 279 279 279 279 279 279 280 280 281 280 280 280 279 280 280 280 280 280 279 280 280 280 280 281 281 280 281 281 281 281 281 281 281 281 280 280 280 280 280 280 281 281 281 281 281 280 281 281 281 281 281 281 282 282 281 280 280 280 279 279 279 279 280 280 280 279 279 279 279 280 280 280 280 280 280 280 280 280 280 280 280 280 280 280 280 280 280 280 280 280 280 280 280 280 280 280 280 280 279 279 280 280 280 280 280 280 279 279 279 279 279 279 278 278 278 278 278 278 278 278 263 263 263 264 263 263 263 264 264 264 264 264 264 265 265 264 265 264 264 265 265 265 264 264 265 265 265 266 265 266 266 266 266 266 266 266 265 265 265 265 266 265 266 266 266 265 265 266 266 266 266 266 266 266 266 266 266 266 266 266 266 267 267 267 267 267 267 267 267 267 267 267 267 267 267 267 267 267 267 267 267 267 267 267 267 267 267 267 267 267 267 267 267 267 267 267 267 267 268 268 267 268 268 268 268 268 268 268 268 268 269 269 269 269 269 269 269 269 269 269 269 269 269 269 269 269 269 269 269 269 269 269 270 270 270 270 270 270 270 270 270 270 270 270 270 270 270 270 271 271 271 271 271 271 271 270 271 271 271 271 271 271 271 271 272 271 270 270 270 271 271 271 271 271 271 271 271 271 271 272 272 272 272 272 272 271 272 272 272 272 272 272 272 272 272 272 272 272 272 273 273 273 273 273 273 273 273 273 273 273 274 274 274 274 274 274 274 274 274 274 274 274 274 274 274 275 275 274 274 274 274 274 275 275 275 275 275 275 275 275 275 275 275 275 275 275 275 275 275 275 275 278 278 278 278 278 279 279 279 278 278 279 279 279 279 278 278 278 279 279 279 279 279 279 279 279 279 279 279 279 279 279 279 279 280 280 279 279 279 279 279 279 279 279 279 280 280 280 280 280 280 279 279 280 279 280 280 280 280 280 280 280 280 280 280 280 281 280 280 280 280 281 281 281 280 280 280 281 281 281 281 281 281 281 281 280 281 281 281 281 281 281 282 281 280 281 280 279 279 279 280 280 280 280 279 279 279 279 280 280 280 280 280 280 280 280 280 279 280 280 280 280 280 280 280 280 280 280 280 280 280 279 279 279 279 279 279 279 280 280 280 280 280 279 279 279 279 279 279 279 279 277 278 278 278 278 278 278 278 278 278 278 278 263 263 263 263 263 264 264 264 265 265 264 264 264 264 264 264 265 265 265 264 264 265 265 265 265 265 265 266 266 266 266 266 266 266 266 266 265 265 265 265 266 265 265 265 265 266 266 266 266 266 266 266 266 266 266 266 266 266 266 266 267 267 267 267 266 266 266 266 266 266 266 267 267 267 267 267 267 267 267 267 267 267 267 267 267 267 267 267 267 267 267 267 267 267 267 267 267 267 268 268 268 268 268 268 268 268 268 269 269 269 269 269 269 269 269 269 269 269 269 269 269 269 269 269 269 269 269 269 269 269 269 270 270 270 270 270 270 270 270 270 270 270 270 270 270 271 271 271 271 271 270 270 270 270 270 271 271 271 271 271 271 271 271 271 270 270 270 270 271 271 271 271 271 271 271 271 271 271 271 272 272 271 271 272 272 272 272 272 272 272 272 272 272 272 272 272 272 273 273 273 273 273 273 273 273 273 273 273 274 274 274 274 274 274 274 274 274 274 274 274 274 274 274 274 274 275 274 274 274 274 275 275 275 275 275 275 275 275 275 275 275 275 275 275 275 275 275 275 278 278 278 278 278 278 278 278 278 279 279 279 279 279 279 278 278 279 279 279 279 279 279 279 279 279 279 279 279 279 279 278 279 280 280 279 279 279 279 279 280 279 279 279 280 280 280 280 280 279 279 279 279 280 279 279 280 280 280 280 280 280 280 280 280 280 280 280 280 280 281 281 281 281 281 281 281 281 281 281 281 281 281 281 280 281 281 281 281 281 281 282 281 281 281 281 279 279 279 280 280 280 280 279 280 280 279 279 280 280 279 279 280 280 280 280 280 279 280 280 280 280 280 280 280 280 280 280 280 280 280 279 279 279 279 279 280 280 280 280 280 279 279 279 279 279 279 279 279 279 277 277 278 278 278 278 278 278 278 278 278 278 278 278 278 278 278 278 277 277 263 263 264 263 264 264 264 263 263 264 264 264 264 264 265 264 264 265 266 265 264 265 266 265 265 265 266 266 266 266 266 266 265 265 265 265 265 265 266 265 265 265 265 266 266 266 266 266 266 266 266 266 266 266 266 266 266 266 266 266 266 266 266 266 266 266 266 266 266 266 266 266 266 267 267 267 267 267 267 267 267 267 267 267 267 267 267 267 267 267 267 267 267 267 268 268 268 268 268 268 268 268 268 268 269 269 268 268 268 269 269 269 269 269 269 269 269 269 269 269 269 269 269 269 269 269 269 269 269 270 270 270 270 270 270 270 270 270 270 270 270 270 270 270 270 271 270 270 270 270 271 271 271 271 271 271 271 271 271 271 271 271 271 270 271 271 271 271 271 271 271 271 271 271 271 271 271 271 271 272 272 272 272 272 272 272 272 272 272 272 272 272 272 272 273 273 273 273 273 273 273 273 273 274 274 274 274 274 274 274 274 274 274 274 274 274 274 274 274 274 274 274 274 274 274 274 275 275 275 275 275 275 275 275 275 275 275 275 275 275 275 275 275 275 278 278 278 278 278 278 278 278 278 278 279 279 279 279 278 278 278 279 279 279 279 279 279 279 279 279 279 279 279 279 278 278 278 279 279 279 279 279 279 279 279 279 279 279 280 280 280 280 280 279 279 279 280 280 280 279 280 280 280 280 280 280 280 280 280 280 280 280 280 280 280 281 281 281 281 281 281 280 280 280 280 280 280 280 280 280 280 281 281 281 281 281 281 281 281 280 279 279 279 280 280 280 279 279 280 279 280 279 279 280 280 280 279 280 280 280 280 279 279 280 280 280 280 280 280 280 280 280 280 280 280 279 279 279 280 280 280 280 280 280 279 279 279 279 279 279 279 279 279 279 277 277 278 278 278 278 278 278 278 278 278 278 278 278 278 278 278 277 277 277 277 263 263 263 263 263 263 263 263 263 264 264 264 264 265 265 265 265 265 264 265 264 265 265 265 266 266 266 266 266 266 266 265 265 266 265 265 266 266 265 265 266 266 266 266 266 266 266 266 266 266 266 266 266 266 266 266 266 266 266 266 266 266 266 266 266 266 266 266 266 267 266 267 267 267 267 267 267 267 267 267 267 267 267 267 267 267 267 267 267 268 268 268 268 268 268 268 268 268 268 268 268 268 268 268 268 269 269 269 269 269 269 269 269 269 269 269 269 269 269 269 269 269 269 269 269 270 270 270 270 270 270 270 270 270 270 270 270 270 270 270 270 270 270 270 270 270 270 271 271 271 271 271 271 271 271 271 271 271 271 271 271 271 271 271 271 271 271 271 271 271 271 271 271 271 272 272 272 272 272 272 272 272 272 272 272 272 272 272 272 273 273 273 273 273 273 273 273 273 273 273 273 274 274 274 274 274 274 274 274 274 274 274 274 274 274 274 274 274 274 274 274 275 275 275 275 275 275 275 275 275 275 275 275 275 275 275 275 275 275 278 278 278 278 278 278 278 278 278 278 278 279 278 278 278 278 278 278 279 279 279 279 279 279 279 279 279 279 279 279 279 279 279 278 278 278 279 278 278 279 279 279 279 279 279 279 279 280 279 280 279 279 279 280 279 279 279 280 280 280 280 280 280 280 280 280 280 280 280 280 280 280 281 281 281 281 280 280 281 280 280 280 280 281 281 280 280 280 280 280 281 281 281 281 281 280 279 279 280 280 280 280 279 280 280 279 280 279 279 279 279 280 280 280 280 279 279 279 279 279 279 280 280 280 280 280 280 280 280 280 280 280 280 280 280 280 280 280 280 279 279 279 279 279 279 278 279 279 279 278 277 277 277 277 278 278 278 278 278 278 278 278 277 278 277 277 277 277 277 277 277 277 263 263 263 264 264 264 264 265 264 265 265 264 264 264 265 265 265 266 266 265 266 266 265 266 266 266 266 266 266 266 266 266 265 265 265 265 266 266 266 266 266 266 266 266 266 266 266 266 266 266 266 267 267 266 266 267 267 267 267 267 266 266 266 266 266 266 266 266 267 267 267 267 267 267 267 267 267 267 267 267 267 267 267 268 268 268 268 268 268 268 268 268 268 268 268 268 268 268 268 268 269 269 269 269 269 269 269 269 269 269 269 269 269 269 269 269 269 269 269 269 269 270 270 270 270 270 270 270 270 270 270 270 270 270 270 270 270 270 270 270 270 270 271 271 271 271 271 271 271 271 271 271 272 272 272 271 271 271 271 271 271 271 271 271 271 271 271 272 272 272 272 272 272 272 272 272 272 272 272 272 272 272 272 273 273 273 273 273 273 273 273 273 273 273 273 273 273 274 274 274 274 274 274 274 274 274 274 274 274 274 274 274 274 274 274 274 275 275 275 275 275 275 275 275 275 275 275 275 275 275 275 275 275 278 278 278 278 278 278 278 278 278 278 278 278 278 278 278 278 278 278 279 279 279 279 279 279 279 278 278 278 278 278 279 279 280 279 278 278 278 278 278 279 279 279 278 279 279 279 279 280 280 280 279 279 279 279 279 279 280 280 279 280 280 280 280 280 279 280 280 280 280 280 280 280 281 281 281 281 281 281 281 281 280 281 281 280 280 280 280 281 280 280 280 281 281 281 280 280 279 279 280 280 279 279 279 279 279 280 280 279 279 279 279 280 280 280 280 280 279 279 279 279 279 280 280 280 280 280 280 280 280 280 280 280 280 280 280 280 280 280 280 279 279 279 279 279 279 279 279 279 279 278 277 277 277 277 277 277 277 277 277 277 277 277 277 277 277 277 277 277 277 277 277 277 263 263 263 264 264 265 265 264 264 264 265 265 265 266 265 265 265 264 265 265 265 265 265 265 266 267 267 267 267 266 266 265 265 266 266 266 266 266 266 266 266 266 266 266 266 266 266 267 267 267 266 266 266 266 266 266 266 266 266 267 266 266 266 266 266 266 266 266 267 267 267 267 267 267 267 267 267 267 267 267 267 268 268 268 268 268 268 268 268 268 268 268 268 268 268 268 268 268 268 269 269 269 269 269 269 269 269 269 269 269 269 269 269 269 269 269 269 269 269 270 270 270 270 270 270 270 270 270 270 270 270 270 270 270 270 270 270 270 270 270 270 270 270 271 271 271 271 271 271 271 271 271 271 271 271 271 271 271 271 271 271 271 271 271 271 271 271 271 271 272 272 272 272 272 272 272 272 272 272 272 272 272 272 272 273 273 273 273 273 273 273 273 273 273 273 273 273 274 274 274 274 274 274 274 274 274 274 274 274 274 274 274 274 274 275 275 275 275 275 275 275 275 275 275 275 275 275 275 275 275 275 278 278 278 278 278 278 278 278 278 278 278 278 278 278 278 279 278 278 278 278 279 279 278 278 278 278 278 278 278 278 279 279 279 279 278 278 278 278 279 279 279 279 278 278 279 279 279 280 280 280 279 279 279 279 279 279 280 280 279 280 280 279 280 279 279 280 280 280 280 280 280 281 281 281 280 280 280 281 281 281 281 281 280 280 280 280 281 281 281 280 280 280 281 281 280 279 279 279 280 280 279 279 280 280 280 280 280 279 279 279 279 279 280 280 281 280 279 279 279 279 279 279 280 280 280 280 280 280 279 279 279 279 279 279 279 279 279 279 279 279 279 279 279 279 278 279 279 279 279 278 277 277 277 277 277 277 277 277 277 277 277 277 277 277 277 277 277 277 277 277 277 277 263 264 265 264 264 264 264 264 265 265 265 265 266 266 265 264 264 264 265 265 265 265 265 266 266 266 266 267 267 266 265 266 266 266 267 266 266 266 266 266 265 266 266 266 266 267 267 267 266 266 266 266 266 266 267 267 266 267 267 267 267 266 266 266 266 266 267 267 267 267 267 267 267 267 267 267 267 267 267 268 268 268 268 268 268 268 268 268 268 268 268 268 268 268 268 268 268 268 269 269 269 269 269 269 269 269 269 269 269 269 269 269 269 269 269 269 269 269 270 270 270 270 270 270 270 270 269 270 270 270 270 270 270 270 270 270 270 270 270 270 270 270 270 271 271 271 271 271 271 271 271 271 271 271 271 271 271 271 271 271 271 271 271 271 271 271 271 271 271 271 272 272 272 272 272 272 272 272 272 272 272 273 273 273 273 273 273 273 273 273 273 273 273 273 273 273 273 274 274 274 274 274 274 274 274 274 274 274 274 274 274 274 274 275 275 275 275 275 275 275 275 275 275 275 275 275 275 275 275 278 278 278 278 278 278 278 278 278 278 278 278 278 278 278 278 278 278 278 278 278 278 278 278 278 278 278 279 279 279 279 279 278 278 278 278 278 278 278 279 279 278 278 278 278 279 279 279 279 280 279 279 279 279 279 279 279 279 279 280 280 279 279 279 279 280 280 280 280 280 280 280 281 281 280 280 280 281 281 281 281 281 281 280 280 280 280 281 280 280 280 280 280 281 280 279 279 280 280 280 279 280 280 280 280 280 279 279 279 280 280 279 279 280 280 280 280 279 279 279 279 279 279 280 280 280 280 280 279 279 279 279 279 279 279 279 279 279 279 279 279 279 279 279 279 279 279 279 279 278 277 277 277 277 277 277 277 277 277 277 277 277 277 277 277 277 277 277 277 277 277 277 264 264 264 264 264 264 265 265 265 265 265 265 265 265 264 264 265 265 266 266 266 265 265 265 266 265 266 267 267 267 266 266 267 267 267 266 266 265 265 266 266 266 267 267 266 266 266 266 266 266 267 267 266 267 266 267 267 267 267 267 267 266 266 266 266 266 266 267 267 267 267 267 267 267 267 267 267 267 268 268 268 268 268 267 267 267 268 268 268 268 268 268 268 268 268 268 268 268 269 269 269 269 269 269 269 269 269 269 269 269 269 269 269 269 269 269 269 269 269 270 269 269 269 269 270 269 269 270 270 270 270 270 270 270 270 270 270 270 270 270 270 270 271 271 271 271 271 271 271 271 271 271 271 271 271 271 271 271 271 271 271 271 271 271 272 271 271 271 271 271 271 271 272 272 272 272 272 272 272 272 273 273 273 273 273 273 273 273 273 273 273 273 273 273 273 273 273 273 274 274 274 274 274 274 274 274 274 274 274 274 274 274 274 274 275 275 275 275 275 275 275 275 275 275 275 275 275 275 278 278 278 278 278 278 278 278 278 278 278 278 278 278 278 278 278 278 278 278 278 278 278 279 279 279 278 279 279 279 279 279 279 278 278 278 279 278 278 278 278 278 279 279 279 279 279 279 279 279 279 279 279 279 279 279 279 279 279 279 279 279 279 279 280 280 279 279 279 279 279 280 280 280 280 280 280 280 280 281 281 281 280 280 280 280 280 281 280 280 280 280 280 281 281 280 279 279 279 279 279 280 280 280 280 280 280 279 279 279 279 279 279 279 279 280 280 279 279 279 279 279 279 279 279 279 279 279 279 279 279 279 279 279 279 279 279 279 279 279 279 279 279 279 278 279 279 279 278 278 276 277 277 277 277 277 277 277 277 277 277 277 277 277 277 277 277 277 277 277 277 264 264 264 264 265 265 264 264 265 264 264 264 264 264 264 265 265 265 266 266 266 266 266 266 265 265 266 267 267 267 267 267 267 267 266 266 266 266 266 266 266 266 266 266 266 266 266 266 267 267 267 267 267 266 266 267 267 267 267 267 266 266 266 266 266 266 266 267 267 267 267 267 267 267 267 267 267 267 267 267 268 268 267 267 267 268 268 268 268 268 268 268 268 268 268 268 268 268 268 268 268 268 269 269 269 269 268 269 269 269 269 269 269 269 269 269 269 269 269 269 269 270 269 270 269 269 270 270 270 270 270 270 270 270 270 270 270 270 270 270 270 270 270 271 271 271 271 271 271 271 271 271 271 271 271 271 271 271 271 271 271 271 271 271 271 271 271 271 271 271 271 272 272 272 272 272 272 272 272 273 273 273 273 273 273 272 273 273 273 273 273 273 273 273 273 273 273 273 273 273 274 274 273 273 274 274 274 274 274 274 274 274 274 274 274 274 275 275 275 275 275 275 275 275 275 275 275 275 277 277 278 278 278 278 278 278 278 278 278 278 278 278 278 278 278 278 278 278 278 278 278 278 279 279 279 279 279 279 279 279 279 278 278 278 279 279 279 278 278 278 278 278 278 279 279 280 279 279 278 279 278 278 279 279 279 279 279 279 279 279 279 280 280 280 279 279 279 279 279 280 280 280 280 280 281 281 281 280 280 280 280 280 280 280 280 280 280 280 280 280 280 281 281 280 279 279 279 279 279 280 280 280 280 279 279 279 279 280 279 279 279 280 280 280 280 280 280 279 279 279 279 279 279 279 279 279 279 279 279 279 279 279 279 279 279 279 279 279 279 279 279 278 278 278 278 279 278 278 276 276 277 277 277 277 277 277 277 277 277 277 277 277 277 277 277 277 277 277 277 263 263 264 264 265 264 264 264 264 264 264 264 264 264 264 265 265 265 265 265 265 266 266 267 266 266 265 265 265 266 266 266 267 266 266 266 266 266 266 266 266 266 266 266 266 265 266 266 266 266 267 267 267 267 267 266 266 266 267 266 266 266 266 267 267 266 266 266 266 266 267 267 267 267 267 267 267 267 267 267 268 268 268 268 268 268 268 268 268 268 268 268 268 268 268 268 268 268 268 268 268 268 268 268 268 268 268 268 269 268 268 269 269 269 269 269 269 269 269 269 269 270 269 270 269 269 270 269 270 270 270 269 269 269 270 270 270 270 270 270 270 270 271 271 271 271 271 271 271 271 271 271 271 271 271 271 271 271 271 271 271 271 271 271 271 271 271 271 271 271 272 272 272 272 272 272 272 272 272 272 272 272 272 273 273 272 272 273 273 273 273 273 273 273 273 273 273 273 273 273 273 273 273 273 273 273 274 274 274 274 274 274 274 274 274 274 274 274 275 275 275 275 275 275 275 275 275 275 275 277 277 277 277 278 278 278 278 278 278 278 278 278 278 278 278 278 278 278 278 278 278 278 279 278 279 279 279 279 279 279 279 279 279 279 278 278 279 278 278 278 278 278 278 278 279 279 279 279 279 279 279 279 278 278 278 279 279 279 279 279 279 280 279 279 279 279 279 279 279 279 280 280 280 280 281 281 281 281 280 280 280 280 280 280 281 281 281 280 280 280 280 280 280 281 280 279 279 279 279 279 280 280 279 279 279 279 279 279 279 279 279 279 279 280 280 281 280 279 279 279 279 279 279 279 279 279 279 279 279 279 279 279 279 279 279 279 279 279 279 279 279 279 279 279 279 279 278 278 278 276 276 277 277 277 277 277 277 277 277 277 277 277 277 277 277 277 277 277 277 277 264 264 264 264 264 264 264 264 264 264 265 264 265 265 264 265 265 265 265 265 265 265 266 266 266 265 266 265 265 266 266 266 267 267 267 266 266 266 267 266 266 266 265 265 266 266 266 266 266 267 267 267 267 266 266 266 266 266 266 266 266 266 266 266 266 266 266 266 267 267 267 267 267 267 267 267 267 267 267 268 268 268 268 268 268 268 268 268 268 268 268 268 268 268 268 268 268 268 268 268 268 268 268 268 268 268 269 269 268 269 269 269 269 269 269 269 269 269 269 269 269 269 269 270 270 269 269 269 270 270 269 269 269 270 270 270 270 270 270 270 270 270 270 270 271 271 271 271 271 271 271 271 271 271 271 271 271 271 271 271 271 271 271 271 271 272 271 271 272 272 271 271 272 272 272 272 272 272 272 272 273 273 273 272 272 273 273 273 273 273 273 273 273 273 273 273 273 273 273 273 273 273 273 273 274 274 274 274 274 274 274 274 274 274 274 274 274 274 274 274 274 274 274 274 275 275 275 277 277 277 277 277 278 278 278 278 278 278 278 278 278 278 278 278 278 278 278 278 278 278 278 279 279 279 279 279 279 279 279 279 279 279 278 278 279 279 278 278 277 278 278 278 279 279 279 279 279 279 279 279 279 278 278 278 279 279 279 279 279 279 279 279 279 279 279 279 279 279 280 280 280 280 280 280 280 280 281 281 280 280 280 280 280 281 281 281 280 280 280 280 280 280 280 279 279 279 279 279 279 279 279 279 279 279 279 279 279 279 279 279 279 279 280 280 279 279 279 279 279 279 279 279 279 279 279 279 279 279 279 279 279 279 279 279 279 279 279 279 279 279 279 279 279 278 278 278 278 276 276 276 277 277 277 277 277 277 277 277 277 277 277 277 277 277 277 277 277 264 264 264 264 264 264 264 264 264 265 264 264 264 265 265 265 265 265 264 264 265 265 266 267 266 266 266 265 265 266 266 266 266 267 267 267 266 266 266 266 266 266 266 266 266 266 266 266 266 266 266 267 267 266 266 266 266 266 266 266 266 266 267 266 266 266 266 266 266 266 266 267 267 267 267 267 267 267 267 267 267 268 268 268 268 268 268 268 268 268 268 268 268 267 268 268 268 268 268 268 268 268 268 268 268 268 268 268 268 268 269 269 269 269 269 269 269 269 269 269 269 269 269 270 270 269 269 269 270 270 270 270 270 269 270 270 270 270 270 270 270 271 271 271 270 270 271 271 271 271 271 271 271 271 271 271 271 271 271 271 271 271 271 271 271 271 271 271 271 271 271 271 272 271 272 272 272 272 272 272 272 272 272 272 272 272 273 273 273 273 273 273 273 273 273 273 273 273 273 273 273 273 274 274 274 274 274 274 273 274 274 274 274 274 274 274 274 274 274 274 274 274 274 274 274 274 274 277 277 277 277 277 277 278 278 278 278 278 278 278 278 278 278 278 278 278 278 278 278 278 278 279 279 279 279 279 279 279 279 279 279 279 278 278 279 279 278 278 277 278 278 278 279 279 279 279 279 279 279 279 279 279 279 278 278 278 278 279 279 279 279 279 279 279 279 279 279 279 280 280 280 280 280 280 280 280 280 280 280 280 280 280 280 280 281 280 280 280 280 280 280 280 281 280 279 279 279 278 279 279 279 279 279 279 279 279 279 279 279 279 279 279 279 280 280 280 279 279 279 279 279 279 279 279 279 279 279 279 279 279 279 279 279 279 279 279 279 279 279 279 279 279 278 278 278 278 278 276 276 276 276 276 277 277 277 277 277 277 277 277 276 276 277 277 277 264 264 264 264 264 264 264 264 264 265 265 265 265 265 265 265 265 265 265 264 264 265 266 267 267 267 266 266 265 266 266 266 266 267 267 266 266 265 265 265 265 266 266 266 266 266 266 266 266 266 266 266 266 266 266 266 266 266 266 265 266 266 266 266 266 266 266 266 266 266 266 266 267 267 267 267 267 268 268 268 268 268 268 268 268 268 268 268 267 268 268 268 268 267 268 268 268 268 268 268 268 268 268 268 268 268 268 268 268 268 268 268 268 268 269 269 269 269 269 269 269 269 269 270 270 269 269 270 269 269 270 270 270 270 269 270 271 270 270 270 270 270 270 270 271 270 270 270 270 271 271 271 271 271 271 271 271 271 271 271 270 271 271 271 271 271 271 271 271 271 271 271 271 271 272 272 272 272 272 272 272 272 272 272 272 272 273 273 273 272 273 273 273 273 273 273 273 273 273 273 273 273 274 274 274 274 274 273 273 274 274 274 274 274 274 274 274 274 274 274 274 274 274 274 274 274 274 277 277 277 277 277 277 277 277 277 278 278 278 278 278 278 278 278 278 278 278 278 278 278 278 279 279 279 279 279 279 279 279 279 279 279 278 278 279 279 278 278 277 277 278 279 279 279 279 279 280 279 279 279 279 279 279 279 279 278 279 278 278 278 278 278 278 278 279 279 279 279 280 280 279 279 279 280 280 280 280 280 280 280 280 280 280 280 281 280 280 280 280 280 280 280 280 281 280 279 279 278 278 279 279 279 279 279 279 278 279 279 279 279 279 279 279 279 280 280 280 279 279 279 279 279 279 279 279 279 279 279 279 279 279 279 279 279 279 279 279 278 278 278 278 278 278 278 278 278 278 276 276 276 276 276 276 276 276 276 276 277 277 276 276 276 276 276 264 264 264 264 264 264 264 264 264 265 265 265 265 264 264 264 265 265 266 265 265 265 266 266 266 267 267 266 265 265 266 266 266 267 267 266 266 266 266 266 265 266 267 266 266 266 266 266 266 266 266 266 266 266 266 266 266 266 266 266 265 265 266 266 266 267 267 266 266 266 266 266 266 266 267 267 267 267 267 267 267 268 268 268 268 268 267 268 268 268 268 268 268 268 268 268 268 268 268 268 268 267 267 267 268 268 269 269 269 269 268 268 268 269 269 269 269 269 269 269 269 269 269 269 269 270 269 270 270 270 269 270 270 270 270 270 270 270 270 270 270 270 270 270 270 270 270 270 270 270 270 271 271 271 271 271 271 271 271 271 271 270 271 271 271 271 271 271 271 271 271 271 272 272 272 272 272 272 272 272 272 272 272 272 272 273 273 273 273 273 273 273 273 273 273 273 273 273 273 273 273 273 274 273 273 273 273 273 273 274 274 274 274 274 274 274 274 274 274 274 274 274 274 274 274 274 274 277 277 277 277 277 277 277 277 277 277 277 278 278 278 278 278 278 278 278 278 278 278 278 278 278 278 279 279 279 279 279 279 279 279 278 278 278 279 279 278 278 278 277 278 278 279 280 280 280 280 279 279 279 279 279 279 279 279 279 279 279 279 279 279 278 278 279 279 279 279 279 279 279 280 280 279 279 280 280 280 280 280 280 280 280 280 280 280 280 279 280 280 280 280 280 280 280 281 280 279 278 279 279 279 279 280 279 279 278 279 279 279 279 279 279 279 279 279 279 279 279 279 279 279 279 279 279 279 279 279 279 279 279 279 279 279 279 279 278 278 278 278 278 278 278 278 278 278 278 278 276 276 276 276 276 276 276 276 276 276 276 276 276 276 276 276 276 263 263 263 263 264 264 265 264 264 264 264 264 264 265 266 266 266 266 266 266 265 265 266 267 267 266 266 266 266 266 266 267 267 267 267 267 266 266 265 266 267 267 266 266 266 266 266 266 266 266 266 266 266 266 266 266 266 265 265 266 266 266 267 267 266 267 267 266 266 266 266 266 267 267 267 267 267 267 268 268 268 268 267 267 268 268 268 268 268 268 268 268 268 267 267 267 267 267 267 267 267 267 268 268 268 269 269 268 268 268 268 269 269 269 269 269 269 269 268 269 269 269 269 269 269 269 269 270 270 270 270 270 270 270 270 270 270 269 270 270 270 270 270 270 270 270 270 270 270 270 270 271 271 271 271 271 271 271 270 271 271 271 271 271 271 271 271 271 272 272 272 272 272 272 272 272 272 272 272 272 272 272 272 273 273 273 273 273 273 273 273 273 273 273 273 273 273 273 273 273 273 273 273 273 273 273 273 274 274 274 274 274 274 274 274 274 274 274 274 274 274 274 274 274 277 277 277 277 277 277 277 277 277 277 277 278 277 277 278 278 278 278 278 278 278 278 278 278 278 278 278 279 279 279 278 278 278 279 278 278 278 278 278 278 278 278 277 278 279 279 279 280 280 280 279 279 279 279 279 279 279 278 279 279 278 279 279 279 279 279 279 279 279 279 279 279 279 280 280 280 279 280 280 280 280 280 280 280 280 280 280 280 280 280 279 280 280 279 280 279 280 279 280 280 279 279 279 279 279 280 280 279 278 278 279 279 279 279 279 279 279 279 279 279 280 279 279 279 278 279 279 279 279 279 279 279 279 279 279 279 279 278 278 278 278 278 278 278 278 278 278 278 278 278 277 276 276 276 276 276 276 276 276 276 276 276 276 276 276 276 263 263 263 264 264 264 264 264 264 264 265 265 266 266 266 266 266 265 265 266 266 267 267 267 267 267 266 266 266 267 267 267 267 266 266 265 266 266 267 266 266 266 266 266 266 266 266 266 266 266 266 266 266 266 266 265 265 266 266 266 267 267 267 267 267 267 267 266 266 266 266 267 267 267 267 267 267 267 267 267 267 268 268 268 268 268 268 268 268 267 267 267 267 267 267 267 268 268 268 268 268 267 268 268 268 269 268 268 268 268 269 269 269 269 269 269 269 269 268 269 269 269 269 269 269 269 270 270 270 270 270 270 270 270 269 270 270 270 270 270 270 270 270 270 270 270 270 270 270 270 270 271 271 271 271 270 270 270 271 271 271 271 271 271 271 271 272 271 271 271 272 272 272 272 272 272 272 272 272 272 272 273 273 273 273 273 273 273 273 273 273 273 273 273 273 273 273 273 273 273 273 273 273 273 273 274 274 274 274 274 274 274 274 274 274 274 274 274 274 274 274 274 277 277 277 277 277 277 277 277 277 277 277 277 277 278 278 278 278 278 278 278 278 278 278 278 278 278 279 279 279 279 278 278 278 278 278 279 279 278 278 278 277 277 277 278 279 279 279 279 280 279 278 279 279 279 279 279 279 278 279 279 278 278 279 279 279 279 279 279 279 279 280 280 279 280 280 280 280 280 279 280 280 280 280 280 280 280 280 279 279 279 279 279 280 279 279 279 280 280 280 280 280 279 279 279 279 279 280 279 278 278 278 279 279 279 279 279 279 279 279 279 280 280 279 279 278 278 279 279 279 279 279 279 279 279 279 279 279 279 278 278 278 278 278 278 278 278 278 278 278 278 276 276 276 276 276 276 276 276 276 276 276 276 276 276 263 263 263 263 264 263 264 264 264 264 264 265 265 266 265 264 265 266 266 266 267 267 266 267 267 267 267 267 267 267 267 267 266 266 266 266 266 266 266 267 267 266 266 266 266 266 267 267 267 267 267 267 267 266 266 266 265 266 267 267 267 267 267 267 267 267 267 266 266 266 266 266 266 266 267 267 267 267 267 267 267 268 268 268 268 268 268 267 267 267 267 267 267 267 267 267 268 268 267 267 267 267 268 268 268 268 268 268 268 268 268 268 268 269 269 269 269 269 269 268 269 269 269 269 269 269 270 270 270 270 270 270 269 270 270 270 269 270 270 270 270 270 270 270 270 270 270 270 270 270 270 270 270 270 270 270 270 270 271 271 271 271 271 271 271 271 271 271 271 271 271 272 272 272 272 272 272 272 272 272 272 273 273 272 272 272 273 273 273 273 273 273 273 273 273 273 273 273 273 273 273 273 273 273 274 274 274 274 274 274 274 274 274 274 274 274 274 274 274 274 274 274 274 274 274 274 274 274 274 274 274 274 274 275 275 275 275 275 275 275 275 275 275 275 275 275 276 276 276 276 275 275 275 275 275 276 276 276 275 275 275 275 275 275 275 276 276 276 277 277 277 279 279 279 279 279 279 279 279 279 279 279 279 279 279 279 280 280 280 280 280 280 280 280 280 280 280 280 280 280 280 280 280 280 281 281 280 280 279 280 279 279 279 279 279 279 280 280 279 279 279 280 280 280 279 279 279 279 279 278 279 279 279 279 279 279 279 279 279 279 279 279 280 279 279 279 279 279 279 279 279 279 279 279 279 279 279 279 279 279 278 278 278 278 278 278 278 278 278 278 278 277 277 277 277 277 277 277 277 277 277 277 277 277 277 263 263 263 264 263 264 263 263 263 264 265 265 266 266 265 265 266 266 266 266 266 266 267 267 267 267 267 267 267 267 267 267 267 267 266 266 266 266 266 266 266 266 266 267 266 267 267 267 267 267 267 267 266 266 266 266 265 266 266 267 267 267 267 267 267 267 266 266 266 266 267 266 267 267 267 267 267 267 267 267 267 267 268 268 268 268 268 267 267 267 267 267 266 267 267 267 267 267 267 267 267 267 268 268 268 268 268 268 268 268 268 268 268 268 269 269 268 268 269 269 269 269 269 269 269 269 269 269 270 270 269 270 270 270 270 269 270 271 271 270 270 270 270 270 270 270 270 270 270 270 270 270 270 270 270 270 270 271 271 271 271 271 271 271 271 271 271 271 272 271 272 272 272 272 272 272 272 272 272 272 273 273 272 272 273 273 273 273 273 273 273 273 273 273 273 273 273 273 273 273 273 273 273 274 274 274 274 273 273 274 274 274 274 274 274 274 274 274 274 274 274 274 274 274 274 274 274 274 274 274 274 274 275 274 275 275 275 275 275 275 275 275 275 275 275 275 275 276 275 275 275 275 275 275 275 276 276 275 275 275 275 275 275 275 276 276 276 277 277 277 280 279 279 279 280 280 280 280 280 279 279 279 279 279 279 279 280 280 280 280 280 280 280 281 280 280 280 280 280 280 280 280 280 280 281 280 279 279 279 280 280 280 279 279 279 279 279 279 279 280 279 279 279 279 279 279 279 280 279 279 279 279 279 279 279 279 279 279 279 279 279 279 279 279 279 278 278 279 279 279 279 279 279 279 279 279 279 279 278 278 278 278 278 278 278 278 278 278 278 278 277 277 277 277 277 277 276 276 276 276 276 276 277 277 277 263 263 263 263 263 263 264 264 264 264 264 264 264 265 265 266 266 266 266 267 267 267 267 267 267 267 267 267 267 267 267 267 267 267 267 267 267 267 266 267 267 267 267 267 267 267 267 267 267 266 266 265 265 266 267 266 266 266 266 266 266 267 267 266 267 267 267 268 267 267 267 267 267 267 267 267 267 267 267 267 267 267 267 268 267 267 267 268 268 268 268 268 268 268 267 267 268 267 268 268 268 269 268 268 268 268 268 268 268 268 268 269 269 268 268 268 269 269 269 269 269 269 269 269 270 270 270 269 269 269 270 270 270 270 271 271 270 270 270 270 270 270 270 270 270 270 270 270 270 270 270 270 270 270 270 271 271 271 271 271 271 271 271 271 271 271 271 272 272 272 272 272 272 272 272 272 272 273 272 273 272 272 272 272 272 273 273 273 273 273 272 273 273 273 273 273 273 273 273 273 273 273 273 274 274 273 274 273 273 274 274 274 274 274 274 274 274 274 274 274 274 274 274 274 274 274 274 274 274 274 275 275 275 275 275 275 275 275 275 275 275 275 275 275 276 276 275 275 275 275 275 275 275 275 275 275 275 275 275 275 275 276 276 277 277 277 277 280 280 280 280 280 280 280 280 280 280 280 280 280 280 280 280 279 280 280 280 280 280 280 280 280 280 280 280 280 280 280 280 280 280 280 280 280 279 280 280 280 280 280 279 279 279 279 279 279 279 278 278 279 278 278 279 279 279 280 279 279 278 279 279 279 279 279 279 279 279 279 279 279 279 279 278 278 278 279 279 279 279 279 279 278 278 278 278 278 278 278 278 278 278 278 278 278 277 278 278 277 277 277 277 277 277 277 277 277 277 277 276 276 276 263 263 263 264 264 263 263 264 264 265 264 264 265 265 265 266 266 266 267 267 267 267 267 267 267 267 267 267 267 267 267 267 268 267 267 267 266 266 267 267 267 267 266 266 266 267 266 266 265 266 267 267 266 267 266 266 266 267 267 267 267 267 267 267 268 268 267 268 267 267 267 267 267 267 267 267 267 267 267 267 267 267 267 268 268 268 269 269 269 269 269 269 268 268 268 268 268 268 268 268 268 268 268 268 267 268 268 268 268 269 268 269 268 269 269 269 269 269 269 269 269 269 270 270 270 270 270 270 271 270 271 271 270 270 270 270 270 270 270 270 270 270 270 270 270 270 270 271 271 271 271 271 271 271 271 271 271 271 271 271 272 271 271 271 272 272 272 272 272 272 272 272 272 272 272 272 273 272 272 272 272 272 272 273 273 272 272 272 273 273 273 273 273 273 273 273 273 273 273 273 273 273 273 273 273 273 273 274 274 274 274 274 274 274 274 274 274 274 274 274 274 274 274 274 274 274 274 274 275 275 275 275 275 275 275 275 275 275 275 275 275 275 276 275 275 275 275 275 275 275 276 276 276 275 276 275 275 275 276 276 277 277 277 277 280 281 280 280 280 280 280 280 280 280 280 280 280 280 280 280 279 280 280 280 280 280 280 280 280 280 280 280 280 280 280 280 280 280 280 280 280 279 279 280 280 280 280 280 279 279 279 279 279 279 278 278 278 278 278 278 279 279 279 279 279 279 279 279 279 279 279 279 279 279 279 279 279 279 279 278 278 278 278 278 279 279 279 278 278 278 278 278 278 278 278 278 278 278 277 277 277 278 278 278 277 277 277 277 277 277 277 277 277 277 277 276 276 276 263 263 264 264 263 263 264 265 266 266 265 265 266 266 266 266 266 266 266 266 267 267 267 267 267 267 267 267 267 267 267 267 268 267 267 266 266 266 266 266 266 266 266 266 266 266 266 266 266 266 266 266 266 267 266 266 266 267 267 267 267 267 268 268 268 268 268 268 268 267 267 267 267 267 267 266 267 267 267 268 268 268 268 269 269 269 268 268 269 268 269 269 268 269 268 268 268 268 268 268 268 268 268 268 268 268 268 268 268 268 269 268 268 268 268 269 269 269 269 269 269 270 270 270 270 271 271 271 271 271 270 270 269 270 270 270 269 270 270 270 270 270 270 270 270 270 271 271 271 271 271 271 271 271 271 271 271 271 271 271 271 271 271 272 272 272 272 272 272 272 272 272 272 272 272 272 272 272 272 272 272 272 272 272 272 272 272 273 273 273 273 273 273 273 273 273 273 273 273 273 273 273 273 273 273 273 274 274 274 274 274 274 274 274 274 274 274 274 274 274 274 274 274 274 274 274 274 274 275 275 275 275 275 274 274 275 275 275 275 275 275 275 275 275 275 275 275 275 275 275 276 276 276 276 276 276 276 276 277 277 277 277 278 280 280 280 280 280 280 280 280 280 280 280 280 281 280 280 279 280 280 280 280 280 280 280 280 279 280 280 280 280 280 280 280 280 280 280 280 280 279 279 279 279 279 279 279 279 279 279 279 279 279 278 278 278 278 278 278 279 279 279 279 279 279 279 278 278 279 279 279 279 279 279 279 279 279 278 278 278 278 278 278 278 278 278 278 278 278 278 278 278 278 278 278 278 278 277 277 278 278 278 277 277 277 277 277 277 277 276 277 276 276 276 276 276 276 263 263 263 263 263 264 264 264 264 265 265 266 266 266 266 266 266 266 266 266 266 266 267 267 266 266 266 266 266 267 267 267 267 267 267 267 267 267 266 266 266 266 266 266 266 266 266 266 267 267 267 267 267 267 267 266 266 266 267 267 268 267 268 268 268 268 269 268 268 268 268 268 268 267 267 267 267 267 267 268 268 268 268 268 269 269 268 268 268 269 268 269 268 268 268 268 268 268 268 268 268 268 268 268 268 268 268 268 268 268 269 268 268 268 268 268 269 269 269 269 270 270 270 270 270 270 270 270 270 271 271 270 270 269 269 269 269 270 270 270 270 270 270 270 270 270 270 271 271 271 271 271 271 271 271 271 271 271 271 271 271 271 271 271 272 272 272 272 272 272 272 272 272 272 272 272 272 272 272 272 272 272 272 272 272 272 272 272 273 273 273 273 273 273 273 273 273 273 273 273 273 273 273 273 273 273 273 273 273 274 274 274 274 274 274 274 274 274 274 274 274 274 274 274 274 274 274 274 274 274 275 275 275 275 274 274 274 275 275 275 274 274 275 275 275 275 275 275 275 275 275 275 275 276 276 276 276 276 276 277 277 277 277 278 280 280 280 281 281 281 281 280 281 280 280 280 280 280 279 280 280 280 280 280 280 280 280 280 280 280 280 280 280 280 280 280 280 280 280 279 279 279 279 279 279 279 279 279 279 279 279 279 279 279 279 278 278 277 278 278 279 279 279 279 279 279 279 279 278 278 279 279 279 279 279 278 278 278 278 278 278 278 278 278 278 278 278 278 278 278 278 278 278 278 278 278 277 277 277 277 277 277 277 277 276 276 277 277 276 276 276 276 276 276 276 276 276 276 263 263 264 264 264 264 264 264 264 264 265 266 266 267 266 266 266 266 267 267 267 266 266 265 266 265 266 266 267 267 267 267 266 267 267 267 267 267 266 266 266 266 266 266 266 267 267 267 267 267 267 267 267 267 267 267 267 267 268 268 268 268 268 268 268 268 268 268 268 268 268 268 267 267 268 267 268 268 268 268 268 268 268 268 268 268 268 268 268 268 268 268 268 268 268 268 268 268 268 268 268 269 268 268 268 268 268 268 268 268 268 269 269 269 269 269 270 270 270 270 270 270 270 270 270 270 271 271 270 270 270 270 270 270 270 270 270 270 270 270 271 271 270 270 271 271 271 271 271 271 271 271 271 271 271 271 271 271 271 271 271 272 272 272 272 272 272 272 272 272 272 272 272 272 272 272 272 272 272 272 272 272 272 272 273 273 273 273 273 273 273 273 273 273 273 273 273 273 273 273 273 273 273 273 273 273 274 274 274 274 274 274 274 274 274 274 274 274 274 274 274 274 274 274 274 274 274 274 274 274 275 274 274 274 274 275 275 274 275 275 275 275 275 275 275 275 275 275 275 275 275 275 275 275 275 276 276 276 276 277 277 280 280 280 281 281 281 281 281 281 281 280 280 280 280 280 280 280 280 280 280 280 280 280 280 280 280 280 279 279 279 279 279 279 279 279 279 279 279 279 279 279 279 279 279 279 279 279 279 279 279 279 279 278 278 278 278 278 278 278 279 278 279 279 279 278 278 278 278 279 279 279 278 278 278 278 278 278 278 278 278 278 278 278 278 278 278 278 278 278 278 278 277 277 277 277 277 277 277 277 277 276 276 276 276 276 276 276 276 276 276 276 276 276 263 263 263 264 264 264 263 263 263 264 265 264 265 266 266 266 267 266 266 266 266 266 266 266 265 265 266 266 266 267 267 267 267 266 266 267 267 267 266 266 267 266 266 266 266 266 266 266 267 267 266 266 266 266 267 267 267 267 268 268 268 268 268 268 268 268 268 268 268 268 268 268 268 268 268 268 268 268 268 268 268 268 268 268 269 269 268 268 268 268 268 268 268 268 268 268 268 268 268 268 268 268 268 268 268 268 268 268 268 269 269 269 269 269 270 270 270 270 270 270 270 270 269 270 270 270 270 270 270 270 270 271 271 270 271 271 271 270 270 270 271 271 270 270 270 271 271 270 271 271 271 271 271 271 271 271 271 271 271 271 271 271 272 272 272 272 272 272 272 272 272 272 272 272 272 272 272 272 272 272 272 272 272 272 273 273 273 273 273 273 273 273 273 273 273 273 273 273 273 273 273 273 273 273 273 273 274 273 274 274 274 274 274 274 274 274 274 274 274 274 274 274 274 274 274 274 274 274 274 274 274 274 274 274 274 274 275 274 275 275 275 275 275 275 275 275 275 275 275 275 275 275 274 274 274 274 275 275 275 275 275 278 279 279 280 280 280 280 279 280 280 280 280 280 280 280 280 281 281 280 280 280 281 281 280 280 280 280 280 280 279 279 278 278 278 279 279 279 279 279 279 278 279 279 279 279 279 279 279 279 278 278 278 278 278 278 278 278 278 278 278 278 278 279 278 278 278 278 279 279 279 279 279 278 278 278 278 278 278 278 278 278 278 278 278 278 278 278 278 278 278 277 277 277 277 277 277 277 277 277 277 276 276 276 276 276 276 276 276 276 276 276 276 276 262 263 263 263 263 263 264 264 264 264 263 264 265 264 265 265 266 266 266 266 265 265 265 265 266 266 266 266 267 267 266 267 267 267 266 266 266 266 267 266 267 267 266 266 266 266 266 266 266 266 266 266 267 267 267 267 267 267 268 268 268 268 267 268 267 267 268 268 268 268 268 268 268 268 268 268 268 268 268 268 268 268 268 268 268 268 268 268 268 268 268 267 268 268 268 268 268 268 268 268 268 268 268 268 268 269 269 268 268 269 269 269 269 269 270 270 269 269 269 270 269 269 270 270 270 270 270 270 270 270 270 270 270 271 270 270 270 271 270 270 270 270 270 270 270 270 270 270 270 270 271 270 271 271 271 271 271 271 271 271 271 271 272 272 272 272 272 272 272 272 272 272 272 272 272 272 272 272 272 272 272 272 272 272 273 273 273 273 273 273 273 273 273 273 273 273 273 273 273 273 273 273 273 273 273 273 273 273 273 273 274 274 274 274 274 274 274 274 274 274 274 274 274 274 274 274 274 274 274 274 274 274 274 274 274 274 275 275 275 274 274 274 274 275 275 275 275 275 275 275 275 275 275 275 275 275 274 275 275 275 278 279 279 279 279 279 279 279 280 280 280 280 279 280 280 280 280 281 281 281 281 281 281 281 281 280 280 280 280 280 279 278 278 278 278 279 279 279 279 279 278 278 279 279 279 279 279 279 279 278 278 278 278 278 278 278 278 278 278 278 278 278 278 278 278 278 278 278 278 279 278 279 279 278 278 278 278 277 277 278 278 278 278 277 277 278 278 278 278 278 278 277 277 277 276 277 276 276 276 277 276 276 276 276 276 276 276 276 276 276 276 276 276 276 262 263 263 263 264 263 263 264 263 263 264 264 264 263 264 264 264 265 265 265 265 265 265 265 265 266 266 266 266 266 266 267 267 267 266 266 265 266 266 266 266 266 266 266 266 266 266 266 266 266 266 267 267 266 266 266 266 267 267 267 267 267 267 267 267 268 268 268 268 268 268 268 268 268 268 268 268 268 268 268 268 268 268 268 268 268 269 269 269 268 268 267 268 268 268 268 268 268 268 268 268 268 268 268 269 269 269 269 269 269 269 269 270 269 269 270 269 269 270 269 269 269 270 270 270 270 269 270 270 270 270 270 270 270 270 270 270 270 270 270 270 270 270 270 270 270 270 270 270 270 270 270 270 270 270 270 271 271 271 271 271 271 272 272 272 272 272 272 272 272 272 272 272 272 272 272 272 272 272 272 272 272 272 272 273 272 272 272 273 273 273 273 273 273 273 273 273 273 273 273 273 273 273 273 273 273 273 273 274 274 273 273 273 274 274 274 274 274 274 274 274 274 274 274 274 274 274 274 274 274 274 274 274 274 274 275 275 275 275 274 274 274 274 274 274 275 275 275 275 275 275 275 276 276 275 275 275 275 275 277 278 279 278 278 278 279 279 279 280 280 280 279 280 280 279 279 280 281 281 281 280 280 281 281 281 281 281 280 280 279 278 278 278 278 279 279 279 279 278 278 278 278 279 279 279 279 279 279 279 278 277 277 278 278 278 278 278 278 278 278 278 278 278 278 278 278 278 278 278 278 278 278 278 278 278 278 278 277 277 277 277 277 277 277 278 278 278 278 278 277 277 277 276 276 276 276 276 276 276 276 276 276 276 276 276 275 275 275 275 276 276 276 276 262 262 262 263 262 263 264 263 263 263 263 264 263 263 263 264 264 265 266 266 265 264 264 265 265 265 265 266 266 266 266 266 266 266 266 266 266 266 266 266 266 266 266 266 266 266 266 266 266 266 267 267 266 266 266 267 267 267 267 267 267 267 267 267 267 267 268 268 268 268 268 268 268 268 267 268 268 268 268 268 268 268 268 268 268 268 268 268 268 268 268 267 267 268 268 268 268 268 268 268 268 268 268 268 269 269 269 269 269 269 269 269 270 269 269 270 269 269 269 269 269 269 270 270 270 269 269 270 270 270 270 270 270 270 269 270 270 270 270 270 270 270 270 270 270 270 270 270 270 270 270 271 271 271 271 270 270 271 271 271 271 271 272 272 272 272 272 272 272 272 272 272 272 272 272 272 272 272 272 272 272 272 272 272 272 272 273 273 273 273 273 273 273 273 273 273 273 273 273 273 273 273 273 273 273 273 273 273 273 273 273 273 273 273 273 273 273 274 274 274 274 274 274 274 274 274 274 274 274 274 274 274 274 274 275 275 275 275 275 274 274 274 274 274 274 275 275 275 275 275 275 275 275 276 275 276 276 276 279 278 278 278 278 278 278 279 279 279 279 279 279 279 279 279 280 280 281 281 281 280 280 280 281 281 281 281 281 280 280 279 278 278 278 279 279 279 279 279 279 278 278 278 278 279 279 279 279 279 278 278 278 278 278 278 278 278 278 277 277 278 278 278 278 278 278 278 278 278 278 278 278 278 278 278 278 278 277 277 277 277 277 277 277 277 278 278 277 277 277 277 276 276 276 276 276 277 276 276 276 275 275 275 275 275 275 275 275 275 276 276 276 276 262 263 263 262 263 263 263 264 264 264 265 266 266 265 265 265 264 265 265 266 266 266 266 266 266 266 266 266 266 266 266 266 266 266 266 266 266 266 266 266 266 266 266 266 266 266 266 266 266 266 267 267 267 267 267 267 267 267 267 268 268 268 268 268 268 268 267 267 267 267 267 268 268 267 268 267 268 268 268 268 268 268 268 268 268 268 267 267 268 268 268 268 268 268 268 268 268 268 269 269 269 269 269 269 269 269 269 269 269 269 269 269 269 269 269 270 270 269 269 269 270 270 270 270 270 270 270 270 269 270 270 270 270 270 270 270 270 270 270 270 270 270 271 271 271 270 270 271 270 270 270 271 271 271 271 271 272 272 272 272 272 272 272 272 272 272 272 272 272 272 272 272 272 272 272 272 272 272 272 272 273 273 273 273 273 273 273 273 273 272 272 273 273 273 273 273 273 273 273 273 273 273 273 273 273 273 273 273 273 273 274 273 274 274 274 274 274 274 274 274 274 274 274 274 274 274 274 274 274 274 275 275 274 274 275 274 274 274 275 275 275 275 275 275 275 275 275 275 275 276 276 279 279 278 278 278 278 279 279 279 279 279 279 279 280 280 279 279 280 280 280 280 280 280 280 280 281 281 281 281 280 280 279 278 277 278 278 278 279 279 279 279 278 278 278 278 279 278 278 278 279 278 278 278 278 278 278 278 278 278 278 277 277 278 278 277 278 278 278 278 278 278 278 278 278 278 278 278 277 277 277 278 277 277 277 277 277 277 278 277 277 277 276 276 276 276 276 276 276 276 276 275 275 275 275 275 275 275 275 275 276 276 276 276 276 276 263 262 262 263 263 263 264 264 264 264 265 265 265 265 264 264 265 265 266 266 266 266 266 266 266 266 266 266 266 266 266 266 266 266 266 266 266 266 266 266 266 266 266 266 266 266 266 266 266 267 267 267 267 267 267 267 267 267 267 268 268 268 268 268 268 268 267 267 267 267 267 267 267 267 267 268 268 268 268 268 268 268 268 268 268 268 268 267 267 268 268 268 268 268 268 268 268 268 269 269 269 269 269 269 269 269 269 269 269 269 269 269 269 270 269 269 269 269 269 270 270 270 269 269 270 270 270 269 270 270 270 270 270 270 270 270 270 270 270 270 270 270 270 271 271 271 270 271 271 270 271 271 271 271 271 271 271 271 271 272 272 272 272 272 272 272 272 272 272 272 272 272 272 272 272 272 272 272 273 273 273 272 272 272 272 272 272 272 273 273 273 272 273 273 272 272 272 272 273 273 273 273 273 273 273 273 273 273 273 273 273 274 274 274 274 274 274 274 274 274 274 274 274 274 274 274 274 274 274 274 274 274 274 275 275 275 275 275 275 275 275 276 275 275 275 275 275 275 275 276 278 278 279 279 279 279 279 280 280 280 279 279 279 279 280 280 280 280 280 280 280 280 280 280 280 281 280 280 280 280 280 279 278 277 278 278 278 278 278 279 278 278 278 278 278 278 278 278 278 278 278 278 278 278 278 278 278 278 278 278 277 277 277 277 277 277 278 278 278 278 278 277 277 278 277 277 277 277 277 277 277 277 277 277 277 277 277 277 277 277 276 276 276 276 276 277 277 276 276 276 275 275 275 276 275 275 275 275 276 276 276 276 276 262 262 262 262 262 263 264 263 263 264 265 265 265 265 265 264 264 265 265 266 266 266 265 266 266 266 266 266 266 266 266 266 266 266 266 266 266 266 266 266 266 266 266 266 266 266 266 266 266 267 267 267 267 267 267 267 267 267 267 268 268 267 267 268 268 268 267 267 267 267 267 267 267 267 267 267 267 267 268 268 268 268 268 268 268 268 268 268 267 267 268 268 268 268 268 268 268 268 268 268 269 269 269 269 269 269 269 269 269 269 269 269 269 269 269 269 269 269 269 269 269 270 269 269 269 270 269 270 270 270 270 270 270 270 270 270 270 270 270 270 270 270 271 271 271 271 271 271 271 270 271 271 271 271 271 271 271 271 271 272 272 272 272 272 272 272 272 272 272 272 272 272 272 272 272 273 272 272 272 272 272 272 272 273 272 272 272 273 273 273 272 272 273 273 273 272 272 272 272 273 273 273 273 273 273 273 273 273 273 273 273 273 273 274 274 274 274 274 274 274 274 274 274 274 274 274 274 274 274 274 274 274 274 274 275 275 275 275 275 275 275 275 275 275 275 276 275 276 276 276 279 279 278 278 279 279 279 279 280 280 280 279 279 279 279 280 280 280 280 280 280 280 280 280 280 280 280 280 280 280 280 279 278 277 277 277 278 278 278 278 278 279 279 278 279 278 278 278 278 278 278 278 278 278 278 278 278 277 278 278 277 277 277 277 277 277 277 278 278 278 278 278 277 277 277 277 277 277 277 277 277 277 277 277 277 277 277 277 276 276 276 276 277 277 277 277 276 276 276 276 275 276 275 276 276 276 276 263 263 263 264 264 264 264 265 265 265 264 264 264 265 265 266 266 265 265 265 265 266 266 266 266 265 266 266 266 266 266 266 266 266 266 266 266 266 266 266 266 266 266 266 267 267 267 267 267 267 267 267 267 267 267 267 267 268 268 268 268 268 267 267 267 267 267 267 267 267 267 267 268 268 268 268 268 268 268 268 268 268 268 268 268 268 268 268 268 268 268 268 268 268 269 269 269 269 269 269 269 269 269 269 269 269 269 269 269 269 269 269 270 269 269 269 269 269 269 269 269 269 269 270 270 270 270 270 270 270 270 270 270 270 270 270 270 270 270 271 271 271 271 271 271 271 271 271 271 271 271 271 271 271 271 271 271 272 272 272 272 272 271 271 271 272 272 272 272 272 272 272 272 272 272 272 272 272 273 273 272 272 273 272 272 272 272 273 273 273 273 273 272 272 272 273 273 273 273 273 273 273 273 273 273 273 273 273 273 273 273 273 274 274 274 274 274 274 274 274 274 274 274 274 274 274 275 274 274 274 274 274 274 274 275 275 275 275 275 275 276 276 276 276 276 279 279 279 279 278 279 279 279 279 280 280 280 280 279 279 280 280 280 280 280 280 280 280 280 280 280 280 280 280 280 280 279 278 277 277 277 278 278 278 278 278 279 279 279 279 279 278 278 278 278 278 278 278 278 278 278 278 277 277 277 277 277 277 277 277 277 278 278 278 277 278 277 277 277 277 277 277 277 277 277 277 277 277 277 277 277 277 276 276 277 277 277 277 277 277 277 276 276 276 276 275 275 275 276 262 263 263 263 263 263 263 263 264 265 265 264 264 265 265 266 266 266 266 265 265 265 266 266 266 266 265 265 265 266 266 266 265 266 266 266 266 266 266 266 266 266 266 266 266 267 267 267 267 267 267 267 267 267 267 267 267 267 267 267 267 267 267 267 267 267 267 267 267 267 267 267 267 267 267 268 268 268 268 268 268 269 268 268 268 268 267 268 268 268 268 268 268 268 268 268 269 269 269 269 269 269 269 269 269 269 269 269 269 269 269 269 269 269 269 269 269 269 269 269 269 269 269 269 269 270 270 270 270 270 270 270 270 270 270 270 270 270 270 270 270 270 271 271 270 270 271 271 271 271 271 271 271 271 271 271 271 271 271 271 271 271 271 271 271 271 272 272 272 272 272 272 272 272 272 272 272 272 272 273 273 272 272 272 272 272 272 273 272 273 273 273 273 272 272 272 273 273 273 273 273 273 273 273 273 273 273 273 273 273 273 273 273 274 273 273 274 274 274 274 274 274 274 274 274 274 274 274 274 274 274 274 275 275 275 274 274 275 275 275 275 276 276 276 276 277 279 279 279 279 279 279 279 279 279 279 279 280 280 280 280 280 280 280 280 280 280 280 280 280 280 280 280 280 280 280 280 279 279 278 277 277 278 278 278 278 278 278 278 279 278 279 278 278 278 278 277 277 278 278 278 278 277 277 277 277 277 277 277 277 277 277 277 277 277 277 277 277 277 277 277 277 277 277 277 277 277 277 277 277 277 276 276 276 276 277 277 277 277 277 277 277 277 276 276 276 275 276 275 275 276 262 263 264 263 263 263 263 264 264 265 264 263 264 265 265 265 265 265 265 265 265 265 265 265 266 265 266 265 265 265 266 266 265 265 266 266 266 266 266 266 266 266 266 266 267 267 267 267 267 267 267 267 267 266 266 266 267 267 267 267 267 267 267 267 267 267 267 267 267 267 267 267 267 267 267 267 267 268 268 268 268 268 268 268 268 268 267 267 268 268 268 268 268 268 269 268 268 268 268 268 269 269 269 269 269 269 269 269 269 269 269 268 268 269 269 269 269 269 269 269 269 269 269 269 269 270 269 270 270 270 270 270 270 270 270 270 270 270 270 270 270 270 270 270 270 270 271 271 271 271 271 271 271 271 271 271 271 271 271 271 271 271 271 271 272 271 272 272 272 272 272 272 272 272 272 272 272 272 272 273 273 273 272 272 272 272 272 272 272 273 273 273 272 272 272 272 273 273 273 273 273 273 273 273 273 273 273 273 273 273 273 273 273 273 273 273 273 274 274 274 274 274 274 274 274 274 274 274 274 274 275 274 275 275 275 274 274 275 275 275 275 275 275 275 276 276 278 279 279 279 279 279 279 279 279 279 279 279 280 280 280 280 280 280 280 279 280 280 280 280 280 280 280 280 280 280 279 279 278 278 277 277 277 278 278 278 278 278 278 278 278 278 278 278 278 278 278 277 277 278 278 278 278 277 277 277 277 277 277 277 277 277 277 277 277 277 277 277 277 277 277 277 277 277 277 276 277 277 277 277 276 276 276 276 277 277 277 277 277 277 277 277 277 276 276 276 275 276 276 276 276 263 264 264 264 263 262 263 264 264 264 263 264 264 264 264 265 265 265 266 266 265 265 265 265 265 265 265 265 265 265 265 265 265 265 266 265 266 266 266 266 266 266 266 266 267 267 267 267 267 267 267 267 266 266 267 266 266 267 267 267 267 267 267 267 267 267 267 267 267 267 267 267 267 267 267 267 268 268 268 268 268 268 268 268 268 267 267 267 267 268 268 268 268 268 269 268 268 268 268 268 268 269 269 269 269 269 269 269 269 269 269 268 268 268 268 269 269 269 269 269 269 270 269 269 270 269 269 269 270 270 270 270 270 270 270 270 270 270 270 270 270 270 270 270 270 271 271 271 271 271 271 271 271 271 271 271 271 271 271 271 271 272 272 272 272 272 272 272 272 272 272 272 272 272 272 272 272 273 272 272 272 272 272 272 273 273 272 273 273 273 272 272 272 272 272 273 273 273 273 273 273 273 273 273 273 273 273 273 273 273 273 273 273 273 273 274 274 274 274 273 274 274 274 274 274 274 274 275 275 275 275 275 275 275 275 275 275 275 275 275 275 276 276 275 276 279 279 279 279 279 279 279 279 279 279 279 279 279 280 280 279 279 279 280 280 280 280 279 279 279 279 280 279 279 279 279 278 278 278 277 277 277 277 278 278 278 278 278 278 278 278 278 278 278 278 278 277 277 277 278 278 278 278 277 277 277 277 277 277 277 277 277 277 277 277 277 277 277 277 277 277 277 277 277 277 277 276 276 276 276 276 277 277 277 277 277 277 277 277 277 277 277 277 277 276 276 276 276 276 261 262 262 263 264 263 263 263 263 263 263 264 264 263 264 264 264 264 265 265 265 265 265 265 265 265 265 265 265 265 265 265 265 265 265 265 265 265 265 266 266 266 266 266 266 267 267 267 266 266 266 267 267 267 267 267 267 267 266 266 266 266 266 266 266 267 267 267 267 267 267 267 267 267 267 267 267 267 267 268 268 268 268 268 268 268 268 268 268 267 267 267 268 268 268 268 268 268 268 268 268 268 268 268 268 268 269 269 269 269 269 269 269 269 269 269 269 269 269 269 269 269 269 269 269 269 270 269 269 269 269 270 270 270 270 270 270 270 270 270 270 270 270 270 270 270 270 270 271 271 271 271 271 271 271 271 271 271 271 271 271 271 271 271 272 272 271 272 272 272 272 272 272 272 272 273 272 273 273 273 273 273 272 272 272 272 272 272 272 272 272 272 272 272 272 272 272 272 273 273 273 273 273 273 273 273 273 273 273 273 273 273 273 273 273 273 273 273 273 274 273 273 273 273 273 274 274 274 274 274 274 274 274 274 274 275 275 275 275 275 275 275 275 275 275 275 275 276 278 278 279 279 279 279 280 279 279 279 280 280 280 280 280 279 279 279 279 279 279 279 279 279 279 279 279 279 279 278 278 279 278 278 278 277 277 277 277 278 278 278 278 278 278 278 278 278 278 278 278 278 277 277 277 277 278 278 277 277 277 277 277 277 277 277 277 277 277 277 277 276 276 276 277 277 277 277 277 277 277 277 276 276 276 277 277 277 277 277 277 277 277 262 263 262 262 262 262 262 263 263 264 264 264 264 263 263 263 263 263 263 264 264 264 265 265 265 265 265 265 265 265 264 265 265 265 265 265 265 265 265 265 265 265 265 265 266 266 266 266 266 266 266 266 266 266 266 266 266 267 267 267 267 267 267 267 267 267 267 267 266 266 266 267 267 267 267 267 267 267 267 267 267 267 267 268 268 268 268 268 268 268 268 268 268 268 267 267 268 268 267 267 267 268 268 268 268 268 268 268 268 268 268 268 268 269 269 269 269 269 270 269 269 269 269 269 269 269 269 269 269 269 269 270 270 269 269 270 270 270 270 270 270 270 270 270 270 270 270 270 270 270 270 270 271 271 271 271 271 271 271 271 271 271 271 271 271 271 271 271 271 271 271 272 272 272 272 272 272 272 272 272 272 272 272 272 272 273 272 272 272 272 272 272 272 272 272 272 272 272 272 272 272 272 272 273 273 273 273 273 273 273 273 273 273 273 273 273 273 273 273 273 273 273 273 273 273 273 273 273 273 273 273 273 274 274 274 274 274 274 274 275 275 275 275 275 275 275 275 275 275 276 276 276 278 278 278 278 278 279 279 279 279 279 279 279 280 280 279 279 279 279 279 279 279 279 280 280 280 279 279 279 279 279 279 279 279 278 277 277 277 277 277 278 278 278 278 278 278 278 278 278 278 278 278 278 277 277 277 277 277 277 277 277 277 277 278 278 277 277 277 277 277 277 277 276 276 276 276 277 277 277 277 276 276 276 276 276 276 276 277 277 277 261 263 265 263 261 261 261 261 261 262 262 262 263 263 262 262 263 264 264 263 263 264 263 263 263 263 263 263 263 264 264 264 265 265 265 265 265 264 265 265 265 265 265 265 265 266 266 265 265 264 265 265 265 265 265 265 265 266 266 266 266 266 266 266 266 266 266 267 267 267 267 267 267 267 267 267 267 267 266 266 266 267 267 267 267 267 267 267 267 267 267 267 267 268 268 267 268 268 268 268 268 268 268 268 267 267 268 268 268 267 268 268 268 268 268 268 268 268 268 268 268 268 268 269 269 269 270 269 269 269 269 269 269 269 269 269 269 269 269 269 269 269 269 269 270 270 270 270 270 270 270 270 270 270 270 270 270 270 270 270 270 270 271 271 271 271 271 271 271 271 271 271 271 271 271 271 271 271 271 271 272 272 272 272 272 272 272 272 272 272 272 272 272 272 272 273 272 272 272 272 272 272 272 272 272 272 272 272 272 272 272 272 272 273 273 273 273 273 273 273 273 273 273 273 273 273 273 273 273 273 273 273 273 273 273 273 273 273 274 274 274 273 273 274 274 274 274 275 275 274 275 275 275 275 275 275 275 275 276 276 276 279 279 279 279 279 279 279 279 279 279 279 279 279 280 280 279 279 279 279 279 279 279 279 280 279 279 279 279 279 280 280 279 278 277 277 277 277 277 277 277 277 278 278 278 278 278 278 278 278 278 277 278 277 277 277 277 277 277 277 277 277 277 278 278 277 277 277 277 277 277 276 276 276 276 276 277 277 276 276 276 276 276 276 276 276 277 277 277 277 261 263 264 264 263 262 263 264 263 262 261 262 263 263 263 263 263 263 264 264 264 263 263 263 262 263 263 264 263 263 263 263 264 264 265 265 265 265 265 265 265 266 265 266 266 265 265 265 265 265 265 265 265 264 265 265 265 265 265 265 265 266 266 266 266 266 266 266 266 266 266 267 267 267 266 266 266 266 267 267 267 267 266 266 266 267 267 267 267 267 267 267 267 267 267 267 267 267 267 267 268 267 267 268 268 268 268 268 268 268 268 268 268 268 268 268 268 268 268 268 268 268 268 268 268 269 269 269 269 269 269 269 269 269 269 269 269 269 269 269 269 269 269 269 269 269 270 270 270 270 269 269 269 269 269 270 270 270 270 270 270 270 270 271 271 270 270 271 271 271 271 271 271 271 271 271 271 271 271 271 271 272 271 271 272 272 272 272 272 272 272 272 271 272 272 272 272 272 272 272 272 272 272 272 272 272 272 272 272 272 272 272 272 272 272 272 273 273 273 273 273 273 273 273 273 273 273 273 273 273 273 273 273 273 273 273 273 273 273 273 274 274 274 274 274 274 274 274 275 275 274 275 275 275 274 274 274 275 275 275 276 276 276 278 279 279 279 279 279 279 279 279 279 279 279 279 279 280 279 279 279 279 279 279 279 279 279 279 279 279 279 279 279 279 279 278 277 277 277 277 277 277 277 277 277 278 278 278 278 278 278 278 278 277 277 277 277 277 277 277 277 277 277 277 277 277 277 277 277 277 277 277 277 276 276 276 276 276 276 277 276 276 276 276 276 276 276 276 276 276 277 277 261 263 263 264 263 263 264 265 264 263 261 261 261 261 262 262 262 262 262 262 263 263 263 263 264 264 264 264 263 263 263 263 264 264 264 264 263 263 263 264 264 265 265 265 265 265 265 266 266 265 265 265 265 265 265 265 265 265 265 265 265 265 265 265 265 265 265 266 266 266 266 266 266 266 266 266 266 266 266 266 266 266 266 266 267 267 267 267 266 266 267 267 267 267 267 267 267 267 267 267 267 267 267 267 267 267 267 267 267 267 267 268 268 268 268 267 267 268 268 268 268 268 268 269 268 268 268 269 269 269 269 269 269 269 268 269 269 268 268 269 269 269 269 269 269 269 269 269 269 269 269 269 269 269 269 269 269 269 269 269 270 270 270 270 270 270 270 270 270 270 270 270 271 270 270 271 271 271 271 271 271 271 271 271 271 271 271 272 272 272 272 272 272 272 272 272 272 271 271 271 272 272 272 272 272 271 272 272 272 272 272 272 272 272 272 272 272 272 272 272 272 272 272 273 273 273 273 273 273 273 273 273 273 273 273 273 273 273 273 273 273 273 273 273 273 273 273 273 273 274 274 274 275 274 274 274 274 275 275 274 274 274 275 275 275 275 276 276 278 279 279 279 279 279 279 279 279 279 279 279 279 279 280 279 279 279 279 279 280 279 279 279 279 279 279 279 279 279 278 278 278 278 278 277 277 277 277 277 277 277 277 277 278 278 278 278 278 278 277 277 277 277 277 277 277 277 277 277 277 277 277 277 277 277 277 277 277 277 277 276 276 276 276 276 276 276 276 276 276 276 276 276 276 276 276 276 277 261 263 263 263 263 264 265 265 264 263 263 263 262 261 262 262 262 262 262 262 262 263 263 263 263 263 263 263 263 263 263 263 263 263 264 264 264 263 263 264 264 264 264 265 264 265 265 265 265 265 265 265 265 265 265 265 265 265 265 266 265 265 265 265 264 265 265 265 266 265 266 266 266 266 266 266 266 266 266 266 266 266 266 266 266 266 266 266 266 266 266 266 266 266 267 267 267 267 267 267 267 267 267 267 267 267 267 267 267 267 267 267 267 267 268 268 267 267 267 267 267 268 268 268 268 269 269 268 269 269 269 269 269 269 269 268 268 269 269 269 268 268 269 268 269 269 269 269 269 269 269 269 269 269 269 269 269 269 269 269 269 269 269 269 270 270 270 269 270 270 270 270 270 270 270 270 270 270 271 271 271 270 270 271 271 271 271 271 271 271 272 272 272 272 272 272 271 271 271 271 271 271 271 272 272 272 271 272 272 271 272 272 272 272 272 272 272 272 272 272 272 272 272 272 272 272 272 273 273 273 273 273 273 273 273 273 273 273 273 273 273 273 273 273 273 273 273 273 273 273 273 273 273 274 274 274 274 274 275 274 274 274 274 274 274 275 275 275 275 276 278 278 278 278 278 279 279 279 279 279 279 279 279 279 279 279 279 279 279 279 279 279 279 279 279 279 279 278 278 278 278 278 278 277 277 277 277 277 277 277 277 277 277 278 278 278 278 277 277 277 277 277 277 277 277 277 277 277 277 277 277 277 277 277 277 277 277 276 276 276 276 277 277 277 276 276 276 276 276 276 276 276 276 276 276 276 276 276 276 277 262 263 263 263 264 264 264 264 263 263 263 262 261 261 261 261 262 262 262 262 262 262 263 263 262 263 262 263 263 264 263 263 263 263 263 264 264 264 264 263 264 265 264 264 264 265 265 265 265 264 264 264 264 264 264 264 264 264 264 265 265 265 265 265 265 265 265 265 264 265 265 265 266 266 266 266 266 266 266 266 266 265 266 266 266 267 266 266 266 266 266 265 265 265 266 267 267 267 267 267 267 267 267 267 267 267 267 267 267 267 267 267 267 267 267 267 268 268 267 267 267 267 268 268 268 268 268 268 268 268 268 268 269 269 269 269 269 269 268 268 268 268 268 268 268 268 268 269 269 269 269 269 269 269 269 269 269 269 269 269 269 269 269 269 269 269 270 270 270 270 270 270 270 270 270 270 270 270 270 270 270 271 271 271 270 270 271 271 271 271 271 271 271 271 272 272 272 272 271 271 271 271 271 271 271 271 272 272 271 271 272 272 272 272 272 272 272 272 272 272 272 272 272 272 272 272 272 272 272 272 272 273 273 273 273 273 273 273 273 273 273 273 273 273 273 273 273 273 273 273 273 273 273 273 274 274 274 274 273 274 274 274 274 274 274 274 274 275 275 275 276 276 278 279 279 278 279 279 279 279 279 279 279 279 279 279 279 279 279 278 279 279 279 279 278 279 279 279 279 279 278 278 278 278 277 277 277 277 277 277 277 277 277 277 277 277 277 278 278 277 277 277 277 277 277 277 277 277 277 277 277 277 277 277 277 277 277 276 276 276 276 276 276 276 276 276 276 276 276 276 276 276 276 276 276 276 276 276 276 276 276 262 263 264 263 264 264 264 264 264 264 263 262 261 262 263 263 262 262 262 262 261 261 261 261 261 261 261 261 261 261 261 261 261 261 262 262 262 262 262 262 262 262 262 262 263 263 263 263 263 263 263 263 263 264 264 264 264 264 264 264 264 265 265 265 265 265 264 264 264 264 264 264 264 264 264 264 264 265 265 265 265 265 266 265 266 265 265 265 265 265 266 266 265 266 265 266 266 266 265 266 266 266 266 266 267 267 266 266 266 266 265 265 265 266 266 266 267 267 267 267 267 267 266 267 267 267 267 267 267 267 267 267 267 267 268 267 268 267 267 267 268 268 268 268 268 268 268 268 268 268 268 269 269 269 269 269 268 268 268 268 268 269 268 268 268 268 269 269 269 269 269 269 269 269 269 269 269 269 269 269 269 269 269 269 270 270 270 270 270 270 270 270 270 270 270 270 270 271 270 271 271 271 270 271 271 270 271 271 271 271 271 271 271 271 271 271 271 272 271 271 271 271 271 271 271 271 271 271 271 272 272 272 272 272 272 272 272 272 272 272 272 272 272 272 272 272 272 272 272 272 272 273 273 273 273 273 273 273 273 273 273 273 273 273 273 273 273 273 273 273 273 273 274 273 274 273 274 273 273 273 273 273 274 274 275 275 275 275 275 275 278 278 279 279 279 278 278 278 278 279 279 279 279 279 279 279 278 278 278 279 279 279 278 278 278 278 278 278 278 278 277 277 277 277 277 277 277 277 277 277 277 277 277 277 277 277 277 277 277 277 277 277 277 277 277 277 277 277 277 276 277 277 277 277 277 276 276 276 276 276 276 276 276 276 276 276 276 276 276 276 276 276 276 276 276 276 276 276 276 263 264 264 264 263 264 264 263 262 262 261 262 263 263 264 263 263 263 263 262 262 262 263 263 262 261 261 261 261 261 261 262 262 262 262 262 262 262 262 262 262 262 262 263 263 263 263 263 263 263 263 263 263 263 263 263 263 263 264 265 265 265 265 265 265 264 264 264 264 264 264 264 264 264 264 265 265 265 265 265 265 265 265 266 265 265 265 265 266 265 265 265 266 266 266 265 265 266 266 266 266 266 266 267 267 267 267 266 266 266 266 265 266 266 266 266 267 267 267 267 267 267 267 267 267 267 267 267 267 267 267 267 268 267 267 267 267 267 268 268 268 268 268 268 268 268 268 268 268 269 269 269 269 269 269 268 268 269 269 268 268 268 268 268 269 269 269 269 269 269 269 269 269 269 269 269 269 269 269 269 269 269 270 270 270 270 270 270 271 270 270 270 270 270 270 270 271 271 271 271 271 271 271 270 270 271 271 271 271 271 271 271 271 271 271 271 271 271 271 271 271 271 271 271 271 272 272 272 272 272 272 272 272 272 272 272 272 272 272 272 272 272 272 272 272 272 272 272 272 272 273 273 273 272 273 273 273 273 273 273 273 273 273 273 273 273 273 273 273 274 273 273 273 274 274 274 274 274 274 273 273 274 274 274 274 275 275 275 278 278 278 278 278 278 279 279 279 279 279 279 279 279 278 278 278 278 278 278 278 278 278 277 277 278 278 278 278 277 277 277 277 277 277 277 277 277 277 277 277 277 277 277 277 277 277 277 277 277 277 277 277 277 277 277 277 276 277 276 277 277 277 277 277 276 276 276 276 276 276 276 276 276 276 276 276 276 276 276 276 276 276 276 276 276 276 276 276 263 263 263 264 264 263 262 262 262 262 262 262 263 264 264 264 264 264 263 264 264 264 263 263 263 263 262 262 262 262 262 262 262 262 262 262 263 263 262 262 262 262 262 262 263 263 263 263 263 263 263 263 263 263 263 264 264 264 264 265 265 265 265 265 264 264 264 264 264 264 264 264 264 264 264 264 265 265 265 265 265 265 265 265 265 264 265 265 265 265 265 265 266 265 265 265 266 266 266 266 266 266 266 266 266 266 266 267 266 266 266 266 266 266 266 267 267 266 267 267 267 267 267 267 267 267 267 267 267 267 267 267 267 267 267 267 267 268 268 268 268 268 268 268 268 268 268 268 268 268 269 269 269 269 269 269 269 269 269 268 268 268 268 269 269 269 269 269 269 269 269 269 269 269 269 269 269 269 269 269 269 269 269 270 270 270 270 270 270 270 270 270 270 270 270 271 271 271 271 271 271 271 270 270 270 271 271 271 271 271 271 271 271 271 271 271 271 271 271 271 271 271 271 271 271 271 271 271 271 271 272 272 272 272 272 272 272 272 272 272 272 272 272 272 272 272 272 272 272 272 273 273 273 272 272 273 273 272 273 273 273 273 273 273 273 273 273 273 273 273 273 273 274 274 274 274 274 274 274 274 274 274 275 275 275 275 275 278 278 278 278 278 278 279 279 279 278 278 278 279 278 278 277 277 278 278 278 278 278 277 277 277 278 278 278 277 277 277 277 276 276 277 277 277 277 277 277 277 277 277 277 277 277 277 277 277 277 277 277 277 277 277 277 277 276 276 276 276 276 277 276 276 276 276 276 276 276 276 276 276 276 276 276 276 276 276 276 276 276 276 276 276 276 276 276 276 263 263 264 265 264 263 262 262 262 262 262 263 264 264 264 264 264 264 264 264 264 263 264 264 264 263 263 263 262 262 261 262 262 262 263 262 262 262 262 262 262 262 263 263 263 263 263 263 262 263 263 263 263 263 263 263 263 264 264 265 265 265 264 264 264 264 264 264 264 264 264 264 264 264 264 264 265 265 265 265 264 264 265 265 264 265 265 265 265 265 265 265 265 265 266 266 266 266 265 266 266 266 266 265 266 266 266 266 266 266 266 266 266 266 266 266 266 266 267 267 267 267 267 267 267 267 267 267 267 267 267 267 267 267 267 267 268 268 268 268 268 268 268 268 268 268 268 268 268 268 268 268 269 269 269 269 269 269 269 268 268 268 269 269 269 269 269 269 269 269 269 269 269 269 269 269 269 269 269 269 269 269 269 269 270 270 270 270 270 270 270 270 270 270 270 270 271 271 271 271 271 271 270 270 271 271 271 271 271 271 271 271 271 271 271 271 271 271 271 271 271 271 271 271 271 271 271 271 271 271 271 271 271 272 272 272 272 272 272 272 272 272 272 272 272 272 272 272 272 272 272 272 272 272 272 272 272 272 273 273 273 273 273 273 273 273 273 273 273 273 273 273 274 274 274 274 274 274 274 274 274 275 274 275 275 275 278 278 278 278 278 278 278 278 278 278 278 278 278 277 277 277 278 278 279 278 278 278 277 277 277 278 278 277 277 277 277 277 276 276 277 277 277 277 277 277 277 277 277 277 277 277 277 277 277 277 276 276 276 276 276 276 276 276 276 276 276 276 276 276 276 276 276 276 276 276 276 276 276 276 276 276 276 276 276 276 276 276 276 276 276 276 276 264 264 265 265 264 263 264 263 263 264 263 264 265 264 264 264 264 265 264 264 264 264 264 264 263 263 262 262 261 262 262 262 262 262 262 262 262 262 263 263 262 262 262 262 263 263 263 263 263 263 263 263 263 263 264 264 264 264 265 265 265 264 264 264 264 264 264 264 264 264 264 264 264 264 264 264 265 265 265 265 264 264 264 264 265 265 265 265 265 265 265 265 265 265 266 266 265 265 265 266 266 265 266 266 266 266 266 266 266 265 265 265 266 266 266 266 266 266 266 267 267 267 267 267 267 267 267 267 267 267 267 267 267 267 267 268 268 268 268 268 268 268 268 268 268 268 268 268 268 268 268 269 269 268 269 269 269 269 268 268 268 268 269 269 269 269 269 269 269 269 269 269 269 269 269 269 269 269 269 269 269 269 269 270 269 270 270 270 270 270 270 270 270 270 270 271 271 271 271 271 270 270 271 271 271 271 271 271 271 271 271 271 271 271 271 271 271 271 271 271 271 271 271 271 271 271 271 271 271 271 271 271 272 271 271 271 272 272 272 272 272 272 271 271 272 272 272 272 272 272 272 272 272 272 272 272 272 272 272 273 273 273 273 273 273 273 273 273 273 273 273 273 274 274 274 274 274 274 274 275 275 274 274 274 275 278 278 278 278 278 278 278 278 278 278 278 278 277 277 278 278 278 278 278 278 277 277 277 277 277 277 277 277 277 277 277 276 276 276 277 277 277 277 277 277 277 277 277 277 277 277 277 277 277 277 276 276 276 276 276 276 276 276 276 276 276 276 276 275 276 276 276 276 276 276 276 276 276 276 276 276 276 276 276 275 276 276 276 276 276 276 276 265 265 264 264 264 264 264 263 263 264 264 264 264 264 264 264 265 265 264 265 265 265 264 264 263 263 263 263 264 264 263 263 263 262 262 262 262 263 263 262 263 262 262 263 264 263 263 263 264 264 264 263 263 264 264 264 264 264 264 264 265 265 264 264 264 264 264 264 264 264 264 264 264 264 264 264 264 265 265 265 265 265 264 264 265 265 265 265 265 265 265 265 266 266 266 266 265 265 265 265 265 266 266 266 265 266 267 266 265 265 265 265 266 266 266 266 266 266 266 266 267 267 267 267 267 267 267 267 267 267 267 267 267 267 267 267 267 268 268 268 268 268 268 268 268 268 268 268 268 268 268 268 268 268 268 268 268 268 269 269 269 269 269 269 269 269 269 269 269 269 269 269 269 269 269 269 269 269 269 269 269 269 269 269 270 270 270 270 270 270 270 270 270 270 270 271 271 271 271 270 270 270 270 271 271 271 271 271 271 271 271 271 271 271 271 271 271 271 271 271 271 271 271 271 271 271 271 271 271 272 272 272 271 271 271 272 272 272 272 272 272 271 271 272 272 272 272 272 272 272 272 272 272 272 272 272 273 273 273 273 273 273 273 273 273 273 272 273 273 273 273 274 274 274 273 274 274 274 274 274 274 274 274 275 278 278 278 278 278 278 278 278 278 278 278 277 276 277 277 278 278 278 278 277 277 277 277 277 277 277 277 277 277 276 277 276 276 276 277 277 277 277 277 277 277 277 277 277 277 277 276 276 276 277 276 276 276 276 276 276 276 276 276 276 276 276 276 276 275 276 276 276 275 275 275 275 275 276 276 276 276 276 275 275 275 276 276 276 276 276 276 265 265 264 264 265 264 264 264 264 263 264 264 264 264 264 265 265 264 265 265 265 265 264 264 264 263 264 264 264 264 264 264 264 264 263 262 262 263 263 263 264 264 264 264 264 264 264 264 264 265 265 264 264 263 263 264 264 264 264 264 264 265 265 265 264 264 264 264 264 264 264 264 264 264 264 264 264 264 265 265 265 265 265 265 265 265 265 265 266 266 266 266 266 266 266 265 266 265 265 265 265 265 266 265 265 265 265 264 265 266 265 266 265 265 266 266 266 266 266 266 266 267 267 267 267 267 267 267 267 267 267 267 267 267 267 267 267 267 267 268 268 268 268 268 268 268 268 268 268 268 268 268 268 268 268 268 268 268 269 269 269 269 269 269 269 269 268 268 268 269 269 269 269 268 268 269 269 269 269 269 269 269 269 269 270 270 270 270 270 270 270 271 270 270 270 270 271 271 270 270 270 270 270 270 270 271 271 271 271 271 271 271 271 271 271 271 271 271 271 271 271 271 271 271 271 271 271 272 272 272 271 271 271 271 271 271 271 272 272 271 271 271 271 272 272 272 272 272 272 272 272 272 272 272 272 272 273 273 273 273 273 273 273 273 273 273 273 273 273 273 273 273 274 274 273 273 274 274 274 274 274 274 274 274 277 277 277 278 278 278 278 278 278 278 278 277 276 277 277 277 278 277 277 277 277 276 277 277 277 277 277 277 276 276 276 276 276 276 276 277 277 277 277 277 276 276 276 276 276 276 276 276 277 276 276 276 277 276 276 276 276 276 276 276 276 276 276 276 275 275 275 275 275 275 275 275 275 275 276 276 276 275 275 275 275 276 276 276 276 276 276 264 264 264 264 264 264 264 264 264 263 263 263 264 264 265 265 265 265 265 265 265 265 265 264 264 264 264 264 264 264 264 264 264 264 263 263 264 264 264 264 264 265 264 264 264 264 264 264 265 264 264 264 264 264 264 263 264 264 264 264 264 264 264 264 264 264 264 264 264 264 264 264 264 264 264 264 264 264 265 265 265 264 264 265 265 265 265 265 266 266 266 266 266 265 265 265 265 265 265 265 264 264 265 265 265 264 265 266 267 267 266 265 265 265 265 266 266 266 266 266 266 266 267 267 267 267 267 267 267 267 267 267 267 267 267 267 267 267 267 268 268 268 268 268 268 268 268 268 268 268 268 268 268 268 268 268 268 268 269 269 269 269 269 268 268 268 268 268 268 269 269 269 268 268 268 269 269 269 269 269 269 269 269 270 270 270 270 270 270 271 270 270 270 270 270 271 271 271 270 270 270 270 270 270 270 271 271 271 271 271 271 271 271 271 271 271 271 271 271 271 271 271 271 271 271 271 271 271 271 271 271 271 271 271 271 271 271 272 272 271 271 271 271 272 272 272 272 272 272 272 272 272 272 272 272 272 273 273 273 273 273 272 273 273 273 273 273 273 273 273 273 273 273 273 273 273 274 274 274 273 273 273 274 277 277 277 277 278 278 278 278 278 278 278 278 277 276 276 276 277 277 276 276 277 276 276 277 277 277 277 277 276 277 276 276 276 276 276 276 276 276 276 276 276 276 276 276 276 276 277 277 276 276 276 276 276 276 276 276 276 276 276 276 276 275 275 276 275 275 275 275 275 275 275 275 275 275 275 275 275 275 275 275 275 275 276 276 276 276 276 264 264 264 264 264 264 264 264 264 263 264 263 264 264 264 265 265 265 265 264 264 264 265 264 264 264 264 265 265 264 264 264 264 264 264 264 264 264 264 264 264 264 264 264 264 264 265 265 264 264 264 264 264 264 263 263 264 264 264 264 264 264 264 264 264 264 264 264 264 264 264 264 264 264 264 264 264 264 265 265 264 264 265 265 265 265 265 265 266 266 266 266 266 266 265 265 264 265 265 265 265 266 266 266 265 265 265 266 266 266 266 265 266 266 266 266 266 266 266 266 266 266 266 267 267 267 267 267 267 267 267 267 267 267 267 267 267 268 268 268 268 268 268 268 268 268 268 268 268 268 268 268 268 268 268 268 268 268 269 269 269 268 268 268 268 268 268 268 268 268 268 268 268 268 269 269 269 269 269 269 269 269 270 270 270 270 270 270 270 270 270 270 270 271 270 270 270 270 270 270 270 270 270 270 270 270 270 270 270 271 271 271 271 271 271 271 271 271 271 271 271 271 271 271 271 271 271 271 271 271 271 271 271 271 272 272 272 271 271 271 271 271 272 272 272 272 272 272 272 272 272 272 272 272 272 273 273 273 273 272 272 273 273 273 273 273 273 273 273 273 273 273 273 273 273 273 274 273 273 273 273 274 277 277 277 277 277 277 278 278 278 278 278 278 278 277 277 276 276 277 277 276 276 276 276 277 277 276 276 277 276 276 276 276 276 276 276 276 276 276 276 276 276 276 276 276 276 277 277 277 276 276 276 276 276 276 276 276 276 276 276 276 275 275 276 276 276 275 275 275 275 275 275 275 276 276 275 275 275 275 275 275 275 275 275 275 276 276 276 264 263 264 264 263 263 263 263 264 263 263 263 264 264 264 265 265 265 264 264 264 264 264 264 265 264 264 264 264 264 264 264 264 264 264 264 264 264 264 264 264 264 264 264 264 264 264 265 265 264 264 264 264 263 263 263 264 264 264 263 264 264 264 264 264 264 264 264 264 264 264 264 264 264 264 264 264 264 265 265 264 265 265 265 265 265 265 265 265 265 266 266 265 265 264 265 266 265 266 266 266 266 266 265 265 265 265 266 266 266 266 266 266 266 266 266 266 266 266 266 266 266 266 266 267 267 267 267 267 267 267 267 267 267 268 268 268 268 268 268 268 268 268 268 268 268 268 268 268 268 268 268 268 268 268 268 268 269 269 269 268 268 268 268 268 268 268 268 268 268 268 268 268 268 269 269 268 268 269 269 269 269 269 270 270 270 270 270 270 270 270 270 270 270 270 270 271 270 270 270 270 270 270 270 271 270 270 270 270 270 270 270 271 271 271 271 271 271 271 271 271 271 271 271 271 271 271 271 271 271 271 271 271 272 272 271 271 271 271 271 271 272 272 272 272 272 272 272 272 272 272 272 272 272 272 273 272 272 272 272 273 273 273 273 273 273 273 273 272 272 273 273 273 273 274 273 273 273 273 274 274 277 277 277 277 277 277 277 277 277 277 278 278 277 277 277 277 276 276 276 276 276 276 276 276 276 276 276 276 276 276 276 276 276 276 276 276 276 276 276 276 276 276 276 276 276 276 277 277 276 276 276 276 276 276 276 276 276 276 276 276 276 276 276 276 276 275 275 275 275 275 276 276 275 275 275 275 275 275 275 275 275 275 275 275 275 276 276 263 263 264 264 263 263 263 263 263 263 263 264 264 265 264 265 265 264 264 264 264 264 264 264 264 264 264 264 264 264 264 264 264 264 264 264 264 264 264 263 264 263 263 264 264 264 264 264 264 264 264 264 264 264 264 263 264 263 263 264 264 263 264 264 264 264 264 264 264 264 264 264 264 264 264 264 264 265 265 264 265 265 265 265 265 265 265 265 265 265 265 264 264 264 265 265 265 265 265 265 265 265 266 265 265 265 266 266 266 266 266 266 266 266 266 266 266 266 266 266 266 266 266 266 266 267 267 267 267 267 267 267 267 268 268 268 268 268 268 268 268 268 268 268 268 268 268 268 268 268 268 268 268 268 268 268 268 269 269 269 269 269 269 269 269 268 268 268 268 268 268 268 268 268 268 268 268 268 269 269 270 270 270 270 270 270 270 271 270 270 270 270 270 270 270 271 271 270 270 271 270 270 271 271 271 271 271 271 270 270 270 270 271 271 271 271 271 271 271 271 271 271 271 271 271 271 271 271 271 271 271 272 272 271 271 271 271 271 271 271 271 272 272 272 272 272 272 272 272 272 272 272 272 272 272 273 272 272 272 273 273 273 273 273 273 273 273 273 273 273 273 273 273 273 273 273 274 274 273 273 276 277 277 277 276 277 277 277 277 277 277 277 277 277 277 277 277 276 276 276 276 275 276 276 276 276 276 276 276 276 276 276 276 276 276 276 276 276 276 276 276 277 276 276 276 276 277 277 276 276 276 276 276 276 276 276 276 276 276 276 275 275 275 275 275 275 275 275 275 275 275 275 275 275 275 275 275 275 275 275 275 275 275 275 275 276 263 264 264 264 264 264 264 263 263 263 263 264 264 265 265 264 264 264 264 264 264 264 264 263 264 263 263 263 264 264 264 264 264 264 264 264 263 263 263 263 263 263 264 264 264 264 264 264 264 264 264 264 264 264 264 263 263 263 263 263 263 263 263 264 264 264 264 264 264 264 264 264 264 264 264 264 264 264 264 265 265 265 265 265 265 265 265 265 265 264 264 264 265 265 265 265 265 265 265 265 265 266 265 265 266 266 266 266 266 266 266 266 266 266 266 266 266 266 266 266 266 266 266 266 266 267 267 267 267 267 267 267 267 267 268 268 268 268 268 268 268 268 268 268 268 268 268 268 268 268 268 268 268 268 268 268 268 269 269 269 269 269 269 269 268 268 268 268 268 268 268 268 268 268 268 268 268 269 269 270 270 270 270 270 270 270 270 271 271 270 270 270 270 270 270 271 271 271 271 271 271 271 271 271 270 270 270 270 270 270 270 271 271 271 271 271 271 271 271 271 271 271 271 271 271 271 271 271 271 271 272 272 271 271 271 271 271 271 271 271 272 272 272 272 272 272 272 272 272 272 272 272 272 272 272 272 272 272 272 272 272 272 272 272 272 272 272 272 272 272 272 273 273 273 273 273 273 273 273 276 276 277 277 276 276 277 277 277 277 277 277 277 277 277 277 277 276 276 276 276 276 275 276 276 276 276 276 276 276 276 276 276 276 276 276 276 276 276 276 276 276 277 276 276 276 276 276 276 276 276 276 276 276 276 276 276 276 276 275 275 275 275 275 275 275 275 275 275 275 275 275 275 275 275 275 275 275 275 275 275 275 275 275 275 275 264 263 263 263 264 264 263 263 263 263 263 264 264 265 264 264 264 264 264 264 264 263 263 263 263 263 263 263 263 264 264 264 264 264 264 264 264 263 263 263 263 264 264 263 263 263 263 264 264 264 264 264 264 263 263 263 263 263 263 263 263 263 263 263 263 263 263 264 264 264 264 264 264 264 264 264 264 264 265 265 265 265 265 265 265 265 265 265 265 265 265 265 265 265 264 264 265 265 265 265 265 265 265 266 266 266 266 266 266 266 266 267 266 266 266 266 266 266 266 266 266 266 266 266 266 266 267 267 267 267 267 267 267 267 268 268 268 268 268 268 268 268 268 268 268 268 268 268 268 268 268 268 268 268 268 268 268 269 269 269 269 269 268 268 268 268 268 268 268 268 268 268 268 268 268 268 268 269 269 270 270 270 270 270 269 270 270 271 270 271 270 270 270 270 271 271 271 271 271 271 270 270 271 270 270 270 270 270 270 270 270 271 271 271 271 271 271 271 270 270 270 271 270 270 271 271 271 271 271 271 272 271 271 271 271 271 271 271 271 272 272 272 272 272 272 272 272 272 272 272 272 272 272 272 272 272 272 272 272 272 272 272 272 272 272 272 272 272 272 272 272 272 273 273 273 273 273 273 276 276 276 276 276 276 277 277 277 277 277 277 277 277 277 277 277 276 276 276 276 276 275 276 276 276 276 276 276 276 276 276 276 276 276 276 276 276 276 276 276 276 276 276 276 277 276 276 276 276 276 276 276 276 276 276 276 275 275 276 275 275 275 275 275 275 275 275 275 275 275 275 275 275 275 275 275 275 275 275 275 275 275 275 275 275 263 263 263 263 263 263 263 264 264 264 264 264 265 264 264 264 264 264 264 264 263 263 263 263 263 263 264 264 264 264 264 264 264 264 264 264 263 263 263 263 263 263 263 263 264 263 263 263 263 263 263 263 264 263 263 263 264 263 263 263 263 263 263 263 263 263 263 264 264 264 264 264 264 264 264 264 264 264 265 265 265 265 265 265 265 265 265 265 265 265 265 265 265 264 264 264 264 265 265 265 265 265 266 266 265 266 266 265 266 266 266 266 266 266 266 266 266 266 266 266 266 266 266 266 266 267 267 267 267 267 267 267 267 267 267 268 268 268 268 268 268 268 268 268 268 268 268 268 268 268 268 268 268 268 268 268 268 269 269 269 269 269 269 268 268 268 268 268 268 268 268 268 268 268 268 268 268 269 269 270 269 269 270 269 270 270 270 270 270 270 270 271 271 271 271 271 271 271 271 271 270 270 270 270 270 270 270 270 270 270 270 271 271 270 271 271 270 270 270 271 270 270 271 271 271 271 271 271 272 271 271 271 271 271 271 271 271 271 271 272 272 272 272 272 272 272 272 272 272 272 272 272 272 272 272 272 272 272 272 272 272 273 273 272 272 272 272 272 273 273 273 273 273 273 272 273 273 276 276 276 276 276 276 276 276 276 276 276 276 276 276 277 277 276 276 276 276 276 276 276 276 276 275 276 276 276 276 276 276 276 276 276 276 276 276 276 276 276 276 276 276 276 277 277 276 276 276 276 276 276 276 276 276 276 276 276 276 275 275 275 275 275 275 275 275 275 275 275 275 275 275 275 275 275 274 274 275 275 275 275 275 275 264 264 264 263 263 263 263 263 263 263 264 264 264 264 264 263 263 263 263 263 263 263 263 263 263 264 264 264 264 264 264 264 264 264 264 264 263 263 263 263 263 263 264 264 263 263 264 264 264 264 264 264 264 264 264 264 264 263 263 262 263 263 262 262 262 263 263 264 264 264 264 264 264 264 264 264 264 264 264 265 265 265 265 265 265 265 265 265 265 265 265 265 265 264 264 265 265 265 265 265 265 265 265 265 265 265 265 265 265 265 266 266 266 266 266 266 266 266 266 266 266 266 266 266 266 266 267 267 267 267 267 267 267 267 267 268 268 268 268 268 268 268 268 268 268 268 268 268 268 268 268 268 268 268 268 268 269 269 269 269 269 269 268 268 268 268 268 268 268 268 268 268 268 268 268 268 269 269 270 270 269 269 269 270 270 270 270 270 270 270 271 271 271 271 271 271 270 270 271 270 270 270 270 270 270 270 270 270 270 270 270 270 270 270 270 270 270 270 271 270 270 271 271 271 271 271 272 272 271 271 271 270 271 271 271 271 271 271 272 272 272 272 272 272 272 272 272 272 272 272 272 272 272 272 272 272 272 272 272 272 272 273 273 272 272 272 272 273 273 273 273 273 273 272 273 273 276 276 276 276 276 276 276 276 276 276 276 276 276 276 276 276 276 276 276 276 276 276 276 275 275 275 276 276 276 276 276 276 276 276 276 276 276 276 276 276 276 276 276 276 276 276 277 276 276 276 276 276 276 276 276 276 275 275 275 275 275 275 275 275 275 275 275 275 275 275 275 275 275 275 274 274 274 274 274 274 275 275 275 275 275 263 263 263 263 263 263 263 263 264 264 264 263 263 263 263 263 263 263 263 263 263 263 263 263 263 263 263 263 264 264 264 264 264 264 264 264 263 264 264 264 263 263 263 263 263 264 264 264 264 264 264 264 264 264 264 264 263 263 263 263 263 264 263 263 262 263 264 264 264 264 264 264 264 264 264 264 264 264 265 265 265 265 265 265 265 265 265 265 265 265 265 265 265 264 264 265 265 265 265 265 265 265 265 265 265 265 265 265 265 266 266 266 266 266 267 266 266 266 266 266 266 266 266 266 267 267 267 267 267 267 267 267 267 267 267 268 268 268 268 268 268 268 268 268 268 268 268 268 268 268 268 268 268 268 268 268 268 269 269 268 268 268 268 267 267 268 268 268 268 268 268 268 268 268 268 269 269 270 270 269 269 270 270 270 270 270 271 271 271 271 271 271 271 271 271 271 270 270 270 270 270 270 270 270 270 270 270 270 270 270 270 270 270 270 270 271 271 270 271 270 270 271 271 271 271 272 272 271 271 271 271 271 271 271 271 271 271 272 272 272 272 272 272 272 272 272 272 272 272 272 272 272 272 272 272 272 272 272 272 272 272 273 273 273 273 272 272 273 273 273 273 273 273 273 273 276 276 276 276 276 276 276 276 276 275 276 276 276 276 276 276 276 276 276 276 275 275 275 275 275 276 275 276 276 276 276 276 276 276 276 276 276 276 276 276 276 276 276 276 276 276 276 276 276 276 276 276 276 276 276 275 275 275 275 275 275 275 275 275 275 275 275 275 275 275 275 275 275 275 274 274 274 274 275 274 275 275 275 275 263 263 262 262 262 262 263 262 263 263 263 263 262 262 263 262 262 262 263 263 263 263 264 263 263 263 263 263 263 264 264 264 264 264 264 264 264 264 264 263 263 263 263 263 263 264 264 264 264 264 264 264 264 264 264 264 264 264 264 264 263 263 263 263 262 262 263 263 264 264 264 264 264 264 264 264 264 265 265 264 265 265 265 265 265 265 265 265 265 265 265 265 265 265 264 264 264 265 265 265 265 265 265 265 265 265 265 265 265 265 265 266 266 266 266 267 267 266 266 266 266 266 266 266 266 267 267 267 267 267 267 267 267 267 267 267 267 268 268 268 268 268 268 268 268 268 268 268 268 268 268 268 268 268 268 268 268 269 269 269 268 268 268 268 268 268 267 267 268 268 268 268 268 268 268 269 269 269 269 269 269 270 270 270 270 270 270 270 270 270 271 271 270 270 270 271 271 270 270 270 270 271 270 270 270 270 270 270 270 270 270 270 271 271 271 271 270 270 271 270 271 271 271 271 271 271 271 271 270 270 270 271 271 271 271 271 271 271 272 272 272 272 272 272 272 271 271 272 272 272 272 272 272 272 272 272 272 272 272 272 272 272 273 273 273 272 272 272 272 273 273 273 273 273 273 276 276 276 276 276 276 276 276 275 275 275 275 276 276 276 276 276 276 276 275 275 275 276 275 275 276 275 276 276 276 276 276 276 276 276 276 276 276 276 276 276 276 276 276 276 276 276 276 276 276 275 275 275 275 275 275 275 275 275 275 275 275 275 274 274 274 274 275 274 274 274 274 275 275 274 274 274 274 274 274 274 275 275 262 263 262 261 262 262 261 262 262 262 262 263 262 262 262 262 262 263 263 264 264 264 264 264 263 263 263 263 264 264 264 264 264 264 264 264 264 264 264 264 264 263 263 263 263 263 264 264 264 264 264 264 264 264 264 264 264 264 264 264 264 264 263 263 263 262 263 263 263 264 264 263 264 264 264 264 264 264 264 264 264 265 265 265 265 265 265 265 265 265 265 265 265 265 264 264 265 265 265 265 265 265 265 265 265 265 265 265 265 265 265 265 266 266 267 266 266 266 266 266 266 266 266 266 267 267 267 267 267 267 267 267 267 267 267 267 267 268 268 268 268 268 268 268 268 268 268 268 268 268 268 268 268 268 268 268 269 269 269 269 269 268 268 268 268 268 267 267 268 268 268 268 268 268 269 269 269 269 269 269 270 269 270 270 270 270 270 270 270 270 270 270 270 270 270 270 270 270 270 270 270 270 270 270 270 270 270 270 270 271 271 271 271 270 270 270 271 271 271 271 271 271 271 272 272 272 271 271 270 270 270 270 271 271 271 271 271 271 271 272 272 272 272 271 271 271 272 271 272 272 272 272 272 272 272 272 272 272 272 272 272 272 272 272 272 273 273 272 272 273 273 273 273 273 276 275 276 276 276 276 275 276 275 275 275 275 275 275 275 275 275 276 276 276 275 275 275 275 275 275 275 275 276 276 276 276 275 275 276 276 276 275 276 276 276 276 276 276 276 276 275 275 275 275 275 275 275 275 275 275 275 275 275 275 275 275 274 274 274 275 274 274 274 274 274 274 274 274 274 274 274 274 274 274 275 275 275 263 262 262 262 262 261 261 261 262 262 262 262 262 261 261 262 262 263 263 263 263 263 264 264 264 263 263 263 263 263 263 264 264 263 264 263 263 264 264 263 263 263 263 264 264 264 264 264 264 264 264 264 264 264 264 264 264 264 264 264 264 264 264 263 263 263 263 263 263 263 264 264 264 264 264 264 264 264 264 264 265 265 264 264 264 265 265 265 265 265 265 265 265 264 264 265 264 264 264 265 265 265 265 265 265 265 265 265 265 265 265 266 266 266 267 267 266 267 266 266 266 266 266 266 267 267 267 267 267 267 267 267 267 267 267 267 267 268 268 268 268 268 268 268 268 268 268 268 268 268 268 268 268 268 268 268 268 269 269 269 268 268 268 268 268 268 268 267 268 268 268 268 268 269 269 269 269 269 269 269 269 269 270 270 270 270 270 270 269 270 270 270 270 270 270 270 270 270 270 270 270 270 270 270 270 270 271 271 271 271 271 271 270 270 270 271 271 271 271 271 271 271 271 272 271 270 270 270 270 270 270 271 271 271 271 271 271 271 271 271 272 271 271 271 271 271 272 272 272 272 272 272 272 272 272 272 272 272 272 272 272 272 272 272 272 272 272 272 272 273 273 273 273 276 275 276 276 276 276 275 275 275 275 275 275 275 275 275 275 275 275 276 275 275 275 275 275 275 275 275 275 275 275 275 275 275 275 275 275 275 275 275 275 275 276 276 276 276 276 275 275 275 275 275 275 275 275 275 275 275 275 275 275 274 275 275 275 274 275 275 274 274 274 274 274 274 274 274 274 274 274 274 274 274 275 274 262 262 261 261 262 262 262 262 262 262 262 261 262 262 262 262 262 263 263 263 264 264 263 263 263 263 263 263 263 263 263 263 263 263 263 264 264 264 264 264 264 264 264 264 264 264 264 264 264 264 264 264 264 264 264 264 264 264 264 264 263 263 263 263 263 263 264 264 264 264 264 264 264 264 264 264 264 265 264 264 264 264 264 265 265 265 265 265 265 265 265 265 265 265 265 264 264 265 265 265 265 265 265 265 265 265 265 265 265 265 266 266 267 267 266 266 266 266 266 266 266 266 266 267 267 267 267 267 267 267 267 267 267 267 267 267 268 268 268 268 268 268 268 268 268 268 268 268 268 268 268 268 268 268 268 268 268 268 268 268 268 268 268 267 267 267 268 268 269 269 269 269 269 269 269 269 269 269 270 269 270 270 270 270 270 270 270 270 271 271 270 270 270 270 270 270 270 270 270 270 270 270 270 270 271 271 271 270 270 270 270 270 271 271 271 271 271 271 271 271 272 271 271 270 270 270 270 270 271 271 271 271 271 271 271 271 271 271 271 271 271 271 271 271 271 271 271 271 271 272 272 272 272 272 272 272 272 272 272 272 272 272 272 272 272 272 272 272 272 273 276 276 276 276 276 276 276 276 275 275 275 274 274 275 275 275 275 275 275 275 275 275 275 275 275 275 275 275 275 275 275 275 275 275 275 275 275 275 275 276 275 275 276 276 276 276 275 275 275 275 275 275 275 275 275 275 275 275 275 275 275 275 275 275 274 274 274 274 274 274 274 274 274 274 274 274 274 274 274 274 274 274 274 274 262 261 261 262 263 261 261 261 261 261 262 262 262 262 262 262 262 263 264 264 264 264 263 263 263 263 263 263 263 263 263 263 263 263 263 263 263 264 263 264 264 264 264 264 264 264 264 264 264 264 264 264 264 264 264 264 264 264 264 264 264 264 264 264 264 264 264 264 264 264 264 264 264 264 264 264 264 264 264 264 264 264 265 265 265 265 265 265 265 265 265 265 265 265 264 264 265 265 265 265 265 265 265 265 265 266 265 265 266 266 266 267 267 266 266 266 266 266 266 266 266 267 267 267 267 267 267 267 267 267 267 267 267 267 267 267 268 268 268 268 268 268 268 268 268 268 268 268 268 268 268 268 268 268 268 268 268 268 268 268 268 267 267 267 268 268 268 268 269 269 269 269 269 270 269 269 269 269 270 270 270 270 270 270 270 270 270 270 270 270 270 270 270 270 270 270 270 270 270 270 270 270 270 270 270 270 270 270 271 270 271 271 271 271 271 271 271 271 271 270 270 270 270 270 270 270 271 271 271 271 271 271 271 271 271 271 271 271 271 271 271 271 271 271 271 272 272 272 272 272 272 272 272 272 272 272 272 272 272 272 272 273 272 272 272 272 272 272 275 275 276 276 276 276 276 276 276 276 275 275 275 275 275 275 275 275 275 275 275 275 275 275 275 275 275 276 275 274 275 275 275 276 275 275 275 275 275 275 275 275 275 275 276 275 275 275 275 275 275 275 275 275 275 275 275 275 275 275 275 275 275 274 274 274 274 274 274 274 274 274 274 274 274 274 274 274 274 274 274 274 274 274 262 261 261 262 262 261 261 261 261 262 262 263 262 263 263 263 263 263 263 264 264 264 264 264 264 263 263 263 263 263 263 263 263 263 263 263 263 263 263 264 264 264 264 264 264 264 264 264 264 264 264 264 264 264 264 263 263 263 263 263 264 264 264 264 264 264 264 264 264 264 264 264 264 264 264 264 264 264 264 265 264 264 264 265 265 265 265 265 265 265 265 265 265 265 264 264 265 265 265 265 265 265 265 265 266 265 265 266 265 266 266 266 266 267 267 267 266 266 266 266 267 267 267 267 267 267 267 267 267 267 267 267 267 267 267 267 267 267 268 268 268 268 268 268 268 268 268 268 268 268 268 268 268 268 268 268 268 268 268 268 268 268 267 267 268 268 268 268 269 269 269 269 269 269 269 270 270 270 270 270 270 270 270 270 270 270 270 270 270 270 270 270 270 270 270 270 270 270 270 270 270 270 270 270 270 270 270 271 271 271 271 271 271 270 271 271 271 271 271 270 270 270 270 270 270 270 270 271 271 271 271 271 271 271 271 271 271 271 271 271 271 271 271 271 272 272 272 272 272 272 272 272 272 272 272 272 272 272 272 272 272 272 272 272 273 273 273 272 275 275 275 275 275 275 276 276 276 276 276 276 275 275 275 275 275 275 275 275 275 275 276 276 277 277 277 278 276 275 275 275 275 276 275 275 275 275 275 275 275 275 275 275 275 275 275 275 275 275 275 275 275 275 275 275 275 275 274 274 274 274 274 274 274 274 274 274 274 274 274 274 274 274 274 274 274 274 274 274 274 274 274 274 274 261 261 261 261 261 262 262 262 262 262 263 264 263 263 263 264 264 264 264 264 264 264 264 263 263 263 263 263 263 263 263 263 263 263 263 263 263 264 264 264 264 264 264 264 264 264 264 264 264 264 264 264 264 264 263 263 263 263 263 263 263 263 263 263 264 264 264 265 264 264 264 264 264 264 264 264 264 264 264 265 264 265 265 265 265 265 265 265 265 265 265 264 264 264 264 265 265 265 265 265 265 266 265 266 266 266 265 266 266 266 267 267 266 266 266 267 266 266 266 267 267 267 267 267 267 267 267 267 267 267 267 267 267 267 267 267 267 268 268 268 268 268 268 268 268 268 268 268 268 268 268 268 268 268 269 269 268 268 268 268 268 268 268 268 268 269 269 269 269 269 269 269 269 270 270 269 270 270 270 270 270 269 270 269 269 269 270 270 270 270 270 270 270 270 270 270 270 270 270 270 270 270 271 271 271 271 271 271 271 270 270 270 270 270 270 270 270 270 270 270 271 271 270 270 271 271 271 271 271 271 271 271 271 271 271 271 271 271 271 271 271 271 272 272 272 272 272 272 272 272 272 272 272 272 272 272 272 272 272 272 272 272 272 273 273 275 275 275 275 275 275 276 276 276 276 276 276 276 276 275 275 275 275 275 275 275 276 277 277 277 277 277 277 277 276 276 275 275 276 275 275 276 276 275 275 275 275 275 275 275 275 276 275 275 275 275 275 275 275 275 275 275 274 275 274 274 274 274 274 274 274 274 275 274 274 274 274 274 274 274 274 274 274 274 274 274 274 274 274 274 274 261 261 261 261 261 262 262 262 262 263 264 264 264 264 264 264 264 264 264 264 264 264 264 264 264 264 263 263 263 263 263 263 263 263 263 263 263 263 263 264 264 263 264 264 264 264 264 264 264 263 264 264 264 264 263 263 264 264 264 263 263 263 263 263 263 264 264 264 264 264 264 264 264 264 264 264 264 264 265 264 264 265 265 265 265 265 265 265 265 265 265 265 264 264 264 265 265 265 265 265 265 265 265 266 266 266 266 266 266 266 267 266 266 266 266 266 266 266 266 267 267 267 267 267 267 267 267 267 267 267 267 267 267 267 267 267 267 267 268 268 268 268 268 268 268 267 268 268 268 268 268 268 268 268 268 268 268 268 268 268 268 268 268 268 269 269 269 269 269 269 269 269 269 269 269 269 269 269 270 270 270 269 270 270 270 270 269 269 270 270 270 270 270 270 270 270 270 270 270 270 270 270 270 271 271 271 270 270 270 270 270 270 270 270 270 270 270 270 270 271 271 270 270 270 271 271 271 271 271 271 271 271 271 271 271 271 271 271 271 271 271 272 272 272 272 271 272 272 272 272 272 272 272 272 272 272 272 272 272 272 272 272 272 273 275 275 275 276 275 275 275 276 276 276 276 276 276 276 276 276 276 275 275 275 275 276 276 276 276 276 276 276 276 276 276 276 275 275 275 276 276 275 275 275 276 275 275 275 275 275 276 276 275 275 275 275 275 275 275 274 275 275 274 274 274 274 274 274 274 274 274 274 275 274 274 274 274 274 274 274 274 274 274 274 274 274 274 274 274 274 274 261 261 262 262 262 262 262 263 263 263 263 263 263 264 264 264 263 264 264 264 264 264 264 264 264 264 264 263 263 263 263 263 263 263 263 263 263 263 264 264 263 263 263 263 264 264 263 263 263 263 263 264 264 264 263 263 263 264 264 264 263 262 262 262 262 263 263 263 264 264 264 264 264 263 263 263 264 264 264 265 265 265 265 265 265 265 265 265 265 265 265 265 265 264 264 264 265 265 265 265 265 265 265 266 266 266 266 266 266 266 266 266 266 266 266 267 266 266 266 266 266 267 267 267 267 267 267 267 267 267 267 267 267 267 267 267 267 267 267 267 267 268 268 268 268 268 268 267 268 268 267 268 268 268 268 268 268 268 268 268 268 268 268 268 269 269 269 269 269 269 269 269 269 269 269 269 269 270 270 270 270 270 270 270 270 270 269 270 269 269 270 270 270 270 270 270 270 270 270 270 270 270 270 270 271 270 270 270 270 270 270 270 270 270 270 270 270 270 270 270 271 271 270 270 271 271 271 271 271 271 271 271 271 271 271 271 271 271 271 271 271 271 271 271 271 271 271 271 272 272 272 272 272 272 272 272 272 272 272 272 272 272 272 272 275 275 275 274 275 275 275 275 275 276 276 275 275 275 275 276 276 276 276 276 276 276 276 276 276 276 276 276 276 277 276 276 275 275 275 276 276 276 275 275 276 275 275 275 275 275 275 276 275 275 275 275 275 274 274 274 274 275 274 274 274 274 274 274 274 274 274 274 275 274 274 274 274 274 274 274 273 273 274 274 274 274 274 274 274 274 274 274 262 262 262 262 262 262 263 263 263 263 263 264 264 264 264 264 264 264 264 264 264 264 264 264 264 264 264 264 264 263 264 264 263 263 263 263 263 263 264 264 264 264 264 264 264 263 263 263 263 263 263 263 263 263 263 263 264 264 264 264 264 264 263 263 263 263 263 263 263 263 263 264 264 263 264 264 264 264 264 265 265 265 265 265 265 265 265 265 265 265 265 265 265 264 264 265 265 265 265 266 266 266 266 266 266 266 266 266 266 266 267 267 267 266 266 266 266 266 266 266 266 266 266 266 266 266 266 266 267 267 267 267 267 267 267 267 267 267 267 267 267 267 267 267 267 267 267 267 267 267 267 267 267 268 268 267 267 267 267 267 267 268 268 268 269 268 268 268 268 268 269 269 269 269 270 269 270 270 269 270 270 270 270 269 269 269 269 269 269 269 269 269 269 269 269 269 269 269 269 270 270 270 270 270 270 270 270 269 270 270 270 269 269 270 270 270 270 270 270 270 271 271 270 270 271 271 271 271 271 271 271 271 271 271 271 271 271 271 271 271 271 271 271 271 271 271 271 271 272 272 272 272 272 272 272 272 272 272 272 272 272 272 272 272 272 272 272 272 273 273 273 273 273 273 273 272 272 273 273 273 273 273 273 273 273 273 273 273 274 274 274 274 274 274 274 273 273 273 273 273 274 274 273 273 274 273 273 273 273 273 273 273 273 275 275 275 275 274 274 274 276 275 275 274 274 274 274 274 274 274 275 275 275 274 274 274 274 274 274 273 274 274 274 274 274 275 274 274 274 274 275 261 261 261 262 262 262 262 263 263 263 264 264 264 264 264 263 264 264 264 264 264 264 264 264 264 264 264 264 264 264 264 264 264 263 263 263 263 263 264 264 264 264 264 264 264 263 263 263 263 263 264 264 264 263 264 264 263 264 264 264 264 264 263 263 263 263 263 263 263 264 265 264 264 264 264 264 264 264 264 264 265 265 265 265 265 265 265 265 265 265 265 264 264 264 265 265 265 265 265 265 266 266 266 266 266 266 266 266 266 266 267 266 266 266 266 266 266 266 266 266 266 266 266 266 266 266 266 266 267 267 267 267 267 267 267 267 267 267 267 267 267 267 267 267 267 267 267 267 267 267 267 267 268 268 267 267 267 267 267 267 268 268 268 268 268 268 268 268 269 269 268 269 269 270 269 269 270 269 269 269 270 269 269 270 269 269 269 269 269 269 269 269 270 270 270 270 270 270 270 270 270 269 269 269 269 269 269 270 270 270 270 270 270 270 270 270 270 270 270 270 270 270 270 271 271 271 271 271 271 271 271 271 271 271 271 271 271 271 271 271 271 271 271 271 271 271 271 271 271 271 271 272 272 272 272 272 272 272 272 271 272 272 272 272 272 272 272 272 273 273 273 273 272 272 272 273 273 273 273 273 273 273 273 273 273 273 273 273 273 274 274 274 274 273 273 273 273 273 273 273 273 273 273 273 273 273 273 273 273 273 273 272 274 275 275 274 274 274 274 275 276 275 275 274 274 274 274 274 274 274 274 274 274 274 274 274 274 273 273 273 274 274 274 274 275 274 274 274 274 275 262 261 261 262 262 262 262 263 263 263 264 263 263 263 263 264 264 264 264 264 264 264 264 264 264 264 264 264 264 265 264 264 264 263 263 263 263 264 264 264 264 264 264 264 263 263 263 263 263 263 264 264 263 263 263 264 264 264 264 264 264 264 264 264 264 264 263 263 264 264 264 264 264 264 264 264 264 264 264 264 265 265 265 265 265 265 265 265 265 265 265 265 265 265 265 265 265 265 265 265 265 266 266 266 266 266 266 266 266 266 267 266 266 266 266 266 266 266 266 266 266 266 266 266 266 266 266 266 267 267 267 267 267 267 267 267 267 267 267 267 267 267 267 267 267 267 267 267 267 267 267 267 267 267 267 267 267 267 268 268 268 268 268 268 268 268 268 268 268 269 269 269 269 269 269 269 269 269 269 270 269 269 269 269 269 269 269 269 269 269 269 269 269 270 270 270 270 270 270 269 269 269 269 269 269 269 270 270 270 270 270 270 270 270 270 270 270 270 270 270 270 270 271 271 271 271 271 271 271 271 271 271 271 271 271 271 271 271 271 271 271 271 271 271 271 271 272 272 272 271 271 271 271 271 271 271 271 271 271 271 272 272 272 272 272 272 273 273 273 273 273 272 272 272 272 273 273 273 273 273 273 273 273 273 273 273 273 273 273 273 273 273 273 273 273 273 272 273 273 273 273 273 273 273 273 273 273 273 273 273 272 274 274 275 274 274 274 274 275 276 276 275 275 275 274 274 274 274 274 274 274 274 274 274 274 274 273 273 274 273 273 274 274 274 274 274 274 274 262 262 261 262 262 262 263 263 263 263 263 263 263 263 263 263 264 264 264 264 264 264 264 264 264 264 264 264 264 264 264 264 264 264 264 264 264 264 264 264 264 264 263 263 263 263 263 263 264 264 264 264 263 263 264 264 264 264 264 265 265 264 264 263 263 264 264 264 264 264 264 263 264 264 264 264 264 264 264 264 264 265 265 265 265 265 265 265 265 265 265 265 265 265 265 265 265 265 265 265 265 266 266 266 266 266 266 266 267 267 267 267 266 266 266 266 266 266 266 266 266 266 267 266 266 266 267 267 267 267 267 267 267 267 267 267 267 267 267 267 267 267 267 267 267 267 267 267 267 267 267 267 267 267 267 267 268 268 267 268 268 268 268 268 268 268 268 269 269 269 269 269 268 269 268 269 269 270 269 269 269 269 269 269 269 269 269 269 269 269 269 269 269 270 269 269 269 269 270 269 269 270 270 270 270 270 270 270 270 270 270 270 270 270 270 270 270 270 270 270 270 270 271 271 271 271 271 271 271 271 271 271 271 271 271 271 271 271 271 271 271 271 271 271 271 272 272 272 271 271 271 271 271 271 271 271 271 271 271 272 272 273 273 273 272 272 272 273 272 272 272 272 272 272 272 272 273 273 273 273 273 273 273 273 273 273 273 273 273 273 273 273 273 273 273 273 273 273 273 273 273 273 273 273 273 273 273 273 273 274 275 275 274 274 274 274 275 276 275 275 275 275 274 274 274 274 274 274 274 274 274 274 274 274 273 274 274 273 273 273 274 274 274 274 274 274 274 262 262 262 262 262 262 262 262 262 262 263 263 263 263 263 264 264 264 264 264 264 264 264 264 264 264 264 264 264 264 264 264 264 264 264 264 263 263 263 264 264 264 263 263 263 263 263 263 263 263 263 263 263 264 264 264 264 264 264 264 264 264 264 264 263 264 264 264 264 263 263 263 264 264 264 264 264 264 264 264 265 265 265 264 264 264 264 265 265 265 265 265 265 265 265 265 265 265 265 265 265 265 266 266 266 266 266 266 266 266 266 266 266 266 266 266 266 266 266 266 266 266 266 266 266 266 266 267 267 267 266 266 266 266 267 267 267 267 267 267 267 267 267 267 267 267 267 267 267 267 267 267 267 267 267 267 267 267 268 268 268 268 268 268 268 268 269 269 269 269 268 268 268 269 269 269 269 269 269 269 269 269 269 269 269 269 269 269 269 269 269 269 269 269 269 269 270 270 270 270 270 270 270 270 270 270 270 270 270 270 270 270 270 270 270 270 270 270 270 270 270 270 271 271 271 271 271 271 271 271 270 271 271 271 271 271 271 271 272 272 272 272 272 271 272 272 272 271 271 271 272 272 271 271 272 272 272 272 272 272 273 273 273 273 272 272 272 273 272 272 272 272 272 272 272 272 272 273 272 272 272 272 272 273 273 273 273 273 273 273 273 273 273 273 273 273 273 273 273 273 273 273 273 273 273 273 273 273 274 275 274 274 274 274 274 274 275 275 275 275 275 274 275 274 274 274 274 274 274 274 274 274 273 273 274 274 273 273 273 274 274 274 274 274 274 274 262 262 262 262 262 262 262 262 262 262 263 263 264 264 264 264 264 264 264 264 264 264 264 264 264 264 263 264 264 264 264 264 264 264 264 264 264 264 264 263 263 263 264 264 263 263 263 263 263 262 263 264 264 264 264 264 264 264 264 264 264 264 264 264 264 264 264 264 263 263 263 263 263 264 264 264 264 264 265 265 265 265 265 265 264 264 264 265 265 265 265 265 265 265 265 265 265 265 265 265 265 265 266 266 266 266 266 266 266 266 266 266 266 266 266 266 266 266 266 266 266 266 266 266 266 266 266 266 266 266 266 266 266 266 267 267 267 267 267 267 267 267 267 267 267 267 267 267 267 267 267 267 267 267 267 267 267 267 268 268 268 268 268 268 268 268 268 269 269 269 269 268 268 268 269 269 269 269 269 269 269 269 269 269 269 269 269 269 269 269 269 269 269 269 269 269 270 270 270 270 270 270 270 270 270 270 270 270 270 270 270 270 270 270 270 270 270 270 270 270 270 270 270 271 271 271 271 271 271 270 270 270 271 271 271 271 271 271 271 272 271 272 272 272 272 272 272 272 272 272 272 272 272 272 272 272 272 272 272 272 272 273 273 273 272 272 272 272 272 272 272 272 272 272 272 272 272 272 272 272 272 272 272 272 272 273 273 273 273 273 273 273 273 273 273 273 273 273 273 273 273 273 273 273 273 273 273 273 274 274 274 274 274 274 274 275 276 275 275 275 275 274 274 274 273 273 274 274 274 274 274 273 273 273 274 274 273 274 274 274 274 274 274 274 273 274 275 262 262 262 262 262 262 262 263 262 262 262 263 263 264 264 264 264 264 264 264 264 264 264 264 264 263 263 263 263 263 264 264 264 264 264 264 264 264 263 263 263 263 263 263 263 264 264 263 263 262 262 263 264 264 264 264 264 263 264 264 264 264 264 264 264 264 264 263 263 263 263 263 263 263 264 264 264 264 264 264 265 265 265 264 264 264 265 265 265 265 265 265 265 265 266 265 265 265 265 265 265 265 265 265 266 266 266 266 266 266 266 266 266 266 266 266 266 266 266 266 266 266 266 266 266 266 266 266 266 266 266 266 266 266 266 266 266 267 267 267 267 267 267 267 267 267 267 267 267 267 267 267 267 267 267 267 267 267 268 268 268 268 268 268 268 268 268 268 268 269 269 268 268 268 269 268 269 269 268 269 269 269 269 269 269 269 269 269 269 269 269 269 269 269 269 269 270 270 270 270 270 270 270 270 270 270 270 270 270 270 270 270 270 270 270 270 270 270 270 270 270 270 270 270 271 271 271 270 270 270 270 270 271 271 271 271 271 271 271 271 271 271 272 272 272 272 272 272 272 272 272 272 272 273 273 273 272 272 272 272 272 273 272 272 272 272 272 272 272 272 272 272 272 272 272 272 272 272 272 272 272 272 272 272 272 273 273 272 273 273 273 273 273 272 272 272 273 273 273 273 273 273 274 273 273 273 273 273 275 274 274 274 274 274 274 275 276 275 274 274 274 274 274 273 273 273 274 274 274 274 274 273 273 273 273 273 273 273 273 273 274 274 274 274 274 274 275 262 262 263 262 262 262 262 262 262 262 263 263 263 263 264 264 264 263 264 264 264 264 264 264 264 264 263 263 263 263 263 263 264 264 264 264 264 264 264 263 263 263 263 264 264 264 264 263 263 262 263 263 263 263 263 264 264 264 264 264 264 264 264 264 263 264 264 264 264 263 263 263 263 263 263 264 264 264 264 264 264 264 265 264 264 264 264 265 265 265 265 265 265 265 265 265 265 266 265 265 265 266 265 265 265 266 266 266 266 266 265 265 266 265 265 266 266 266 266 266 266 266 266 266 266 266 266 266 266 266 266 266 266 266 266 266 267 266 266 267 267 267 267 267 267 267 267 267 267 267 267 267 267 267 267 267 267 267 268 268 268 268 268 268 268 268 268 268 268 269 269 268 268 268 269 268 269 269 268 269 269 269 269 269 269 269 269 269 269 269 269 269 269 269 269 270 269 269 269 270 270 270 270 270 270 270 270 270 270 270 270 270 270 270 270 270 270 270 270 270 270 270 270 270 270 270 270 270 270 270 270 271 271 271 271 270 271 271 271 271 271 271 271 272 272 272 272 272 272 272 272 272 272 273 273 272 272 272 272 271 272 273 273 272 272 272 272 272 272 272 272 272 272 272 272 272 272 272 272 272 272 272 272 272 272 272 272 272 272 272 273 273 273 273 272 272 273 273 272 273 273 273 273 273 274 273 273 272 275 275 274 274 274 274 274 275 275 275 275 274 273 273 273 273 273 274 274 274 274 274 273 273 273 273 273 273 273 273 274 273 273 273 274 274 274 274 274 274 263 263 262 262 262 262 262 262 263 263 263 263 263 263 263 263 263 263 263 264 264 264 264 264 264 264 264 263 263 263 263 263 263 263 263 263 263 263 263 264 264 264 264 264 264 263 263 263 262 263 264 264 263 263 264 264 264 264 264 263 264 265 264 264 264 264 264 264 264 264 264 263 263 263 264 264 264 264 264 264 264 265 264 264 264 264 264 264 265 265 265 265 265 266 266 266 266 266 265 265 266 266 266 265 266 266 266 266 266 266 265 265 265 265 265 265 265 265 265 266 266 266 266 266 266 265 266 266 266 266 266 266 266 266 266 266 266 266 266 266 266 267 267 267 267 267 267 267 267 267 267 267 267 267 267 267 267 268 268 268 268 268 268 268 268 268 268 268 268 268 269 268 268 268 268 269 268 268 269 269 269 269 269 269 269 269 269 269 269 269 269 269 269 269 269 269 269 269 269 270 270 270 270 270 270 270 270 270 270 270 270 270 270 270 270 270 270 270 270 270 270 270 270 270 270 270 270 270 270 270 270 271 270 270 270 270 271 271 271 271 271 271 271 271 272 272 272 272 272 272 272 272 272 272 272 272 272 272 272 272 272 272 272 273 272 272 272 271 271 272 272 272 272 272 272 272 272 272 272 272 272 272 272 272 273 272 272 272 272 272 273 273 273 272 272 272 272 272 272 273 272 272 273 273 273 272 272 274 274 274 274 274 274 274 274 274 275 274 274 274 273 273 273 273 273 274 274 273 273 273 273 273 273 273 273 273 273 273 273 273 273 273 273 273 273 273 274 274 262 263 262 262 262 262 262 262 262 263 263 263 263 263 263 263 263 263 263 263 264 264 264 264 264 264 264 264 263 263 263 263 263 263 263 263 263 263 264 264 264 264 264 264 263 263 263 263 262 262 263 263 264 264 264 264 264 263 264 264 264 264 264 264 264 264 264 264 263 263 263 263 263 263 264 264 264 264 265 265 264 265 264 264 264 265 264 265 265 265 265 266 266 266 266 266 266 266 266 266 266 266 265 266 266 266 266 266 266 265 265 266 266 266 265 266 265 265 265 265 265 265 266 266 266 266 265 266 266 266 266 266 266 266 266 266 266 266 266 266 266 267 267 267 266 267 267 267 267 267 267 267 267 267 267 267 267 268 268 268 268 268 268 268 268 268 268 268 268 268 268 268 268 268 268 268 268 268 269 269 269 269 268 268 269 269 269 269 269 269 269 269 269 269 269 269 269 269 269 269 269 270 270 270 269 270 270 270 270 270 270 270 270 270 270 270 270 270 270 270 270 270 270 270 270 270 270 270 270 270 270 271 270 270 270 270 271 271 271 271 271 271 271 271 272 272 272 272 272 271 271 272 272 271 272 272 272 272 272 272 272 272 272 272 272 272 272 272 271 271 272 272 272 272 272 272 272 272 272 272 272 272 272 272 272 272 272 272 272 272 272 272 273 272 272 272 272 272 272 272 272 273 273 273 273 272 272 274 273 274 274 274 274 274 274 274 274 274 274 274 273 274 273 273 273 273 274 273 273 273 273 273 273 273 273 273 273 273 274 274 273 273 273 273 273 274 273 273 273 274 262 262 263 262 262 262 262 262 263 263 263 263 264 264 264 263 263 263 263 263 263 264 264 264 264 264 264 264 263 263 263 263 263 263 263 263 263 263 263 264 264 264 264 263 263 263 262 263 263 263 263 263 264 264 264 264 264 264 264 264 264 263 263 263 263 263 263 262 262 263 263 263 264 264 263 264 264 264 265 265 265 265 265 265 265 265 264 264 264 265 265 265 266 265 266 266 266 266 266 266 265 265 266 266 266 266 265 265 265 266 266 267 266 265 265 265 265 265 265 265 265 266 266 265 265 265 265 265 266 266 266 266 266 266 266 267 267 266 266 266 267 267 267 266 266 266 266 267 267 267 267 267 267 267 267 267 268 268 268 268 268 268 268 268 268 268 268 268 268 268 268 268 268 269 268 268 269 269 269 269 269 268 268 269 269 269 269 269 269 269 269 269 269 269 269 269 269 269 269 269 269 270 270 270 270 270 270 270 270 270 270 270 270 270 270 270 270 270 270 270 270 270 270 270 270 270 270 270 270 271 270 270 270 270 270 270 271 271 271 271 271 271 271 271 271 272 271 271 271 272 271 272 271 271 271 272 272 272 272 272 272 272 272 272 272 272 272 271 271 271 271 272 272 272 272 272 272 272 272 272 272 272 272 272 272 272 272 272 272 272 272 272 272 272 272 272 272 272 272 272 273 273 273 273 272 272 274 273 274 274 274 274 274 274 273 273 274 274 274 274 273 273 273 273 273 273 273 273 273 273 273 273 273 273 273 273 273 273 273 273 273 273 273 273 273 273 273 273 273 274 262 261 261 262 263 262 261 261 261 262 262 262 263 264 264 264 264 264 263 263 263 263 264 264 264 264 264 264 264 264 264 263 263 263 263 263 263 263 262 263 263 263 263 263 263 263 262 263 263 264 264 263 263 264 264 264 264 264 264 264 264 263 263 263 263 263 263 264 264 264 263 262 263 264 264 264 264 264 264 265 264 264 265 265 265 265 265 265 265 265 265 265 265 265 265 265 265 266 266 266 266 266 266 266 266 265 265 266 266 265 265 265 266 266 266 266 265 265 265 265 265 265 265 265 265 265 265 265 265 265 266 266 267 266 266 266 267 267 267 266 266 266 267 267 266 266 266 266 266 267 267 267 267 267 267 267 267 268 268 268 268 268 268 268 268 268 268 268 268 268 268 268 268 268 268 268 268 268 268 268 268 269 268 268 268 268 269 269 269 269 269 269 269 269 269 269 269 269 269 269 269 269 269 270 269 269 269 270 270 270 270 270 270 270 270 270 270 270 270 270 270 270 269 270 270 270 270 270 270 270 270 270 270 270 270 270 270 271 271 271 271 271 271 271 271 271 271 271 271 271 271 271 272 272 271 271 271 272 272 272 272 272 271 271 272 272 272 271 271 271 271 271 271 272 272 272 272 272 271 271 271 271 271 272 272 272 272 272 272 272 272 272 272 273 272 272 272 272 272 272 272 272 272 273 273 272 272 274 274 274 274 274 274 274 274 274 274 274 273 274 274 274 274 274 273 273 273 273 273 273 273 273 273 273 273 273 273 273 273 273 273 273 273 273 273 272 273 272 273 273 273 273 273 273 274 261 261 261 261 262 262 262 262 261 261 262 262 262 262 263 263 262 263 263 264 264 263 263 264 264 264 264 264 264 264 264 264 264 264 264 264 264 263 263 263 263 263 263 263 263 263 263 262 263 263 264 264 264 264 264 264 264 263 263 264 264 264 263 264 264 264 263 263 264 264 264 263 262 263 263 263 264 264 264 264 264 264 264 265 265 265 265 265 265 265 265 265 266 266 266 265 265 265 265 266 266 266 266 266 266 266 266 266 266 266 265 266 266 266 266 267 267 266 265 265 265 265 265 265 264 265 265 265 265 266 266 266 266 267 266 266 266 266 267 267 267 266 266 267 267 267 267 267 267 266 266 267 267 267 267 267 267 267 268 268 268 268 268 268 268 268 268 268 268 268 268 268 268 268 268 268 268 268 268 268 268 268 268 268 268 268 268 269 269 269 269 269 269 269 269 269 269 269 269 269 269 269 269 269 269 269 269 269 269 270 270 270 270 270 270 270 270 270 270 270 270 270 270 269 270 270 270 270 270 270 270 270 270 270 270 270 270 270 271 271 271 271 271 271 271 271 271 271 271 271 271 271 272 272 272 271 271 271 272 272 272 272 271 271 272 272 272 272 272 272 271 271 271 271 271 271 271 271 271 271 271 271 271 271 271 271 271 271 271 271 271 272 272 272 272 272 272 272 272 272 272 272 272 272 272 272 272 272 274 274 274 274 274 274 274 274 273 274 274 273 273 273 273 274 274 273 273 273 273 273 273 273 273 273 273 273 273 273 273 273 273 273 273 273 272 272 272 272 272 272 272 273 273 273 273 273 259 260 260 261 262 262 262 262 262 262 262 262 263 263 263 263 263 263 262 262 263 263 263 263 263 264 264 264 264 264 264 264 264 264 264 264 264 264 264 264 264 263 263 263 263 263 263 263 263 263 263 263 264 263 264 264 264 264 264 264 264 264 263 263 263 263 263 263 263 263 264 264 263 263 263 263 263 263 263 264 264 264 264 264 265 264 265 265 265 265 265 265 265 265 266 265 265 266 266 265 266 266 266 266 266 267 267 266 266 266 266 265 266 267 266 266 267 267 266 266 265 265 265 265 264 264 265 266 265 265 266 266 266 266 267 267 267 267 267 267 267 267 267 266 267 267 267 267 268 267 267 266 266 267 266 266 267 267 267 267 268 268 268 268 268 268 268 268 268 268 268 268 267 267 267 268 268 268 268 268 268 268 268 268 268 268 268 268 269 269 269 269 269 269 269 269 269 269 269 269 269 269 269 269 269 270 270 269 269 270 270 270 270 270 270 270 270 270 270 270 270 270 270 270 269 270 270 270 270 270 270 270 270 270 270 270 270 270 270 271 271 271 271 271 271 271 271 271 271 271 271 271 271 271 272 271 271 271 271 271 272 272 272 271 271 271 272 272 272 272 272 272 272 271 271 271 271 271 271 271 271 271 271 271 271 271 271 271 271 271 271 271 271 271 271 271 271 271 271 271 272 272 272 272 272 272 272 272 272 274 274 274 274 274 274 274 274 273 273 274 273 273 273 273 273 273 273 273 273 273 272 273 273 273 273 273 273 273 273 273 273 273 273 273 273 273 273 273 272 272 272 272 272 272 272 273 273 274 259 260 260 260 260 260 261 260 261 261 262 262 261 262 262 262 262 262 263 263 263 262 262 262 262 263 263 263 263 264 264 264 264 264 264 263 263 263 263 263 264 264 264 264 264 264 264 264 264 264 264 263 263 264 264 263 263 263 264 264 264 264 265 265 264 263 263 263 264 263 263 263 263 263 263 263 263 263 263 263 263 263 264 264 264 264 264 265 265 265 265 265 265 265 266 265 265 265 265 266 266 266 266 266 266 266 266 266 267 267 266 265 265 265 266 267 267 267 267 267 266 266 265 265 265 264 264 265 266 266 266 266 267 267 267 266 266 266 267 267 267 266 266 266 266 266 267 267 267 267 267 267 267 267 266 266 266 266 266 266 267 267 268 268 267 268 268 268 268 268 268 268 268 268 268 268 268 267 267 268 268 268 268 268 268 268 268 268 268 268 268 268 268 268 269 269 269 269 269 269 269 269 269 269 269 269 269 269 270 270 269 270 270 270 270 270 270 270 270 270 270 270 270 270 270 269 270 270 270 270 271 270 271 271 271 271 270 270 270 270 270 270 270 271 271 271 271 271 271 271 271 271 271 271 271 271 271 271 271 271 271 271 271 271 271 272 271 271 271 271 272 272 272 272 272 272 271 271 271 271 271 271 271 271 272 271 272 271 271 271 271 271 271 271 271 271 271 271 271 271 271 271 271 271 272 272 272 272 272 272 272 274 274 274 274 274 274 274 274 273 274 273 273 273 273 273 273 273 273 273 273 273 272 272 273 273 273 272 272 272 272 273 273 272 273 273 273 273 274 274 273 273 273 272 272 272 272 272 272 259 260 260 260 260 260 260 260 259 260 260 260 261 261 261 261 262 262 262 262 263 262 262 262 262 262 263 263 263 263 263 264 264 264 264 264 263 263 263 263 263 263 263 263 263 263 264 263 263 263 263 262 263 264 264 264 263 263 263 263 263 264 264 264 264 263 263 264 264 264 263 263 263 262 263 263 263 263 263 263 263 263 263 264 264 264 265 265 264 264 264 264 265 265 265 265 265 265 265 266 266 266 267 267 266 267 267 267 267 267 266 265 265 265 265 266 267 267 266 266 265 265 265 266 265 265 264 264 265 265 266 266 266 267 268 267 267 266 266 266 267 267 266 266 266 266 267 267 267 267 268 267 267 267 266 267 267 266 266 266 267 267 267 267 267 268 268 267 267 268 267 267 267 268 268 268 268 268 267 267 267 268 268 268 268 268 268 268 268 268 268 268 268 269 269 269 269 269 269 269 269 269 269 269 269 269 269 269 269 269 269 270 270 270 269 269 269 269 270 270 270 270 270 270 270 269 270 270 270 270 270 271 271 271 271 271 270 270 270 270 270 270 270 270 270 270 270 271 271 271 271 271 271 271 271 271 271 271 271 271 271 271 271 271 271 271 271 272 271 271 271 272 272 272 271 271 271 271 272 272 271 271 271 271 271 271 272 272 272 271 271 271 271 271 271 271 271 271 272 272 272 272 272 271 271 271 271 271 272 272 272 274 274 273 273 274 274 273 273 273 274 274 273 273 273 273 273 273 273 273 273 273 272 272 272 273 273 273 273 272 273 273 273 273 273 272 273 273 273 274 274 274 273 273 272 272 272 272 272 259 260 260 260 260 260 261 260 260 259 259 259 260 261 261 261 262 262 262 262 262 262 262 262 262 262 263 263 263 264 264 264 264 264 264 263 263 263 264 264 264 263 263 263 263 263 263 262 263 263 262 263 263 264 264 263 263 264 264 263 263 264 264 264 263 263 263 264 263 263 263 263 263 263 263 263 263 264 263 263 263 263 263 264 264 264 264 264 264 264 264 265 265 265 265 265 266 266 266 265 266 266 266 266 266 267 267 267 266 266 265 265 265 265 265 266 267 267 266 266 265 265 265 265 264 264 264 265 265 265 265 266 267 268 267 266 266 266 266 266 266 266 266 266 266 267 267 267 267 267 267 268 267 267 267 266 266 266 266 267 267 267 267 267 267 267 267 267 267 267 268 268 268 268 268 268 268 268 268 267 267 268 268 268 268 268 268 268 268 269 269 269 269 269 269 269 269 269 269 269 269 269 269 269 269 269 269 269 269 269 270 269 270 269 269 269 269 270 270 270 270 270 270 270 270 270 270 270 270 270 270 271 271 271 270 270 270 270 270 270 270 270 270 270 270 270 271 271 271 271 271 271 271 271 271 271 271 271 271 271 271 271 271 271 271 271 272 272 271 271 271 272 272 271 272 271 271 271 273 272 271 272 271 271 271 271 272 272 272 272 272 272 272 272 272 272 272 273 273 272 272 272 271 271 271 271 271 271 272 272 274 274 273 273 273 273 273 273 273 273 273 273 273 273 273 273 273 273 273 273 273 272 272 272 272 272 272 273 273 273 273 273 274 273 273 273 273 273 273 273 273 274 273 273 273 272 273 273 272 261 259 258 259 260 260 260 260 260 261 261 261 261 260 260 260 260 259 260 261 262 262 262 262 262 262 261 262 262 263 263 263 263 263 263 264 264 264 264 264 263 264 264 264 264 263 264 264 264 263 263 263 264 264 264 263 263 263 264 264 264 264 264 264 264 264 265 265 264 264 264 264 263 263 263 263 264 264 264 264 264 264 263 263 264 264 263 263 263 263 264 264 264 264 264 265 265 265 265 265 266 266 265 265 266 266 266 266 266 267 267 266 266 266 266 266 266 266 266 266 266 267 266 265 265 265 265 265 265 265 265 265 266 265 265 266 267 268 267 267 267 266 266 266 266 266 267 266 266 267 266 267 266 267 267 267 267 267 266 266 266 266 267 267 267 267 267 267 267 267 267 267 267 268 268 268 267 267 268 268 268 268 268 268 268 268 268 268 268 268 268 268 268 268 269 269 269 269 269 269 269 269 269 269 269 269 269 269 269 269 269 269 269 269 269 269 269 269 269 269 270 270 270 270 270 270 270 270 270 270 270 270 270 270 270 270 270 271 270 270 270 270 270 270 270 270 270 271 270 270 270 271 271 271 271 271 271 271 271 271 271 271 271 271 271 271 271 271 271 271 271 272 272 272 271 272 272 272 272 271 271 271 272 272 272 272 272 272 272 272 272 272 273 273 273 273 273 273 273 273 273 273 272 272 273 272 272 271 271 271 272 272 272 272 274 274 273 273 273 273 273 273 273 273 273 273 273 273 273 273 273 273 273 273 273 272 272 272 272 272 272 272 273 273 273 273 273 274 273 273 273 273 273 273 274 274 274 273 274 273 273 274 273 261 261 260 259 259 258 258 259 259 260 260 260 260 260 261 261 261 261 261 261 260 260 260 261 261 262 262 261 262 261 262 262 263 263 263 263 263 263 263 263 263 264 264 264 264 264 264 264 263 264 264 264 264 264 264 264 264 264 264 264 263 264 264 265 265 264 264 264 264 264 265 265 264 264 264 264 264 264 264 264 263 263 263 263 263 263 264 264 263 264 264 264 263 263 264 264 264 264 265 265 265 265 266 265 265 265 265 266 266 266 266 267 267 267 267 267 267 267 267 267 267 266 266 266 267 266 266 266 265 265 265 265 265 265 264 264 265 266 267 267 267 266 266 267 267 267 267 267 267 266 266 266 266 266 267 267 267 267 267 267 267 266 266 267 267 266 266 267 267 267 267 267 267 267 267 267 268 268 268 267 267 267 268 268 268 268 268 268 268 268 268 268 268 268 268 268 268 268 268 268 269 269 269 269 269 269 269 269 269 269 269 269 269 269 269 269 269 269 269 269 269 269 270 270 270 270 270 270 270 270 270 270 270 270 270 270 270 270 270 270 270 270 270 270 270 270 270 270 270 271 271 271 270 270 270 271 271 271 271 271 271 271 271 271 271 271 271 271 271 271 271 271 271 271 272 272 272 272 272 272 272 272 272 272 271 272 272 272 272 273 273 272 272 272 272 272 273 273 273 273 273 273 273 273 273 273 272 272 272 272 272 271 271 272 272 272 272 273 273 273 273 273 273 273 273 273 273 273 273 273 273 273 273 273 273 273 273 272 272 272 272 272 272 273 273 272 273 273 273 273 273 273 273 273 273 273 273 273 273 273 273 274 274 273 274 274 260 260 260 260 261 260 261 261 261 261 261 260 259 259 258 258 258 258 258 259 259 259 259 260 260 261 261 261 261 261 261 260 260 260 260 261 262 261 261 261 262 262 262 262 262 262 262 263 263 263 263 264 264 264 264 263 263 263 263 264 263 263 263 264 264 264 264 264 264 264 264 263 263 264 265 265 265 264 264 264 264 264 264 264 265 264 264 263 263 263 263 263 263 263 264 264 264 263 264 264 265 264 264 264 263 264 264 265 265 265 265 265 265 265 265 265 265 265 265 265 266 267 267 267 268 268 268 268 268 268 267 267 267 267 267 266 266 267 266 265 265 265 265 265 265 265 264 265 266 267 266 266 266 266 266 266 267 267 266 266 266 266 266 266 266 267 267 267 267 267 268 267 268 267 266 266 266 267 267 267 267 267 267 267 267 267 267 268 268 267 267 267 268 268 268 268 268 268 268 268 268 268 268 268 268 268 268 268 268 268 268 268 269 269 269 269 269 269 269 269 269 269 269 269 269 269 269 269 269 269 269 269 270 270 270 270 270 270 270 270 270 270 270 270 270 270 270 270 270 270 270 270 270 270 270 270 270 270 270 270 271 271 270 270 270 270 271 271 271 271 271 271 271 271 271 271 271 271 271 271 271 271 271 271 271 272 272 272 271 272 272 272 272 272 272 271 272 273 273 273 273 273 273 272 272 272 272 272 273 273 273 273 273 273 273 273 273 272 272 273 272 272 271 272 272 272 271 273 274 273 273 273 273 273 273 273 273 273 273 273 273 273 273 273 273 273 273 272 272 272 272 272 272 272 272 273 273 273 273 273 273 273 273 273 273 273 272 273 273 274 273 273 273 273 273 274 260 260 260 260 261 261 260 260 259 259 259 259 258 258 259 259 259 259 260 260 259 259 259 259 259 259 260 260 260 261 261 261 261 261 261 261 260 260 260 261 261 262 262 261 262 262 262 262 262 263 263 263 263 263 264 264 264 264 264 263 263 264 264 264 264 263 263 263 263 263 263 263 263 263 264 263 263 264 265 265 265 265 264 264 264 264 264 265 265 264 264 264 264 263 263 263 264 264 264 264 264 264 264 264 264 264 264 263 263 264 265 265 265 264 265 265 266 266 266 266 266 266 266 266 267 266 267 267 267 268 268 268 268 268 268 268 268 267 266 267 267 266 265 265 265 265 265 265 265 265 264 265 265 265 265 265 265 266 266 267 267 267 267 266 267 267 266 266 267 267 267 267 268 268 268 268 267 267 267 267 267 267 267 268 267 267 267 267 267 267 267 267 267 267 267 268 268 268 268 268 268 268 268 268 268 268 268 268 268 268 268 268 268 268 268 268 268 268 269 269 269 269 269 269 269 269 269 269 269 269 269 269 269 269 269 269 269 269 270 270 270 270 270 270 270 270 270 270 270 270 270 270 270 270 270 270 270 270 270 270 270 270 270 270 271 271 270 270 270 270 271 271 271 271 271 271 271 271 271 271 271 271 271 271 271 271 271 271 271 272 272 272 271 271 272 272 271 271 272 272 272 272 272 272 272 272 272 272 272 272 272 272 272 273 273 272 272 273 273 273 273 273 273 272 272 272 272 272 272 272 274 273 273 273 273 272 272 273 273 273 273 273 273 273 273 273 273 273 273 273 272 272 272 272 273 272 272 272 272 273 272 272 273 273 273 274 274 274 273 273 272 272 273 273 273 273 273 273 273 261 260 260 260 260 261 260 259 259 259 259 259 259 259 260 259 259 259 259 258 258 259 259 259 260 260 261 261 261 260 259 259 258 259 259 259 259 260 260 260 261 261 261 261 261 261 261 261 261 262 262 262 261 261 262 262 262 262 262 263 263 263 263 264 264 264 264 264 264 264 264 264 264 264 264 263 263 263 264 263 263 264 264 264 264 264 264 264 265 265 265 265 265 265 264 264 264 265 264 263 263 263 263 264 264 264 264 263 264 264 264 264 264 264 264 264 264 263 263 264 264 264 264 265 265 265 265 265 266 266 266 267 267 267 266 267 267 267 267 267 267 267 267 267 267 268 267 267 267 267 266 265 265 265 265 265 265 265 265 264 264 264 265 265 266 265 265 266 267 267 267 266 266 266 267 267 266 266 267 267 267 267 267 268 268 268 268 268 267 268 267 268 268 268 267 267 267 267 268 267 267 267 267 267 267 267 268 268 268 267 267 267 268 268 268 268 268 268 268 268 268 268 268 268 268 268 268 268 268 268 268 269 269 269 269 269 269 269 269 269 269 269 269 269 269 269 269 270 270 270 270 270 270 270 270 270 270 270 270 270 270 270 270 270 270 270 270 270 270 270 270 270 270 270 271 271 271 270 270 270 270 271 271 271 271 271 271 271 271 271 271 271 271 271 271 271 271 271 271 271 272 271 271 271 271 271 272 271 271 271 271 271 272 272 272 272 272 272 272 272 272 272 272 272 273 272 272 272 272 273 273 273 272 272 272 271 272 272 272 274 274 274 273 273 272 272 273 273 273 273 273 273 273 273 273 273 272 272 272 272 272 272 272 272 272 273 273 273 272 272 272 272 273 273 273 273 273 273 273 273 272 273 273 273 273 273 273 274 260 260 260 260 261 261 260 259 259 259 259 260 260 260 260 260 259 259 259 258 259 259 259 259 259 260 260 260 259 259 259 259 259 259 260 260 260 259 260 260 261 261 261 261 261 261 261 262 262 262 262 262 261 262 262 262 263 263 263 263 263 263 263 263 263 263 264 264 264 264 264 264 264 264 264 264 264 264 264 265 265 264 264 264 263 264 264 264 264 265 265 265 264 264 263 264 264 264 264 263 263 263 264 264 264 264 263 264 265 265 265 265 264 264 265 264 264 264 264 264 264 264 265 265 266 265 265 265 266 266 266 267 267 266 267 267 267 267 267 267 267 266 266 266 267 268 268 268 267 266 265 265 265 265 265 265 265 265 265 265 264 264 264 265 265 266 266 266 266 266 266 266 267 267 267 267 267 267 267 267 267 267 267 268 268 268 268 268 269 269 269 269 269 268 268 268 268 268 267 267 267 267 267 267 267 268 268 267 267 268 268 268 268 268 268 268 268 268 268 268 268 268 268 268 268 268 268 268 268 268 268 268 269 269 269 269 269 269 269 269 269 269 269 269 269 269 270 269 269 270 270 270 270 270 270 270 270 270 270 270 270 270 270 270 270 270 270 270 270 270 270 270 270 271 271 270 270 270 271 270 270 271 271 271 271 271 271 271 271 271 271 271 271 271 271 271 271 271 271 271 271 271 271 271 271 271 271 271 271 271 272 272 272 272 272 272 272 272 272 272 272 273 272 272 273 272 272 272 272 272 272 273 272 272 272 272 272 272 274 274 274 273 273 273 272 272 273 273 273 273 273 273 272 272 272 272 272 272 272 272 272 272 272 272 272 272 272 272 272 272 272 272 273 273 272 273 273 273 273 273 273 273 273 273 273 273 273 261 260 261 260 261 261 260 260 260 260 260 260 261 261 260 259 259 258 258 259 259 259 259 259 259 260 260 259 259 259 259 259 259 259 259 259 260 260 260 260 260 260 260 261 261 262 262 262 262 262 261 261 261 262 262 262 263 263 263 263 263 263 263 263 263 263 263 264 264 264 264 264 264 264 264 264 264 264 264 265 264 265 264 264 264 265 265 264 265 265 265 264 263 263 263 264 264 263 263 264 264 264 265 264 264 263 264 264 264 264 264 264 264 264 264 265 264 264 264 265 265 265 265 266 266 265 266 266 266 266 267 267 266 266 267 267 267 267 267 266 266 266 266 266 267 267 267 268 267 266 266 266 266 265 265 265 266 265 265 265 264 264 264 265 266 267 266 266 266 266 266 266 267 267 267 267 267 267 267 268 268 268 268 268 268 268 268 269 269 269 269 269 269 269 269 268 268 268 268 268 268 267 267 267 267 268 268 267 268 268 268 268 268 268 268 268 268 268 268 268 268 268 268 268 268 268 268 268 268 268 269 269 269 269 269 269 269 269 269 269 269 269 269 269 269 269 269 269 270 270 270 270 270 270 270 270 270 270 270 270 270 270 270 270 270 270 270 270 270 270 270 270 271 271 270 270 270 271 271 270 270 271 271 271 271 271 271 271 271 271 271 271 271 270 271 271 271 271 271 271 271 271 271 271 271 271 271 271 272 272 272 272 272 272 272 272 272 272 272 272 272 272 272 272 272 272 272 272 272 272 272 272 272 272 272 272 272 274 274 274 274 273 273 273 273 273 272 272 272 272 272 272 272 272 272 272 272 272 272 272 272 272 272 272 272 272 272 272 272 272 272 272 272 272 272 272 273 273 273 273 273 274 273 272 273 273 260 260 260 260 261 261 261 261 260 260 260 260 261 260 260 259 259 258 258 258 259 259 259 259 259 259 259 260 259 259 259 259 259 258 259 259 260 260 260 261 260 260 260 260 261 261 261 262 262 262 262 262 261 261 261 262 262 263 263 263 263 263 263 263 263 263 263 263 263 263 263 264 264 264 264 264 264 265 264 264 264 264 264 264 264 265 265 265 266 266 266 266 265 264 263 263 263 263 263 264 264 264 265 264 264 264 264 264 264 264 264 265 264 264 264 264 265 264 263 264 264 265 265 266 266 266 266 266 266 266 266 266 266 266 266 266 266 267 267 267 267 266 266 266 265 266 266 266 267 267 267 267 267 266 266 266 266 266 265 265 264 264 264 265 266 266 267 267 266 267 267 267 267 267 267 267 267 267 267 267 268 268 268 268 268 268 268 268 269 269 269 269 269 269 269 269 269 269 269 268 268 267 267 267 267 267 267 268 268 268 268 267 267 267 267 268 268 268 268 268 268 268 268 268 268 268 268 268 268 268 268 268 269 269 269 269 268 268 269 269 269 269 269 269 269 269 269 269 269 269 269 269 269 269 269 270 270 270 270 270 270 270 270 270 270 270 269 270 270 270 270 270 270 270 271 270 271 271 271 271 270 270 270 270 271 271 271 271 271 271 271 271 271 271 271 271 271 271 271 271 271 271 271 271 271 271 271 271 271 271 272 271 271 272 272 272 272 272 272 272 272 272 272 272 272 272 272 272 272 272 272 272 272 272 272 272 272 272 274 274 274 274 273 273 273 272 272 272 272 272 272 272 272 272 272 272 272 272 272 272 272 272 272 272 272 272 272 272 272 273 272 272 272 272 272 272 272 272 272 273 272 273 273 272 272 273 273 274 260 260 261 261 261 261 260 260 259 259 260 260 261 260 260 259 259 258 258 259 260 259 259 260 259 259 260 260 260 260 259 259 259 259 259 258 258 258 259 259 260 261 261 260 260 260 260 261 261 261 261 262 262 262 261 261 261 262 262 262 263 263 263 263 263 263 263 263 263 263 263 264 264 264 264 264 264 264 264 264 264 264 264 264 263 264 264 264 264 264 264 265 265 265 264 264 263 263 264 264 263 264 264 265 265 265 265 265 265 265 265 264 263 264 264 264 264 264 264 263 264 264 264 264 264 265 265 266 266 267 267 266 267 267 267 267 266 265 266 267 266 267 267 267 267 267 266 265 265 266 266 266 266 267 267 267 267 267 266 265 265 264 264 264 265 265 265 265 266 267 267 267 267 267 267 267 268 268 268 268 268 268 268 268 269 268 268 268 268 268 269 270 269 269 268 269 269 269 269 269 269 268 268 268 268 268 268 268 267 267 268 268 268 268 268 268 268 268 268 268 268 268 268 268 268 268 268 268 268 268 268 268 268 268 269 269 268 268 268 268 269 269 269 269 269 269 269 269 269 269 269 269 269 269 270 269 269 269 270 270 270 270 270 270 270 270 270 270 269 270 270 270 270 270 270 270 271 270 271 271 271 270 270 270 270 270 270 270 271 271 271 271 271 271 271 271 271 271 271 271 271 271 271 271 271 271 271 271 271 271 271 271 271 271 271 271 272 272 272 272 272 272 272 272 272 271 272 271 271 272 272 272 272 272 272 272 272 271 271 271 273 274 273 273 273 273 273 272 272 272 271 272 272 272 272 272 272 272 272 272 272 272 272 272 272 272 272 272 272 272 272 272 272 272 272 272 272 272 272 272 272 272 272 272 272 272 272 272 273 273 260 260 260 260 260 260 261 260 259 259 259 259 259 260 260 259 259 258 258 259 260 260 259 259 260 260 259 259 260 260 260 260 259 260 259 259 258 258 258 258 259 259 259 260 259 260 260 260 260 260 260 261 261 261 262 262 262 262 261 262 262 262 262 263 263 263 263 263 263 264 264 264 264 264 264 264 264 264 264 264 264 264 265 265 265 264 264 264 265 265 265 264 264 264 264 264 263 264 264 264 264 264 264 264 265 264 264 264 264 264 263 264 263 263 263 263 263 264 263 264 264 264 264 264 264 264 264 264 265 266 266 266 266 267 267 267 267 266 265 265 265 265 266 267 266 265 266 266 266 265 266 266 265 265 266 267 267 267 267 266 265 265 264 264 264 264 265 266 266 266 266 267 268 268 267 267 267 268 268 267 268 268 269 269 269 269 268 268 268 268 268 269 269 269 269 268 268 269 269 269 269 269 269 269 269 269 268 268 268 267 268 268 268 268 268 268 268 268 268 267 268 268 268 268 268 268 268 268 268 268 268 268 268 268 268 268 268 268 268 268 268 269 269 269 269 269 269 269 269 269 269 269 269 269 269 270 270 270 269 270 270 270 270 270 270 270 270 270 270 269 270 270 270 270 270 270 270 271 271 270 271 270 270 270 270 270 270 270 270 270 271 271 271 271 271 271 271 271 271 271 271 271 271 271 271 271 271 271 271 271 271 271 271 271 271 271 271 271 271 272 271 272 272 271 271 271 271 271 271 272 272 272 272 271 271 271 271 271 271 271 271 273 273 273 273 273 273 273 272 272 272 272 272 272 271 272 272 272 272 272 271 272 272 272 272 271 271 271 271 272 272 272 272 272 272 271 271 271 271 271 271 272 272 272 272 272 272 272 272 272 273 261 261 261 261 261 260 259 260 260 260 260 259 259 259 259 259 258 258 258 258 259 260 260 259 259 260 260 260 260 260 261 261 260 260 260 259 259 259 259 259 258 258 259 259 259 260 261 261 261 261 261 260 260 260 261 261 261 261 261 261 261 262 262 263 263 263 263 263 263 263 263 263 264 264 264 264 263 264 263 263 264 264 264 264 265 265 265 264 265 265 265 265 265 265 265 264 264 264 264 264 264 264 264 264 265 265 264 264 264 264 264 264 263 264 264 264 264 264 264 264 264 264 265 265 265 264 264 264 265 266 266 266 265 266 266 266 266 266 266 266 266 265 265 265 266 266 265 264 265 264 264 265 265 265 265 266 266 266 266 267 267 266 266 265 264 264 264 265 266 266 266 267 268 268 267 266 266 267 268 267 267 267 268 268 268 269 269 268 268 268 267 267 268 269 268 269 269 268 269 269 269 269 269 269 269 269 268 269 269 268 268 268 268 268 269 268 268 268 268 268 268 268 268 268 268 268 268 268 268 268 268 268 268 268 268 268 268 268 268 268 268 268 269 269 269 269 269 269 269 269 269 269 269 269 269 269 269 270 270 270 270 270 270 270 270 270 270 270 270 270 269 270 270 270 270 270 270 270 270 271 270 270 270 270 270 270 270 271 270 270 270 270 270 271 271 271 271 271 271 271 271 271 271 271 271 271 271 271 271 271 271 271 271 271 271 271 271 271 271 271 271 271 271 272 271 271 272 272 272 272 272 272 271 271 271 271 271 271 271 271 271 271 273 273 273 273 273 273 272 272 272 272 272 272 272 271 272 272 272 272 272 271 271 272 272 272 271 271 272 271 272 272 271 271 271 271 271 272 272 272 272 272 272 272 272 272 272 272 272 272 272 272 273 261 260 260 261 261 260 259 259 260 260 259 259 260 259 258 258 258 257 258 258 259 259 259 259 259 259 259 260 260 261 261 261 261 261 261 261 260 260 260 259 259 259 259 258 259 259 260 260 260 261 261 261 261 260 260 260 260 260 261 261 261 261 261 262 262 262 263 262 262 262 262 262 263 263 263 263 262 262 263 263 263 263 263 264 264 264 264 265 265 265 265 265 265 265 265 265 264 264 263 264 264 264 264 264 264 265 264 264 264 263 263 264 263 263 264 264 264 264 264 264 263 264 264 265 265 265 265 265 265 265 266 266 266 266 265 266 266 267 267 267 266 266 266 265 265 265 265 265 265 266 265 265 264 264 264 265 265 266 266 266 266 266 266 266 265 265 264 265 265 266 266 266 267 267 267 267 266 266 267 267 266 266 267 267 267 268 268 268 268 267 268 267 267 268 268 268 268 269 268 269 269 269 269 269 269 269 268 268 269 269 269 268 268 268 268 268 269 268 268 268 268 268 268 268 268 268 268 268 268 268 268 268 268 268 268 268 268 268 268 268 268 268 268 269 269 269 269 269 269 269 269 269 269 269 269 269 269 269 269 269 270 270 270 270 270 270 270 270 270 270 270 269 270 270 270 270 270 270 270 270 270 270 270 270 270 270 270 270 271 271 270 270 270 270 270 271 271 271 271 271 271 271 271 271 271 271 271 271 271 271 271 271 271 271 271 271 271 271 271 271 271 271 271 271 271 271 271 271 271 271 271 271 271 271 271 271 271 271 271 271 271 271 271 273 273 273 273 272 273 272 272 272 271 272 272 273 272 272 272 272 272 272 272 271 271 272 272 272 271 271 271 271 272 272 272 272 271 271 272 272 272 272 272 272 273 272 273 272 272 272 272 272 272 272 260 259 260 260 261 260 259 259 259 260 259 258 259 258 258 258 258 258 259 259 260 259 259 258 258 259 258 259 259 260 260 260 260 260 261 261 261 261 261 260 260 259 259 258 258 258 259 259 259 260 260 261 261 261 261 261 261 261 261 261 261 262 262 262 262 262 262 262 262 262 262 262 263 263 263 263 262 263 263 263 263 263 264 264 264 264 264 265 264 264 264 265 265 265 265 265 265 264 264 264 263 264 263 264 264 265 265 265 265 264 264 263 264 264 264 264 265 264 264 264 264 264 264 265 265 265 266 266 266 266 266 265 265 266 265 266 266 266 266 266 266 266 265 265 265 265 265 266 265 266 266 265 265 265 264 265 265 266 266 266 266 265 265 265 265 265 264 265 265 266 266 266 266 266 266 266 266 266 267 266 266 266 266 267 267 267 267 268 268 268 268 267 267 268 268 268 268 268 268 268 268 268 269 269 268 269 269 268 268 268 269 268 268 269 268 268 268 268 268 268 268 268 268 268 268 268 268 268 268 268 268 268 268 268 268 268 268 268 268 268 268 268 268 269 269 269 269 269 269 269 269 269 269 269 269 269 269 269 269 269 269 269 269 269 270 270 270 270 270 270 269 269 270 270 270 270 270 270 270 270 270 270 270 270 270 270 270 270 270 270 270 271 270 270 270 270 271 271 271 271 271 271 271 270 271 271 271 271 270 270 271 271 271 271 271 271 271 271 271 271 271 271 271 271 271 271 270 271 271 271 271 271 271 271 271 271 271 271 270 271 271 271 271 272 273 273 272 272 272 272 272 271 272 272 272 273 272 272 272 272 272 272 272 272 271 272 272 272 272 271 271 270 271 271 272 272 272 271 271 271 272 272 272 272 272 272 273 272 272 272 272 272 272 272 273 259 259 259 260 260 260 260 259 259 259 259 259 258 258 258 258 259 259 260 260 260 260 259 258 259 259 259 258 259 260 259 259 260 260 260 260 261 261 261 260 259 259 259 259 259 258 258 258 258 259 259 260 260 261 261 261 262 262 262 262 262 262 262 263 263 263 262 262 262 263 263 262 263 263 263 263 263 263 263 263 264 263 263 264 264 264 264 264 265 264 264 265 265 265 265 265 265 265 265 264 264 264 264 264 264 264 265 265 264 264 263 264 264 265 265 265 264 264 264 264 264 264 264 264 264 265 266 266 266 266 266 265 266 265 265 265 265 266 266 266 265 265 265 265 265 266 266 265 266 266 266 266 265 264 264 264 265 265 265 266 266 266 266 265 265 265 264 265 265 265 265 265 265 266 266 266 266 266 266 266 266 267 267 267 267 268 268 268 269 268 267 268 268 268 268 268 268 268 268 268 268 268 268 268 268 268 269 268 268 268 268 268 268 268 268 268 268 268 268 268 268 268 268 268 268 268 268 268 268 268 268 268 268 268 268 268 268 268 268 268 268 268 268 269 269 269 269 269 269 269 269 269 269 269 269 269 269 269 269 269 269 269 269 269 269 269 270 269 269 269 269 269 269 270 270 270 270 270 270 270 270 270 270 270 270 270 270 270 270 270 270 271 270 270 270 270 270 270 271 271 271 271 271 270 270 271 270 270 270 271 271 271 271 271 271 271 271 271 271 271 271 271 271 271 271 271 270 270 271 271 271 271 271 271 271 271 271 271 271 271 271 271 271 272 272 272 272 272 272 272 272 272 272 272 272 272 272 272 272 272 272 272 272 272 271 272 272 272 272 271 271 270 271 271 271 272 271 272 271 271 272 272 272 272 272 272 272 272 272 271 272 272 272 272 273 273 260 260 259 259 259 259 259 259 259 259 259 258 258 259 259 259 260 260 260 260 260 261 259 259 260 260 260 259 258 259 259 260 260 261 261 261 261 261 262 261 260 260 259 259 259 259 259 259 258 258 258 259 260 261 261 261 261 262 263 262 262 263 263 263 263 263 263 263 263 263 263 263 263 263 263 264 264 263 263 263 263 264 263 263 264 264 264 264 264 264 265 265 265 265 265 265 265 265 265 265 265 264 264 264 264 264 264 265 264 264 264 263 264 264 265 265 264 264 264 265 264 264 264 265 265 265 265 266 266 266 266 266 267 267 266 266 266 266 265 265 265 265 265 265 265 266 266 266 266 267 267 266 265 265 265 264 264 264 265 265 266 267 266 265 265 264 264 265 265 265 265 266 266 266 267 266 266 266 266 266 266 266 267 267 268 268 268 268 269 269 268 268 268 268 268 269 269 269 269 268 268 268 268 268 268 268 269 268 268 268 268 268 268 268 268 268 268 268 268 268 268 268 268 268 268 268 268 268 268 268 268 268 268 268 268 268 268 268 268 268 268 268 268 269 269 269 268 268 269 269 269 269 269 269 269 269 269 269 269 269 269 269 269 269 269 269 269 269 269 269 269 269 269 269 270 270 270 270 270 270 270 270 270 270 270 270 270 270 270 270 270 270 270 270 270 270 270 270 270 270 271 271 271 271 270 270 270 270 271 271 271 271 271 271 271 271 271 270 270 270 271 271 271 271 270 271 270 270 270 270 271 271 271 271 271 271 271 271 271 271 270 270 270 272 272 272 271 272 271 271 272 272 272 272 272 272 272 272 272 273 273 273 272 272 272 272 272 272 272 271 271 271 270 271 271 271 271 271 271 271 271 271 272 272 272 272 271 271 271 271 272 272 271 271 272 273 261 261 260 259 259 258 258 258 258 258 258 259 258 259 259 259 260 260 260 260 259 259 259 259 260 261 261 260 260 258 259 260 261 260 260 261 261 262 262 262 261 261 261 260 259 259 260 260 259 259 258 259 259 260 260 261 261 261 261 261 261 262 262 263 263 263 263 263 263 263 263 263 263 263 263 264 264 263 263 263 263 263 264 264 264 264 265 264 264 264 264 264 265 265 265 265 265 265 265 265 265 264 263 263 264 264 264 264 264 264 263 264 264 264 265 265 264 264 265 265 264 264 264 265 265 265 265 266 266 266 267 266 266 266 266 266 266 266 265 265 265 265 265 265 266 266 267 267 267 268 267 266 266 266 265 265 265 264 265 266 266 266 266 265 264 264 264 264 265 265 266 266 267 267 266 265 265 266 266 266 267 267 267 267 268 269 269 269 270 270 270 269 268 268 269 269 269 268 268 268 268 268 268 267 268 268 268 268 268 268 268 268 268 268 268 268 268 268 268 268 268 268 268 268 268 268 268 268 268 268 268 268 268 268 268 268 268 268 268 268 268 268 268 268 268 268 268 268 269 269 269 269 269 269 269 269 269 269 269 269 269 269 269 269 269 269 269 269 269 269 269 269 269 269 270 270 270 270 270 270 270 270 270 270 270 270 270 270 270 270 270 270 270 270 270 270 270 270 270 270 270 271 271 271 271 270 270 270 271 271 271 271 271 271 271 271 270 270 271 271 271 271 271 270 270 270 270 270 270 270 270 270 271 271 271 271 271 270 270 270 270 270 270 272 272 271 272 272 272 272 272 272 272 272 272 272 273 273 273 273 273 273 272 272 272 272 272 272 272 271 271 271 271 270 271 271 271 271 271 271 271 271 271 271 271 271 271 271 271 272 272 271 271 272 272 272 273 261 260 259 259 259 258 258 258 258 259 259 259 259 259 259 260 260 260 260 259 260 259 259 260 261 261 261 260 259 260 260 260 260 260 261 261 261 261 261 261 261 261 260 260 259 260 260 259 259 258 259 259 259 260 260 260 260 261 261 261 261 261 262 262 263 263 263 263 264 263 263 263 263 264 264 264 264 264 263 263 263 264 264 264 264 264 265 265 265 265 264 265 264 265 265 265 265 265 265 264 264 264 263 264 264 264 264 264 264 263 264 264 264 265 265 265 265 265 264 264 264 265 265 266 266 266 266 266 266 266 266 265 265 266 266 266 265 266 266 266 266 266 266 266 267 267 268 268 268 267 267 266 266 265 265 265 264 265 265 265 265 265 264 264 264 264 265 265 265 265 265 265 265 265 265 266 266 266 267 267 267 267 268 268 269 269 270 270 269 269 268 268 269 269 269 269 269 268 268 268 268 268 267 268 268 268 268 268 268 268 268 268 268 267 268 268 268 268 268 268 268 268 268 268 268 268 268 268 268 268 268 268 268 268 268 268 268 268 268 268 268 268 268 268 268 268 269 269 268 269 269 269 269 268 269 269 269 269 269 269 269 269 269 269 269 270 270 269 269 269 269 269 270 270 270 270 270 270 270 270 270 270 270 270 270 270 270 270 270 270 270 270 270 271 270 270 270 270 270 270 271 271 271 270 270 270 271 270 270 271 271 271 271 270 270 270 270 271 270 270 270 270 270 270 270 270 270 270 270 270 271 270 270 270 270 270 270 270 270 270 270 272 271 272 272 272 272 272 272 272 272 272 272 272 272 272 272 273 273 273 273 272 272 272 273 272 272 272 271 270 271 271 270 270 270 270 270 271 271 271 271 271 271 272 272 272 271 271 271 271 271 271 272 272 273 260 259 259 259 259 258 258 258 258 258 259 259 260 260 260 260 259 259 260 259 259 259 260 261 261 260 260 260 260 261 261 260 261 261 261 260 260 260 260 261 261 260 259 259 259 259 258 259 259 259 259 260 260 260 261 260 261 261 261 261 261 261 262 262 262 263 263 263 263 263 264 264 264 264 264 264 263 263 263 264 264 264 264 265 265 265 265 265 265 265 265 265 265 265 265 265 265 264 264 263 264 264 264 264 264 265 264 263 263 264 264 265 265 264 264 264 264 264 264 264 265 266 266 267 266 266 266 265 265 266 267 267 266 265 266 267 267 267 267 267 266 266 267 267 268 267 267 266 266 265 265 265 264 265 265 265 265 265 265 265 264 264 264 264 264 264 264 264 264 264 265 265 266 266 267 267 267 268 268 268 268 268 268 269 269 269 269 269 268 269 269 269 269 269 269 268 268 268 268 268 267 267 267 268 268 268 268 268 268 268 268 268 267 267 268 268 268 268 268 268 268 268 268 268 268 268 268 268 268 268 268 268 268 268 268 268 268 268 268 268 268 268 268 268 268 269 268 269 269 269 269 269 269 269 269 269 270 269 269 269 269 269 269 270 270 270 269 269 269 269 270 270 270 270 270 270 270 270 270 270 270 270 270 270 270 270 270 270 270 270 270 270 270 270 270 270 270 270 270 271 271 270 270 270 270 270 270 271 271 271 270 270 270 271 271 270 270 270 270 269 269 269 270 270 270 270 270 270 270 270 270 270 271 271 271 271 271 271 270 272 272 271 271 271 271 271 272 272 272 272 272 272 272 272 272 272 273 273 273 272 272 272 272 272 272 272 271 271 271 271 270 271 270 270 270 270 271 271 271 271 271 271 271 271 271 271 271 271 271 271 271 272 272 273 273 274 273 260 259 259 258 258 259 258 258 259 260 260 260 259 260 260 259 259 259 260 261 261 261 261 261 260 260 260 261 261 261 261 261 261 260 259 260 260 260 261 260 259 259 259 258 259 260 260 261 260 261 261 261 261 261 261 261 261 261 261 261 261 262 263 263 263 263 263 263 263 263 264 264 264 263 263 263 263 263 264 264 264 264 265 265 265 265 265 265 265 265 266 265 265 265 265 265 264 263 264 264 264 264 264 264 264 263 263 264 264 265 265 264 264 264 264 265 265 265 265 266 267 267 266 266 265 266 265 266 267 266 265 265 266 267 267 267 268 267 267 267 267 267 267 267 267 267 266 265 265 265 265 266 266 265 265 264 264 264 264 265 264 265 265 265 265 265 265 265 265 265 266 266 266 267 267 267 268 268 268 268 269 269 270 269 269 269 269 270 269 269 269 269 269 269 269 268 268 268 268 268 268 268 267 267 268 268 268 268 268 268 268 268 268 268 268 268 268 268 268 268 268 268 268 268 268 268 268 268 268 268 268 268 268 268 268 268 268 268 268 268 268 268 268 269 268 269 269 269 269 269 268 269 269 270 270 269 269 270 270 269 269 269 270 270 270 269 269 269 270 270 269 270 270 270 270 270 270 270 270 270 270 270 270 270 270 270 270 270 270 270 270 270 270 270 270 270 270 270 271 270 270 270 270 270 270 271 271 270 270 270 270 270 270 270 270 270 269 269 270 270 270 270 270 270 270 270 270 270 270 270 270 270 270 270 270 270 270 271 271 271 271 271 271 271 271 272 272 272 272 272 272 272 272 272 273 273 272 272 272 272 272 272 272 272 272 271 271 271 271 271 271 271 271 270 270 270 271 271 271 270 270 271 271 271 272 272 272 271 271 271 272 272 273 272 272 272 272 260 260 259 260 259 259 259 259 259 259 259 259 259 259 259 259 260 261 261 261 262 261 261 260 260 260 260 261 261 261 261 260 260 260 259 260 260 260 260 259 258 258 259 259 260 260 261 262 262 261 261 262 262 262 261 262 262 262 262 262 262 263 263 263 263 263 263 263 264 264 264 264 264 264 264 263 263 264 264 264 264 265 265 265 265 265 265 266 266 266 266 266 266 266 265 264 265 265 265 265 264 265 265 264 263 263 264 265 264 264 264 264 264 264 265 266 265 266 267 267 266 266 266 266 266 266 266 266 265 265 266 266 266 266 267 267 267 267 267 267 267 267 267 267 266 265 265 266 266 266 265 265 265 265 265 265 265 265 264 265 266 266 266 265 265 264 265 265 265 266 266 267 267 267 267 267 267 268 268 268 269 268 268 269 269 270 270 269 269 269 270 269 269 268 268 268 268 268 268 268 268 267 267 268 268 268 268 268 268 268 267 267 267 268 268 268 268 268 268 268 268 268 268 268 268 268 268 268 268 268 268 268 267 267 268 268 268 268 268 268 268 268 268 269 269 269 269 269 268 269 269 270 270 270 270 270 269 269 269 269 269 269 269 269 269 270 270 270 269 270 270 269 269 269 270 270 270 270 270 270 270 270 270 270 270 270 270 270 270 270 270 270 270 270 270 270 270 270 270 270 270 270 270 270 270 270 270 270 270 270 270 271 271 271 271 270 271 271 271 270 270 270 270 270 270 270 270 270 270 270 270 270 270 270 270 271 271 271 271 271 271 272 272 272 272 272 272 272 272 272 272 272 272 273 272 272 272 272 272 272 272 272 272 272 272 271 271 271 271 271 271 270 270 270 270 270 270 270 270 271 271 271 271 271 271 271 271 271 271 271 271 271 271 271 271 272 260 259 259 259 259 259 259 260 260 260 260 260 261 261 261 262 262 261 261 261 261 261 261 261 261 260 260 261 260 259 259 260 260 260 259 259 259 259 259 259 260 260 260 261 261 261 262 263 262 262 262 262 262 262 262 263 263 263 263 263 263 263 263 264 264 264 264 264 264 264 264 263 264 264 264 264 265 265 265 265 265 265 265 266 266 266 266 266 266 266 266 266 265 265 265 265 265 265 264 263 264 264 265 264 264 264 265 264 265 265 266 266 266 267 266 266 267 267 267 266 266 267 266 266 265 265 266 266 266 266 267 267 267 267 267 267 268 268 268 267 265 266 266 266 265 265 265 266 266 265 265 265 265 265 265 265 265 265 265 264 265 265 265 266 267 267 267 267 266 267 267 266 267 267 268 268 268 267 268 268 269 270 269 269 269 270 270 270 270 269 268 268 267 268 268 267 267 267 267 268 268 268 268 268 268 268 267 267 267 268 268 268 268 268 267 267 267 268 268 268 268 268 268 268 268 267 267 267 267 267 268 268 268 268 268 268 269 268 269 269 269 270 269 268 268 269 269 269 270 271 270 270 270 269 269 269 269 269 269 269 270 270 270 269 269 269 269 269 270 270 270 270 270 270 270 270 270 270 269 269 269 270 270 270 270 270 270 270 270 270 270 270 270 270 270 270 270 270 270 270 270 270 270 270 270 270 271 271 271 271 271 271 271 271 271 271 271 270 270 270 270 269 269 269 270 270 270 269 270 270 271 271 271 271 271 272 272 272 272 272 272 272 272 272 272 272 272 272 272 272 272 272 272 272 272 272 272 272 272 272 272 272 272 272 271 271 271 270 270 270 270 270 270 271 271 271 270 270 271 271 271 271 271 271 271 271 270 270 271 272 272 260 260 260 259 259 259 260 260 260 260 261 261 261 261 262 262 262 262 262 261 262 262 262 261 261 261 261 260 260 259 259 259 259 259 259 259 259 260 260 260 260 260 260 261 262 262 262 262 262 263 263 263 263 263 263 263 263 263 263 263 263 263 264 264 264 264 264 264 264 264 263 264 264 264 265 265 265 265 265 265 265 266 266 266 265 266 266 266 266 266 266 265 264 265 265 264 264 264 264 265 265 265 264 264 265 265 264 265 265 266 266 267 267 267 267 267 267 267 267 267 267 266 266 265 265 266 266 266 266 267 267 267 267 267 267 267 267 267 266 266 266 266 266 265 266 266 266 266 265 265 265 265 265 265 265 265 264 264 265 265 265 265 266 266 266 266 267 266 266 266 266 267 268 268 267 268 267 268 268 269 269 269 269 270 270 270 270 270 269 268 268 268 268 268 268 268 268 267 268 268 268 268 267 268 268 268 268 267 267 267 267 268 267 267 267 267 268 268 268 268 268 268 268 267 267 267 267 267 268 268 268 268 268 268 268 269 269 268 269 269 270 269 269 268 268 269 269 270 270 270 270 270 270 270 269 269 269 269 269 270 270 269 269 269 269 269 269 270 270 270 270 270 270 270 270 269 269 269 269 269 269 270 270 270 270 270 270 270 270 270 270 270 270 270 270 270 270 270 270 270 270 270 270 270 270 270 270 270 270 270 270 271 270 271 271 271 270 270 270 270 270 270 270 270 270 270 270 270 270 272 272 271 271 271 271 271 271 271 271 272 272 272 272 272 272 272 272 272 272 272 272 272 272 272 272 272 272 272 272 272 272 272 272 272 271 271 270 270 270 270 270 271 270 270 270 270 270 271 271 271 271 270 271 271 270 270 271 271 271 272 272 272 273 274 274 260 261 260 260 260 260 260 260 261 261 261 261 261 262 262 262 262 262 262 262 262 262 262 262 262 261 261 260 259 259 259 259 259 259 259 260 260 260 260 260 261 261 261 262 262 261 261 261 262 263 263 263 263 263 263 263 263 263 263 263 263 263 264 264 264 264 264 264 264 263 264 264 265 265 265 265 265 265 265 265 266 266 266 265 265 266 266 266 266 266 265 265 264 265 265 264 264 265 266 266 265 264 264 265 265 264 265 265 266 267 267 267 267 267 268 268 267 267 267 266 267 266 265 265 266 266 266 266 266 267 267 267 267 267 267 267 267 267 267 266 266 266 266 266 266 266 266 266 265 265 265 265 265 265 265 265 265 265 265 266 266 266 266 266 267 267 266 266 266 266 267 268 268 267 267 267 268 268 269 269 269 269 270 269 269 270 270 269 268 268 268 268 268 268 268 268 267 267 268 268 268 268 268 268 268 268 268 268 268 268 268 267 268 268 268 268 268 268 268 268 267 267 267 267 267 267 267 267 268 268 268 268 268 269 268 269 269 268 269 269 269 269 269 268 269 269 269 270 271 271 271 271 270 270 269 269 269 269 269 269 269 269 269 269 269 269 269 270 270 270 270 269 269 269 269 269 269 269 269 269 269 270 269 270 270 270 270 270 270 270 270 270 270 270 270 270 270 270 270 270 270 270 270 270 270 271 271 271 271 271 271 271 271 271 271 270 271 270 270 270 269 269 270 270 270 270 270 270 272 272 271 271 271 271 271 271 271 272 272 272 271 271 271 271 271 271 272 272 272 272 271 272 272 272 272 272 271 271 272 272 272 271 271 271 271 270 270 270 270 270 270 270 270 271 271 271 271 271 271 270 270 270 270 270 271 271 271 271 271 271 271 272 272 272 272 273 273 261 260 261 261 261 261 261 261 261 261 262 262 262 262 262 262 262 262 262 262 262 262 262 261 261 260 259 259 259 259 258 259 260 260 260 260 260 260 261 261 262 261 261 261 261 262 262 263 264 264 264 264 264 264 264 263 263 263 263 263 263 263 264 264 264 264 264 264 264 264 265 265 265 265 266 266 266 266 266 266 265 266 266 266 266 266 266 266 265 264 264 265 264 264 265 266 266 265 265 264 265 266 265 265 265 265 266 267 267 267 267 267 267 267 267 266 266 266 266 266 266 265 266 267 267 267 267 267 267 267 267 267 267 267 267 267 266 266 266 266 266 266 266 265 265 265 265 265 266 266 266 265 265 265 265 265 265 265 265 266 266 266 267 266 266 266 267 268 268 268 267 268 268 267 268 268 268 269 269 269 269 270 270 269 269 269 268 268 268 268 268 267 267 267 267 268 268 268 268 268 268 268 268 268 268 268 268 268 267 268 268 268 268 267 267 267 267 268 267 267 267 268 268 268 267 268 268 268 268 268 268 268 269 269 268 269 269 270 269 269 269 269 269 269 270 271 271 270 270 269 269 269 269 269 269 269 269 269 270 269 269 269 269 270 270 270 269 269 269 270 269 269 269 269 270 269 269 269 269 269 269 269 270 269 269 269 270 270 270 270 270 270 270 270 270 270 270 270 270 271 271 271 271 271 271 271 271 271 271 271 271 271 271 271 270 270 270 270 269 269 270 270 270 270 270 271 271 271 271 271 271 271 271 271 271 271 271 271 271 271 271 271 271 272 272 272 272 271 272 272 272 271 271 271 271 271 271 271 271 271 271 271 271 270 270 270 269 270 269 270 270 270 270 271 270 271 270 270 270 271 271 270 270 271 271 271 271 271 271 271 271 271 272 272 273 261 261 261 261 261 261 261 262 262 261 261 262 262 262 262 262 262 262 262 261 261 261 261 260 260 260 259 259 258 258 259 260 260 260 260 260 260 261 261 261 261 261 261 262 263 263 264 264 264 264 264 264 264 264 264 264 263 263 263 263 263 263 264 264 264 264 264 264 264 265 265 265 265 265 265 265 266 266 265 266 266 266 266 266 266 265 265 265 265 265 264 264 265 265 265 266 265 264 265 266 265 265 265 266 266 266 266 267 267 267 266 267 266 266 267 267 266 267 267 265 266 266 268 267 267 267 267 267 267 267 267 267 267 266 266 265 266 266 266 266 266 265 265 265 265 265 265 265 265 265 265 265 265 265 265 265 265 265 265 265 265 266 266 267 267 268 268 268 267 268 268 268 268 268 268 268 269 269 269 269 269 269 268 268 268 267 268 268 268 268 268 268 267 267 268 268 268 268 268 268 267 268 267 267 267 267 267 268 268 268 268 267 267 268 268 268 268 268 268 268 268 268 268 268 268 268 268 268 268 269 269 269 269 269 270 270 270 270 269 269 269 270 271 271 270 270 270 270 269 270 270 270 269 269 269 269 269 269 269 269 269 269 269 269 269 269 270 270 270 270 270 270 270 269 270 270 270 269 270 270 270 269 270 269 269 270 270 270 270 270 270 270 270 270 270 270 270 270 271 271 270 271 271 271 271 271 271 271 271 271 271 271 270 270 270 270 270 269 270 270 270 270 269 271 271 271 271 271 271 271 271 271 271 271 271 271 271 271 271 272 272 272 272 272 272 271 272 272 271 271 271 272 272 271 271 271 271 271 271 270 271 270 270 270 270 270 269 269 269 269 270 270 270 270 270 270 270 271 271 271 271 271 270 270 270 271 271 271 271 272 273 273 274 261 261 261 261 261 261 261 261 261 261 261 262 262 262 262 262 262 261 261 261 260 260 260 260 260 259 259 258 259 259 259 259 259 259 260 261 261 261 261 261 261 261 262 263 264 264 264 264 264 264 264 264 264 264 264 264 264 263 263 263 264 264 264 264 264 265 265 265 265 265 265 265 265 265 265 266 266 266 266 266 266 266 266 266 265 265 265 265 264 265 265 265 266 265 264 265 265 266 266 265 265 265 266 266 266 266 267 267 267 266 266 267 268 267 266 267 267 266 266 267 267 267 267 267 267 267 267 267 267 267 267 266 265 265 265 265 266 266 266 266 266 266 265 265 264 264 265 264 264 265 265 265 265 265 265 265 266 266 266 265 266 266 267 267 267 266 267 267 268 268 268 268 269 269 269 269 269 269 270 269 269 269 268 268 268 268 268 268 268 267 267 267 267 268 268 268 269 268 268 267 267 267 267 267 267 268 268 267 267 267 267 267 267 267 268 268 268 268 268 268 267 268 268 268 269 269 269 269 269 269 270 270 270 270 270 270 270 270 270 270 271 271 271 271 271 270 270 270 271 270 270 270 270 270 270 270 269 269 269 269 269 269 270 270 270 270 271 270 270 270 270 270 270 270 270 270 270 270 270 270 270 269 269 269 270 270 270 270 270 270 270 270 270 270 270 270 270 270 270 270 271 271 270 270 270 271 270 270 271 271 270 270 270 270 270 270 269 270 269 269 269 271 271 271 271 271 270 270 271 270 270 270 270 271 271 271 271 271 272 272 272 272 271 271 271 271 271 271 271 271 271 271 271 271 271 271 270 270 270 270 270 269 270 270 270 269 269 269 269 269 269 270 270 270 270 270 270 270 270 270 271 272 271 271 271 271 272 273 273 273 273 274 261 261 262 261 262 262 261 261 262 262 262 262 261 260 260 260 259 260 261 260 260 259 259 258 259 259 259 259 260 260 260 261 260 260 261 262 262 263 263 264 263 264 264 264 264 264 264 264 264 264 264 264 264 264 264 264 264 264 264 265 265 265 265 265 265 265 265 265 266 266 266 266 266 266 266 266 266 266 266 265 265 265 264 265 265 265 266 266 265 264 265 265 265 266 265 265 266 266 267 266 266 266 266 267 267 266 267 267 266 267 267 267 267 266 267 267 267 267 267 267 267 267 267 267 267 267 266 266 265 265 265 265 266 266 266 266 266 265 264 264 264 264 264 264 265 265 265 265 265 266 266 267 267 266 266 265 266 266 266 266 266 267 267 268 268 269 269 269 269 269 270 269 269 269 270 270 269 268 268 268 267 267 267 268 268 268 268 267 267 267 268 268 268 268 268 267 267 267 267 267 268 268 268 268 267 267 267 267 267 267 268 268 268 268 268 268 268 268 268 269 269 269 269 269 269 270 269 269 270 270 270 270 270 270 271 270 270 270 271 271 271 271 271 271 271 270 270 270 269 269 269 269 269 269 269 269 270 269 270 270 270 271 271 270 270 270 270 270 270 270 270 270 270 270 270 270 269 269 269 270 270 270 270 270 270 270 270 270 270 270 270 270 270 270 270 270 270 270 270 270 270 270 270 270 271 271 270 270 270 270 270 270 270 270 269 270 272 271 271 271 271 271 271 270 270 270 270 270 270 270 270 271 271 271 271 272 271 271 271 271 271 271 271 271 271 271 271 271 271 271 271 270 270 270 270 269 269 269 270 270 269 270 270 269 269 269 269 270 270 270 270 270 270 271 270 270 271 271 271 271 271 273 273 272 271 272 273 273 274 273 273 273 272 273 273 261 262 262 261 262 262 262 262 262 262 262 261 261 260 259 259 259 259 260 260 260 259 259 259 260 260 259 259 259 260 260 260 260 261 262 263 263 263 264 264 263 263 263 264 264 264 264 264 264 264 264 265 265 264 264 264 264 264 264 264 265 265 265 265 265 266 266 266 266 266 266 266 266 266 266 266 266 266 266 266 266 265 264 264 265 265 265 266 265 265 265 265 266 266 266 266 266 267 267 266 266 266 266 267 266 267 267 267 266 267 268 267 267 266 266 266 266 267 267 267 267 267 267 267 267 266 266 266 265 265 265 265 265 266 265 266 266 265 265 265 264 264 264 264 265 265 265 265 266 266 267 267 267 266 266 266 266 266 267 267 267 267 267 268 268 269 270 269 269 270 270 269 269 269 269 270 269 268 268 267 268 268 268 268 268 268 268 267 267 268 267 267 268 268 268 268 267 267 267 267 268 268 268 267 267 267 267 267 267 267 268 268 268 269 269 268 269 269 269 269 270 269 269 269 269 270 269 269 270 270 269 269 270 271 270 270 270 270 270 270 270 271 271 271 270 270 270 270 270 270 269 269 269 269 269 269 270 270 270 271 270 270 270 270 270 270 270 270 270 270 270 270 270 270 269 269 269 269 269 270 270 270 270 270 270 270 270 270 270 270 270 270 270 270 270 270 270 270 270 270 270 270 270 270 270 270 270 270 270 270 270 269 269 270 270 270 272 272 271 271 271 271 271 270 270 271 271 270 270 270 270 270 270 271 271 271 271 271 271 271 271 271 271 271 271 271 271 271 271 271 271 270 271 271 270 269 269 269 270 271 270 270 270 270 270 270 269 269 270 270 270 271 270 271 271 270 270 271 271 271 271 272 271 271 270 271 271 272 272 273 272 271 271 271 271 272 272 262 262 261 262 261 262 262 262 262 262 261 261 261 260 260 259 259 259 259 259 259 259 259 260 260 260 260 260 260 260 260 260 260 261 262 262 263 263 263 264 263 263 264 264 264 264 264 264 265 265 264 265 265 264 264 264 265 265 265 264 264 265 265 265 265 265 265 265 266 266 266 266 266 266 266 266 266 266 266 266 266 266 265 264 265 265 265 266 265 265 265 265 265 266 266 266 266 267 267 267 267 266 266 267 267 267 267 267 266 267 268 267 267 267 267 267 267 267 267 267 267 267 266 266 266 265 265 265 265 265 265 265 265 265 265 265 265 265 265 265 265 265 264 265 265 265 265 265 265 266 267 267 266 266 266 266 267 267 267 267 267 267 267 267 267 268 269 270 270 269 269 269 269 269 269 270 269 268 268 268 268 268 268 268 268 268 267 268 268 268 267 267 267 268 268 268 267 267 267 268 268 267 268 268 267 267 267 267 267 267 267 268 268 269 269 269 269 269 269 269 270 270 269 269 269 270 269 269 270 269 269 270 270 270 270 269 269 270 270 270 270 270 270 270 270 270 271 270 270 270 270 270 270 269 269 269 270 270 270 270 270 270 270 270 270 270 270 270 270 270 270 270 269 269 269 269 269 269 269 270 270 270 270 270 270 270 270 270 270 270 270 270 270 270 270 270 270 270 270 269 270 270 270 270 270 270 270 270 270 270 270 269 269 269 269 269 271 272 271 271 272 271 271 270 271 271 270 270 270 270 270 271 271 271 271 271 271 271 271 270 270 270 270 270 270 270 270 270 270 271 271 270 270 271 271 270 269 269 269 270 270 270 270 270 271 270 270 269 269 270 270 270 270 270 271 271 271 271 272 272 272 271 270 270 270 270 271 271 271 271 272 271 270 270 270 271 271 272 262 262 262 262 262 262 262 262 261 261 261 260 259 259 259 259 259 259 259 259 259 259 259 260 260 261 260 260 260 260 260 260 260 261 261 262 262 263 263 264 263 264 264 264 264 264 264 264 264 264 264 264 264 264 264 265 265 265 265 264 265 265 265 265 265 265 266 266 266 265 266 266 266 266 266 266 266 266 266 266 265 264 264 265 265 265 266 265 266 265 265 265 266 267 267 267 267 267 267 267 266 267 267 267 267 267 267 266 267 267 267 267 266 267 267 267 267 267 267 267 266 266 266 265 265 265 265 265 265 265 265 265 265 265 265 265 265 265 265 265 265 265 264 264 265 265 265 266 266 267 267 266 266 266 266 267 268 268 268 268 268 268 267 267 268 269 270 270 269 269 269 269 269 270 270 269 269 268 268 268 268 268 268 268 268 268 268 268 268 268 267 268 267 267 268 268 268 268 267 267 267 267 267 267 267 267 267 267 267 268 268 268 268 269 269 269 269 269 269 270 269 269 269 269 269 269 269 269 269 269 269 269 270 270 269 269 270 270 269 269 269 270 270 270 270 270 270 270 270 271 270 270 270 270 269 270 270 270 270 270 270 270 270 270 270 270 270 269 269 269 269 269 269 269 269 269 269 270 270 270 270 270 270 270 270 270 270 270 270 270 270 270 270 270 270 270 270 270 270 269 269 269 269 269 269 270 270 269 269 269 269 269 269 269 270 272 272 271 271 271 271 271 271 271 272 271 271 270 271 271 271 270 271 270 271 270 270 270 270 270 270 270 270 271 271 270 270 270 270 270 270 271 270 270 270 269 269 269 269 270 270 270 270 270 270 270 270 269 269 269 270 270 270 271 271 272 272 272 272 272 271 271 270 269 269 269 270 271 270 270 271 271 270 270 270 271 272 272 262 262 262 262 262 262 262 261 261 260 259 259 259 259 260 260 260 259 259 259 259 259 259 259 260 260 260 260 261 261 261 261 261 261 262 262 261 262 263 263 263 263 264 263 263 264 264 264 265 264 264 264 264 264 264 265 265 265 265 265 264 265 265 265 265 265 265 265 266 266 266 266 266 266 266 266 266 266 266 266 266 265 265 265 265 266 265 265 266 266 266 267 267 267 267 267 267 267 267 267 267 267 267 268 268 267 267 266 266 267 267 267 266 267 267 267 267 268 267 267 266 266 265 265 265 265 265 266 266 266 265 265 265 265 265 265 265 265 265 265 265 265 264 265 265 265 265 265 266 266 267 267 267 267 266 268 268 268 269 269 268 269 268 268 268 269 270 270 270 269 269 269 270 270 269 269 268 268 268 268 268 268 268 268 268 268 268 268 268 268 267 268 268 267 267 267 268 268 267 268 268 268 267 267 267 267 267 267 267 268 268 268 268 268 268 269 269 269 269 269 269 269 269 268 269 269 269 269 269 269 269 269 269 269 269 269 270 269 269 269 270 270 270 270 269 269 270 270 270 270 270 270 270 270 270 269 270 270 269 269 269 269 269 269 269 269 269 269 269 269 269 269 269 269 269 269 269 270 270 270 270 270 270 270 270 270 270 270 270 270 270 270 270 270 270 270 270 270 269 269 269 269 269 269 269 270 269 269 269 269 269 269 269 269 269 271 272 272 272 271 271 271 271 272 272 272 272 272 272 272 271 271 270 270 270 270 270 271 271 271 271 272 271 271 271 270 270 270 270 270 270 271 271 270 270 270 269 269 269 269 270 270 269 270 270 270 270 269 269 269 269 269 270 270 271 271 272 271 271 271 271 271 271 270 270 269 270 270 270 270 270 270 269 270 270 271 271 271 271 261 262 262 262 262 262 261 261 260 259 259 259 260 261 260 260 260 260 259 259 259 259 259 259 260 260 260 260 260 261 262 262 262 263 263 262 262 263 263 262 263 263 263 263 263 264 264 264 264 264 264 265 265 265 265 265 265 265 265 265 265 265 265 265 265 265 265 266 266 266 266 266 266 266 266 266 266 266 266 266 265 265 265 266 266 265 265 266 266 266 267 267 267 267 267 268 268 267 267 267 267 267 267 267 267 266 267 267 267 267 267 267 267 267 267 267 268 267 267 266 266 266 265 265 265 265 266 266 266 265 265 265 264 265 265 265 265 265 265 265 265 264 264 264 265 265 265 265 266 267 267 267 267 267 268 268 268 269 269 269 269 269 268 268 269 270 270 270 270 270 269 270 270 269 268 268 268 268 268 268 268 267 267 268 268 268 268 268 268 268 268 267 267 267 267 267 267 267 267 267 267 267 267 267 267 266 267 267 267 268 268 268 268 268 269 269 269 269 269 269 269 269 268 268 269 269 269 269 269 269 269 269 269 269 269 269 269 269 269 270 269 270 269 269 269 269 269 269 269 269 269 269 269 269 269 270 270 270 270 269 269 269 269 269 269 269 269 269 269 269 269 269 269 269 269 269 269 270 270 270 270 270 270 270 270 270 270 270 270 270 270 270 270 270 270 270 269 269 269 270 270 269 269 269 270 270 269 269 269 269 269 269 269 269 270 270 271 270 270 270 271 271 271 271 270 270 271 271 271 272 272 271 270 270 270 271 271 272 271 272 272 271 271 271 270 270 269 270 270 270 270 271 270 270 270 269 269 269 269 269 269 269 269 269 270 270 269 269 269 269 270 270 270 271 270 271 271 271 270 270 271 271 271 270 269 269 269 269 269 269 269 269 270 269 269 270 270 271 271 262 262 262 262 262 262 260 260 260 260 260 261 261 260 261 261 260 259 259 259 259 259 259 259 260 260 260 260 260 261 261 262 262 263 263 262 262 262 263 264 263 263 264 264 264 264 264 264 264 265 265 265 265 265 265 265 265 265 265 265 265 265 265 265 266 266 266 266 266 266 266 266 266 266 266 267 267 267 266 265 265 265 266 266 265 266 266 266 267 267 267 268 267 267 267 268 268 268 267 267 267 267 267 267 267 267 267 267 267 267 267 267 267 267 268 267 267 266 266 265 265 265 266 266 265 266 266 266 266 265 265 265 265 265 265 265 265 265 265 264 264 265 265 265 265 265 266 266 267 267 267 268 268 268 269 269 269 270 269 270 270 269 269 270 270 270 270 270 269 269 269 268 268 268 267 267 267 268 268 268 268 268 268 268 269 268 268 268 268 268 267 267 267 267 267 267 267 267 267 267 268 267 267 267 267 267 267 267 267 267 267 268 268 269 268 268 268 269 269 269 269 269 268 268 268 269 269 269 269 269 269 269 269 269 269 269 269 269 269 269 269 269 269 269 269 269 269 269 269 269 269 269 269 269 269 269 270 270 270 269 269 269 269 269 269 269 269 269 269 269 269 269 269 269 269 269 269 270 270 270 270 270 270 270 270 270 270 270 270 270 270 270 269 269 269 269 269 269 269 269 269 269 269 270 269 269 269 269 269 269 269 269 268 270 270 270 269 269 268 269 269 270 269 269 269 269 270 271 271 271 272 272 271 272 271 271 271 272 272 271 271 271 271 271 270 269 269 270 270 270 270 270 271 271 270 269 269 269 269 269 269 269 270 270 270 270 270 270 269 269 270 270 270 270 270 270 270 269 270 270 270 269 269 269 269 269 269 269 269 269 270 270 270 270 270 270 270 271 272 272 262 262 262 262 262 261 261 260 260 260 260 261 261 261 261 260 259 260 260 259 259 259 259 260 261 261 261 261 261 261 262 262 262 263 263 264 263 263 264 264 264 264 264 264 264 264 264 265 265 265 265 265 265 265 265 265 265 265 265 265 265 266 265 265 265 266 265 266 266 266 266 266 266 267 267 267 267 266 266 265 265 266 266 266 266 266 267 266 267 267 267 266 267 267 267 267 268 268 268 268 268 267 267 268 268 267 267 268 268 268 267 267 267 267 267 266 266 266 266 266 265 266 266 266 266 266 265 266 265 265 265 265 265 265 265 264 264 264 264 265 265 265 265 266 266 266 266 267 267 267 268 269 269 269 269 269 270 270 270 270 269 270 270 270 270 270 269 269 268 268 268 268 268 268 268 268 267 268 268 267 267 268 268 268 268 267 267 267 267 267 267 267 267 267 268 267 267 267 267 267 267 267 267 267 267 267 267 266 267 267 267 267 268 268 268 268 268 268 268 268 268 268 268 268 268 269 269 269 269 269 269 269 269 269 269 269 269 269 269 269 269 269 269 269 269 269 269 269 269 269 269 269 269 269 269 269 269 269 269 269 269 269 269 269 270 270 269 269 269 269 270 270 269 269 269 269 269 269 270 270 270 270 270 270 270 270 270 270 270 270 270 269 269 269 269 269 269 269 269 269 269 269 269 269 269 269 269 269 268 268 268 268 268 268 267 267 267 267 268 267 267 267 267 267 267 267 268 268 268 269 269 270 270 270 269 269 270 270 270 270 270 270 269 269 268 267 268 268 268 268 268 268 269 268 267 267 267 267 267 267 267 268 269 270 270 269 269 269 269 269 270 270 270 269 269 269 269 270 270 270 269 269 270 270 270 270 269 269 269 270 271 271 271 271 271 271 272 271 271 271 271 262 262 262 261 261 260 260 261 261 261 260 260 259 260 260 259 259 260 260 260 259 260 261 261 261 262 262 262 262 262 263 264 263 263 262 263 264 264 265 265 264 264 264 264 265 265 265 265 265 265 265 265 265 265 265 265 265 266 265 265 265 265 265 266 266 266 266 266 266 266 266 266 266 266 267 266 266 266 266 267 267 267 267 267 266 267 267 267 266 266 266 266 267 267 267 267 267 267 267 268 268 268 267 267 268 268 268 268 268 267 267 267 267 267 266 265 265 265 266 266 266 266 266 266 266 266 266 266 265 265 264 264 264 264 264 264 264 265 265 265 265 266 266 266 266 266 266 268 269 269 269 269 269 270 270 270 270 270 270 270 270 269 269 269 269 269 269 268 268 267 268 269 268 268 268 268 268 267 267 267 267 267 266 266 266 267 267 267 267 267 267 268 267 267 267 266 266 267 267 267 267 268 267 267 266 267 267 267 267 268 268 268 268 268 268 268 268 268 268 268 268 268 269 268 269 269 269 269 269 269 269 269 269 269 269 268 268 268 269 269 269 269 269 269 269 269 269 269 269 269 269 269 269 269 269 269 269 269 269 269 269 269 269 269 269 269 269 269 270 270 269 269 269 269 269 270 270 270 270 270 270 269 269 269 269 269 269 269 269 269 269 269 269 269 269 269 269 269 269 269 269 269 269 269 269 268 268 269 269 269 268 268 267 267 267 268 269 268 267 267 267 267 267 267 268 268 268 268 268 269 269 269 269 269 269 269 269 269 269 268 268 268 267 268 268 268 268 268 268 268 268 268 268 267 267 267 267 267 267 269 270 269 269 269 269 269 269 270 270 270 270 270 269 269 269 269 269 269 269 269 269 270 271 270 270 270 271 271 272 272 272 272 272 271 271 270 271 271 262 261 261 261 261 261 261 260 260 260 260 260 260 260 261 261 260 259 259 259 260 261 261 261 262 262 263 263 264 263 263 263 263 263 263 264 264 265 265 265 265 265 265 265 265 265 265 265 265 265 265 265 265 266 266 266 265 265 266 266 266 266 266 266 266 266 266 266 266 266 266 266 266 267 266 266 266 266 267 267 267 266 266 267 266 266 266 266 266 266 267 268 268 268 267 268 268 269 268 267 268 268 269 268 267 267 266 266 266 266 267 266 266 266 265 266 265 265 265 265 265 265 265 266 265 265 265 265 265 264 264 264 265 265 265 265 265 266 266 266 266 266 266 266 267 268 269 269 269 269 269 269 270 270 270 270 270 269 269 269 269 268 268 268 268 268 268 268 269 269 268 268 268 268 267 267 267 267 267 267 267 267 267 266 267 267 267 267 268 267 266 266 267 266 267 267 268 267 267 267 267 267 267 267 267 267 268 268 268 268 268 268 268 268 268 268 268 268 269 269 268 269 269 269 269 269 269 269 269 269 269 269 268 268 268 268 269 269 269 269 269 269 269 269 269 269 269 269 269 269 269 269 269 269 269 269 269 269 269 269 269 269 269 269 269 269 269 269 269 269 269 269 269 270 270 270 269 269 269 269 269 269 269 269 269 269 269 269 269 269 269 269 269 269 269 269 269 269 268 268 268 268 268 269 269 269 269 269 268 268 267 267 268 268 268 267 267 267 267 267 267 267 268 268 267 268 268 268 268 268 268 268 268 268 269 268 268 268 267 268 268 268 268 267 267 267 267 267 268 267 267 267 267 267 266 266 268 269 269 269 268 269 269 269 269 269 269 269 269 269 269 269 268 268 269 269 269 269 270 271 271 271 271 271 271 271 270 271 271 270 270 270 270 271 272 272 262 261 261 261 261 260 260 260 260 260 260 260 261 261 260 260 260 260 259 259 259 260 261 261 262 263 264 264 264 264 264 263 263 263 264 264 264 265 265 265 265 265 265 265 265 265 265 265 265 265 265 266 266 266 265 265 265 265 265 266 266 266 266 266 266 266 266 266 266 267 266 266 267 266 266 266 266 267 266 266 267 267 266 266 266 266 265 266 266 266 267 268 268 267 268 268 268 268 268 268 268 269 268 267 267 266 265 266 266 267 267 267 266 266 265 265 264 264 265 265 265 265 265 265 265 265 265 265 264 264 265 265 265 265 265 266 266 265 265 265 265 266 266 267 267 268 269 269 269 270 270 270 270 270 270 270 269 268 268 268 268 268 268 268 268 268 269 269 269 268 268 268 268 268 268 267 267 267 268 267 267 266 266 267 267 267 267 268 267 267 266 266 266 267 267 267 267 267 267 267 267 267 267 267 267 268 268 268 268 268 268 268 268 268 268 268 268 268 268 268 268 269 268 268 269 269 269 269 269 269 269 269 268 268 268 269 268 268 269 269 269 269 269 269 269 269 269 269 269 269 269 269 269 269 269 269 269 269 269 269 269 269 269 269 269 269 269 269 269 269 269 269 269 269 269 269 269 269 269 269 269 269 269 269 269 269 269 269 269 269 269 269 269 269 269 268 268 268 268 268 268 268 268 268 268 268 268 268 269 268 267 267 268 268 268 267 267 266 266 266 266 267 267 268 268 268 268 267 268 268 268 268 268 268 268 269 269 268 268 268 267 268 267 267 267 267 267 267 267 267 267 267 267 267 266 268 268 269 269 268 268 269 269 269 268 269 268 269 268 268 268 268 269 269 269 269 270 270 270 270 270 270 271 271 271 270 270 270 270 270 270 271 272 272 271 271 262 262 262 261 261 261 260 260 260 260 260 260 261 261 261 260 261 261 261 261 260 259 260 260 261 262 263 264 264 264 265 265 264 264 264 264 264 265 265 265 265 265 265 265 265 265 265 265 265 266 266 265 265 265 265 266 265 265 265 265 266 266 266 266 266 266 266 266 266 266 266 266 266 266 266 266 266 266 266 266 267 267 266 266 265 265 265 266 266 266 266 266 267 267 268 268 268 269 269 268 268 268 269 268 268 267 266 265 266 266 266 266 266 266 265 265 265 264 264 265 265 265 265 265 265 265 265 265 265 264 265 265 265 266 266 265 265 265 265 265 266 266 266 267 267 268 268 268 269 269 269 269 270 270 270 271 270 270 269 269 268 268 269 269 269 268 269 268 269 269 268 267 267 268 268 268 268 268 268 268 268 267 266 266 267 267 266 267 267 267 267 267 267 266 267 267 267 267 267 267 267 267 267 267 267 267 268 268 268 268 268 268 268 268 268 268 268 268 268 268 268 268 268 269 268 268 268 269 268 268 269 269 268 269 268 268 268 268 268 268 268 269 269 269 269 269 269 269 269 269 269 269 269 269 269 269 269 269 269 269 269 269 269 269 269 269 269 269 269 269 269 269 269 269 269 269 269 269 269 269 269 269 269 269 269 269 269 269 269 269 269 269 269 268 268 268 268 268 268 268 268 268 268 268 268 268 268 268 268 269 269 268 268 268 268 268 268 267 267 267 266 266 266 267 267 267 268 267 268 268 268 268 268 268 269 269 268 268 268 268 268 267 267 267 267 267 267 266 267 267 267 267 267 267 267 267 268 267 268 268 268 268 269 268 268 268 268 268 268 268 269 269 269 269 269 270 270 270 270 269 269 269 270 270 270 270 270 270 269 270 270 270 271 271 271 270 270 262 263 262 262 262 261 261 261 260 261 261 261 261 261 261 261 261 262 261 261 261 261 260 260 261 262 262 263 264 264 264 265 265 265 264 265 265 265 264 264 264 264 264 264 265 265 265 265 265 265 265 265 265 265 265 265 266 266 266 266 266 266 266 266 266 266 266 266 266 266 266 266 266 266 266 266 266 266 266 266 266 267 266 267 267 266 265 266 266 267 267 266 266 267 267 268 268 268 268 268 268 268 268 268 267 267 266 265 265 265 266 266 266 266 266 265 265 265 265 265 265 265 265 265 265 265 265 265 265 265 264 264 265 265 265 265 265 265 266 266 266 266 266 266 266 267 268 268 268 268 269 269 269 270 270 270 271 270 269 269 269 268 268 269 269 268 268 268 268 268 268 268 268 267 267 267 268 268 268 268 268 268 267 267 267 267 267 267 267 267 267 268 267 267 267 267 268 268 268 267 267 267 267 267 267 268 268 268 268 268 268 268 268 268 268 268 268 268 268 268 268 268 268 268 268 268 268 268 268 268 268 268 269 268 269 269 268 268 268 268 268 268 269 269 269 269 269 269 269 269 269 269 269 269 269 269 268 269 269 269 269 269 269 269 269 269 269 269 269 269 269 269 269 269 269 269 269 269 269 269 269 269 269 269 269 269 269 269 269 269 269 269 269 268 268 268 268 268 268 268 268 268 268 267 268 268 269 268 268 268 268 268 268 268 268 268 268 268 267 267 267 267 267 266 266 267 267 267 267 268 268 268 267 267 268 268 268 268 268 268 267 267 267 267 267 267 266 267 266 267 267 267 267 267 267 267 267 268 268 268 268 268 268 268 268 267 267 267 268 269 268 268 268 268 268 268 269 270 270 270 268 269 270 270 270 270 270 270 269 269 269 270 270 271 270 270 269 269 263 263 262 262 262 262 262 261 261 261 262 262 262 261 261 262 262 262 262 262 261 261 260 260 261 261 262 263 263 264 264 264 265 265 265 265 265 265 265 264 264 264 264 264 265 265 265 265 265 265 265 265 265 265 265 266 266 265 266 266 266 266 266 266 266 266 266 266 266 266 266 266 266 266 266 266 266 266 266 266 266 266 266 267 266 265 265 266 266 266 267 267 266 266 266 267 268 268 268 268 268 268 268 267 266 266 266 266 265 265 266 266 266 266 266 266 265 265 265 265 265 265 265 265 265 265 265 265 265 265 264 265 265 265 265 265 266 266 266 266 266 266 266 266 266 267 267 268 268 268 269 269 269 270 270 270 270 270 270 269 268 268 268 268 268 268 268 268 268 268 267 267 268 268 268 267 267 267 267 267 268 268 268 267 267 267 268 267 267 267 267 268 268 268 268 268 268 268 268 267 267 267 267 267 267 267 267 268 268 268 268 268 268 268 268 268 268 268 268 268 268 268 268 268 268 268 268 268 268 268 268 268 268 268 268 268 268 268 268 268 268 268 268 269 269 269 269 269 269 269 269 269 269 269 269 269 269 269 269 269 269 269 269 269 269 269 269 269 269 269 269 269 269 269 269 269 269 269 269 269 269 269 269 269 269 269 269 269 269 269 269 269 269 268 268 268 268 268 269 269 268 268 268 268 267 268 268 268 268 269 268 268 268 268 268 268 268 268 268 268 268 267 267 267 266 266 267 267 267 267 267 267 267 268 267 267 268 267 267 268 267 267 267 267 267 267 267 266 266 266 267 267 267 267 266 267 267 269 268 268 268 268 268 268 267 267 267 268 269 269 268 268 267 267 268 268 269 268 269 269 268 268 269 270 270 270 270 270 269 269 269 270 270 270 270 269 268 268 269 263 262 263 263 262 262 261 262 261 261 262 261 261 261 262 262 262 262 262 261 260 260 261 261 262 262 262 263 263 264 264 265 265 265 265 265 265 265 264 264 264 264 264 265 265 265 266 266 265 265 265 265 265 265 265 266 265 266 266 266 266 266 266 266 266 266 266 266 266 266 266 266 266 266 266 266 266 266 266 266 267 267 267 266 265 265 265 265 266 266 267 266 266 266 267 267 267 267 268 267 267 266 266 266 266 266 266 265 266 265 265 266 266 266 266 266 265 265 265 265 265 265 265 265 265 265 265 264 265 265 265 265 265 265 265 265 265 265 266 266 266 265 265 266 267 267 267 268 268 268 268 269 269 270 271 270 270 269 268 268 268 267 268 268 268 268 268 268 268 267 267 267 268 268 268 268 268 268 267 267 267 267 268 268 268 268 267 267 267 268 268 268 268 267 267 267 268 267 267 267 267 268 268 268 267 267 268 268 268 268 268 268 268 268 268 268 268 268 268 268 268 268 268 268 268 268 268 268 268 268 268 268 268 268 268 268 268 268 268 268 268 268 268 268 269 268 268 268 269 269 269 269 268 269 269 269 269 269 269 269 269 269 269 269 269 269 269 269 269 269 269 269 269 269 269 269 269 269 269 269 269 269 269 269 269 269 269 269 269 268 268 268 268 268 267 267 268 268 269 269 269 268 268 268 267 267 268 268 268 268 268 268 268 268 269 268 268 268 268 268 267 267 267 267 266 266 267 266 267 267 266 267 266 267 267 267 267 267 267 267 266 266 266 266 266 267 267 266 266 266 266 266 266 266 266 267 268 268 268 268 268 268 267 267 267 268 268 268 269 269 268 268 267 268 268 268 268 268 268 268 268 268 269 269 270 270 269 269 268 269 269 270 270 269 269 269 268 269 268 269 263 262 262 262 262 262 262 261 261 261 261 261 261 261 261 261 261 261 261 260 260 262 262 262 262 262 262 263 263 263 264 265 265 265 265 265 265 265 265 265 265 265 265 266 266 266 266 266 266 266 266 266 266 265 265 265 265 266 266 266 266 266 266 266 266 266 266 266 266 266 266 266 266 266 266 266 266 267 267 267 267 267 266 266 265 265 265 265 265 265 265 266 266 266 267 267 267 267 266 266 266 265 265 266 266 266 265 266 265 266 266 266 266 266 266 265 265 265 265 265 265 264 265 265 265 264 264 265 265 265 265 265 265 265 265 265 265 265 265 265 265 266 266 266 266 267 267 267 268 269 268 268 269 269 270 270 269 268 267 267 268 267 267 267 268 268 268 267 268 268 267 267 267 267 268 267 267 267 267 267 267 267 268 268 267 268 268 268 268 268 268 268 268 267 267 267 267 267 267 267 267 268 268 268 267 268 268 268 268 268 268 268 268 268 268 268 268 268 268 268 268 268 268 268 268 268 268 268 268 268 268 268 268 268 268 268 268 268 268 268 268 268 268 268 268 268 268 268 268 269 269 268 268 268 269 269 269 269 269 269 269 269 269 269 269 269 269 269 269 269 269 269 269 269 269 269 269 269 269 269 268 268 268 268 268 269 268 269 268 268 268 268 268 268 267 267 268 268 268 269 269 269 268 268 267 267 268 268 268 268 268 268 268 268 268 268 268 267 267 267 267 267 267 267 266 266 266 266 266 266 266 266 266 266 266 266 266 266 266 266 266 266 266 266 267 267 267 266 266 266 266 266 266 266 266 268 268 268 268 267 267 267 267 267 267 267 268 268 268 268 267 267 267 267 267 267 268 268 267 268 268 268 269 269 269 269 269 268 268 269 269 270 269 269 268 268 268 268 269 263 263 263 263 263 262 262 261 262 262 262 262 261 260 260 260 260 261 261 260 261 261 262 262 262 262 262 262 263 263 264 264 264 265 265 265 265 265 265 265 265 265 265 266 266 266 266 266 266 266 266 266 266 266 265 265 265 266 266 266 266 266 266 266 266 266 266 266 266 266 266 267 267 267 266 266 266 267 267 267 267 267 266 266 265 265 265 266 266 266 266 266 266 266 266 267 267 266 266 265 266 265 265 265 265 265 265 265 265 266 266 266 266 265 265 265 265 265 265 265 265 265 264 265 265 264 265 265 265 265 265 265 265 265 265 265 265 265 265 265 265 265 266 266 266 266 267 268 268 268 267 267 268 269 269 269 269 268 268 268 268 268 268 267 267 267 268 267 267 267 267 267 267 267 267 266 266 266 267 267 267 267 267 267 267 268 268 268 268 268 268 268 268 267 267 267 267 267 267 267 267 267 267 267 267 268 268 268 268 268 268 268 268 268 268 268 268 268 268 268 268 268 268 268 268 268 268 268 268 268 268 268 268 268 268 268 268 268 268 268 268 268 268 268 268 268 268 268 268 268 268 268 268 268 268 269 269 269 269 269 269 269 269 269 269 269 269 269 269 269 269 269 269 268 269 269 269 269 268 268 268 268 268 268 268 268 268 268 269 269 269 268 268 268 267 267 267 267 268 268 268 269 268 268 268 267 267 267 267 268 268 268 267 267 267 267 268 268 267 267 267 268 267 267 267 266 266 266 266 266 266 266 266 266 266 266 266 266 266 266 266 266 266 266 266 266 266 266 266 266 266 266 266 266 266 268 268 267 267 267 267 267 268 268 268 268 268 268 268 268 267 267 267 267 267 268 268 267 267 267 268 268 268 268 268 269 269 268 268 268 269 269 269 269 268 268 267 268 268 269 263 263 263 262 262 262 262 262 262 261 260 260 260 261 261 261 262 261 261 261 262 262 261 262 263 263 264 264 264 264 264 264 265 265 266 265 265 265 265 265 265 266 266 266 266 266 266 266 266 266 266 266 265 265 265 266 266 266 266 266 266 266 266 266 266 266 266 266 266 266 266 267 267 267 267 267 267 267 267 267 266 266 265 265 265 266 266 266 266 266 266 266 266 266 266 266 266 265 265 265 265 265 265 265 265 265 265 266 266 266 265 265 265 265 265 265 265 265 265 264 264 264 264 265 265 265 265 265 265 265 265 264 265 265 265 265 265 265 266 266 266 266 266 267 267 266 267 267 267 268 268 267 268 268 269 268 268 268 268 267 267 268 268 268 268 267 267 268 268 267 267 267 267 267 267 267 267 267 267 267 267 267 267 267 268 268 268 268 268 268 267 268 267 267 267 267 267 267 267 267 267 267 268 268 268 268 268 268 268 268 268 268 268 268 268 268 268 268 268 268 268 268 268 268 268 268 268 268 268 268 268 268 268 268 268 268 268 268 268 268 268 268 268 268 268 268 268 268 268 268 268 268 269 269 269 269 269 269 269 269 269 269 269 269 269 269 269 269 269 269 268 269 269 269 268 268 268 268 268 268 268 268 268 269 268 269 269 269 269 268 268 267 267 267 267 267 268 268 268 268 268 269 268 267 267 267 267 267 267 268 268 268 267 267 267 267 267 267 268 267 267 266 266 266 266 266 266 266 266 266 266 266 266 266 266 266 266 266 266 266 265 266 266 266 266 266 265 266 266 265 266 266 268 268 267 267 267 267 267 267 267 268 268 268 269 268 268 267 267 267 267 267 267 267 267 267 268 268 267 267 267 267 268 269 268 268 268 269 269 269 269 269 268 267 268 268 269 268 263 263 263 263 262 261 260 260 260 261 261 261 261 261 261 261 261 261 261 262 262 263 262 263 263 264 264 264 264 265 265 265 265 265 265 265 265 266 266 266 266 266 266 266 266 266 266 266 266 265 265 266 266 266 266 266 266 266 266 266 266 266 266 266 266 267 267 267 267 267 267 267 267 267 267 267 267 267 266 266 265 265 265 265 265 265 266 266 266 266 266 266 266 265 265 265 265 265 265 265 265 265 265 265 266 266 266 266 265 265 265 264 265 265 265 265 265 264 264 264 265 265 265 265 265 265 265 265 264 264 265 265 265 265 266 266 265 266 266 266 266 266 266 267 267 267 268 267 267 268 268 268 268 268 268 268 268 267 267 268 268 268 267 267 268 268 267 267 268 267 267 268 268 268 267 267 267 267 267 267 267 267 268 267 267 267 267 267 268 267 267 267 267 267 267 267 267 267 267 268 268 268 268 268 268 268 268 268 268 268 268 268 268 268 268 268 268 268 268 268 268 268 268 268 268 268 268 268 268 268 268 268 268 268 268 268 268 268 268 268 268 268 268 268 268 268 268 268 268 269 269 269 269 269 269 269 269 269 269 269 269 269 269 269 269 269 269 268 269 269 268 268 268 268 268 268 268 269 269 268 268 269 269 269 269 269 269 268 268 268 267 267 267 268 267 267 267 267 268 268 267 267 267 267 267 267 267 267 267 267 267 267 267 267 267 267 267 266 266 266 265 265 266 266 266 266 266 266 266 265 265 265 265 265 265 265 265 265 265 266 265 265 266 265 265 265 265 266 266 268 267 267 267 267 267 267 267 267 267 267 268 268 268 268 268 268 268 268 267 267 266 267 267 268 267 267 267 266 267 268 269 268 268 268 268 269 269 269 268 267 267 268 268 268 268 263 262 261 260 261 261 261 261 262 261 261 261 261 261 262 261 262 262 262 262 263 263 263 263 264 265 265 265 265 265 264 265 265 265 265 265 265 265 266 266 266 266 266 266 266 266 266 266 266 266 266 266 266 266 266 266 266 266 266 266 266 266 266 266 267 267 267 267 267 267 267 267 267 267 267 266 265 265 265 265 265 265 265 266 266 266 266 266 266 266 266 266 265 265 265 265 265 266 265 265 265 265 265 266 266 266 265 265 265 264 264 265 265 265 265 264 265 265 265 265 265 265 265 265 265 265 265 265 265 265 265 265 265 265 265 265 266 266 266 266 266 267 267 267 267 266 267 267 267 268 268 268 268 268 267 267 267 268 267 267 267 268 268 267 267 268 268 268 268 268 267 267 267 267 267 266 266 267 267 267 266 267 267 267 267 267 267 267 267 267 267 267 267 267 267 267 267 267 267 268 268 268 267 267 267 267 267 267 268 268 268 268 268 268 268 268 268 268 268 268 268 268 268 268 268 268 268 267 267 267 267 267 267 267 267 267 267 267 268 268 268 268 268 268 268 268 268 269 269 269 269 269 269 269 269 269 269 269 269 269 269 269 269 269 269 268 268 268 268 268 268 268 269 269 269 269 269 269 269 269 269 269 269 269 268 268 267 267 267 267 268 267 268 267 267 268 268 268 267 267 267 267 267 267 267 267 267 267 267 267 267 267 267 268 267 266 265 265 265 265 265 266 266 266 266 265 265 265 265 265 265 265 265 265 265 265 265 265 265 265 265 265 265 265 265 265 267 267 267 267 267 267 267 267 267 267 267 268 268 268 268 268 268 268 268 267 267 266 266 266 266 266 266 267 267 268 268 269 268 267 267 268 268 268 268 268 267 267 267 267 267 268 269 269 263 262 261 261 262 261 262 262 262 262 261 261 261 261 261 261 261 262 262 263 263 263 264 264 264 265 265 265 265 265 265 265 265 265 265 265 265 266 266 266 266 266 266 266 266 266 266 266 266 266 266 266 266 266 266 266 266 267 267 266 266 266 266 267 267 267 267 267 267 267 267 267 267 267 266 266 266 266 265 265 265 265 266 266 266 266 266 266 266 266 266 266 265 265 265 265 265 265 265 265 265 265 265 265 266 265 265 265 265 265 264 264 264 264 264 264 265 265 265 265 265 265 265 266 265 265 265 265 264 265 265 265 266 266 266 266 266 266 267 267 267 267 267 267 266 267 267 267 267 268 268 268 268 268 267 267 267 267 267 268 268 268 268 268 268 268 267 267 268 267 267 267 267 268 267 266 266 266 266 266 267 267 267 267 267 267 267 267 267 267 267 267 267 267 267 267 268 268 268 268 267 267 267 268 267 267 267 267 267 267 267 267 267 267 267 267 268 268 268 268 268 267 267 267 268 267 267 267 267 267 267 267 267 267 267 267 267 267 267 267 267 267 268 268 268 268 269 269 269 269 269 269 269 269 269 269 269 269 269 269 269 268 268 269 268 268 268 268 269 268 269 269 269 269 269 269 269 269 269 268 268 268 268 268 268 267 268 268 267 267 267 267 267 267 267 268 268 268 268 267 267 267 267 267 267 267 267 267 266 266 266 267 267 268 266 266 265 265 265 265 266 266 265 265 265 265 265 265 265 265 265 265 265 265 265 265 265 265 265 265 265 264 264 264 264 267 267 267 267 267 267 267 267 267 267 267 267 267 267 267 267 267 267 268 268 268 267 267 266 266 266 266 266 267 267 267 268 268 268 267 267 267 268 268 268 267 267 267 268 268 268 268 268 268 268 262 262 262 262 261 261 261 261 261 261 262 262 263 263 262 261 262 262 263 263 264 265 264 264 264 264 265 265 265 265 265 266 266 265 265 265 266 266 266 266 267 266 266 266 265 266 266 266 265 266 266 266 266 266 266 266 266 266 266 266 266 267 267 267 267 267 267 267 267 267 267 267 267 267 267 266 265 265 265 265 265 266 266 266 266 266 267 267 266 266 266 266 265 265 265 265 265 265 265 265 265 265 265 266 266 266 266 265 265 264 264 265 265 264 265 265 265 265 265 266 266 266 266 265 265 265 264 264 265 265 265 266 266 266 266 267 267 267 267 266 267 267 266 266 266 267 268 267 267 268 268 267 267 267 267 267 267 267 268 268 268 268 268 268 267 267 268 268 268 267 267 268 268 267 266 266 266 266 266 266 266 267 267 266 267 267 267 267 267 267 267 267 267 267 268 268 268 268 267 267 267 267 268 268 267 267 267 267 267 267 267 267 267 267 268 267 268 268 268 267 267 267 267 267 267 268 267 267 268 267 267 267 267 268 268 268 267 268 267 267 267 267 267 268 268 268 268 268 268 268 268 268 268 268 268 268 268 268 268 268 268 268 268 268 268 268 268 268 268 268 268 268 268 268 269 269 269 268 268 268 268 268 268 268 268 268 267 268 268 267 267 267 267 267 267 268 269 269 269 268 268 267 267 267 267 266 266 266 266 266 266 267 268 267 267 266 266 265 265 265 266 266 265 265 265 265 265 265 265 265 265 265 265 265 266 266 266 266 266 265 265 265 265 264 266 266 266 267 267 267 266 267 267 267 267 267 267 267 267 267 267 267 267 268 268 268 268 268 267 266 265 265 266 266 267 267 267 268 268 267 267 267 268 267 267 267 268 268 268 268 268 268 268 268 268 263 262 261 261 261 261 261 261 261 261 262 263 263 262 261 261 262 263 263 264 264 265 264 264 264 264 264 265 265 266 266 266 266 265 265 266 266 266 266 266 266 266 266 266 266 266 266 266 266 266 266 266 266 266 266 266 266 266 266 267 267 267 267 267 267 267 267 267 267 267 267 267 267 267 266 266 265 265 265 265 265 265 265 266 266 267 267 267 267 266 266 266 266 266 265 265 265 266 266 266 265 265 265 265 266 266 266 266 265 264 265 265 265 265 265 265 265 266 266 266 266 266 266 265 265 265 265 264 264 265 265 265 265 265 266 267 267 266 266 266 267 267 266 266 267 267 267 267 267 267 268 268 268 267 267 267 267 268 268 268 268 268 268 268 268 267 267 267 267 267 267 268 268 268 267 266 266 267 266 266 266 266 266 266 267 267 267 267 267 267 267 267 267 267 268 268 267 267 267 267 268 268 268 268 268 267 267 267 267 267 267 267 267 267 267 268 268 268 267 268 268 268 267 267 268 268 268 268 268 268 267 267 267 267 267 267 267 267 267 267 267 267 267 267 268 268 268 268 268 268 268 268 268 268 268 268 268 268 268 268 268 268 268 268 268 268 268 268 268 268 268 268 268 268 268 268 268 268 268 268 268 268 268 268 268 268 267 267 268 268 267 267 267 267 267 267 268 269 269 269 268 267 267 267 267 267 266 266 266 266 266 267 268 268 267 266 266 265 265 265 265 266 266 265 265 265 265 265 265 265 265 265 265 265 266 266 266 266 267 267 266 266 265 265 266 266 266 266 267 267 267 267 267 267 267 267 267 267 267 267 267 267 267 267 267 267 267 268 268 267 267 266 266 265 266 266 267 268 268 268 267 267 268 267 267 267 268 268 267 267 267 268 268 268 268 268 268 268 268 268 268 263 262 262 262 261 261 262 261 261 261 262 262 262 261 261 261 262 263 263 263 263 263 263 263 263 264 264 264 265 265 266 266 266 266 266 266 267 267 267 266 266 266 266 266 266 266 266 266 266 266 267 267 266 266 266 266 266 266 266 267 267 267 267 267 267 267 267 267 267 267 267 267 267 267 267 266 266 266 266 265 265 265 265 266 266 266 266 266 266 266 266 266 267 266 266 266 266 265 265 266 266 265 265 265 265 266 265 265 265 264 265 265 265 265 265 265 265 265 266 266 265 265 265 265 265 265 265 264 264 264 265 265 265 265 266 266 267 266 266 266 266 266 266 266 267 268 267 267 268 268 268 268 267 267 267 267 267 268 268 268 269 269 269 268 268 268 267 267 267 267 268 268 267 267 267 266 266 267 267 267 266 266 266 266 266 266 267 267 267 267 267 267 267 267 267 267 267 267 267 268 268 268 268 268 268 267 267 267 267 268 268 267 267 267 267 267 267 267 267 267 268 268 268 267 268 268 268 268 268 267 267 267 267 267 267 267 267 267 268 267 267 267 267 267 268 268 268 268 268 268 268 268 268 268 268 268 268 268 268 268 268 268 268 268 268 268 268 268 268 268 268 268 268 268 268 268 268 268 268 268 268 268 268 268 268 268 267 268 268 268 268 267 267 267 267 267 267 267 267 267 268 268 268 268 267 267 267 266 266 266 266 266 267 268 267 266 266 265 265 265 265 265 266 266 266 265 265 265 265 265 266 266 266 266 266 266 266 266 267 267 267 267 266 266 267 267 266 266 267 267 267 266 267 267 267 267 267 267 267 268 267 267 267 267 267 266 266 267 267 268 267 267 267 267 266 266 267 267 267 267 267 266 267 267 267 267 268 268 268 267 267 268 267 267 268 268 268 268 268 268 268 268 268 263 263 262 263 262 262 262 262 261 261 261 261 261 261 261 262 262 262 263 263 263 263 263 264 264 264 264 265 265 265 266 266 267 267 267 266 266 266 266 266 266 266 266 266 266 267 267 267 267 267 266 266 266 266 266 266 266 266 267 267 267 267 267 267 267 267 267 267 267 267 267 267 267 267 267 267 267 266 265 265 265 265 265 266 266 266 266 265 265 266 266 266 266 265 265 266 265 266 265 266 265 265 266 266 266 265 265 265 265 265 265 265 265 265 265 266 266 266 265 265 265 265 265 265 265 264 264 264 264 265 265 265 265 266 266 266 266 266 266 266 266 266 267 268 268 268 268 268 268 268 268 267 267 267 267 268 268 268 269 268 268 268 269 268 268 267 267 267 268 268 268 267 267 267 266 267 268 267 267 266 266 266 266 266 266 267 267 267 267 267 267 267 267 267 268 268 268 268 267 267 267 267 267 267 267 266 267 267 267 267 268 267 267 267 267 267 267 267 267 268 268 268 268 268 268 268 268 268 268 267 267 267 267 267 267 267 267 267 268 267 267 267 268 268 268 268 268 268 268 268 268 268 268 268 268 268 268 268 268 268 268 268 268 268 268 268 268 268 268 268 268 268 268 268 268 268 268 268 268 268 268 268 268 267 267 267 267 267 268 267 267 267 267 267 267 267 267 267 267 267 269 269 269 268 267 266 266 266 266 266 267 268 268 267 266 265 265 265 265 265 265 266 266 266 265 265 265 265 265 265 266 266 267 267 267 267 266 266 266 266 266 266 268 268 268 267 267 267 267 266 266 267 267 266 267 267 267 267 267 267 268 267 267 267 266 266 267 267 267 267 267 266 266 266 266 267 267 267 267 267 266 267 266 267 267 268 267 266 267 267 267 267 267 267 267 267 267 268 268 268 269 268 269 263 262 262 262 262 262 262 262 262 261 262 263 263 263 264 264 264 264 264 265 264 264 265 265 265 266 266 267 267 266 266 266 266 266 266 267 267 267 267 266 266 267 267 267 267 267 266 266 266 266 266 266 266 266 267 267 267 267 267 267 267 267 267 267 267 267 267 267 267 267 267 267 267 267 266 266 265 265 264 264 265 266 266 265 265 265 265 265 266 265 265 265 266 266 265 265 265 265 265 265 265 265 265 265 265 265 266 265 265 266 266 266 266 265 265 265 265 265 265 264 265 265 265 265 264 264 265 265 265 265 266 266 265 266 266 267 267 267 267 267 267 267 267 267 267 268 268 267 267 267 267 268 268 268 268 268 267 268 268 269 268 268 267 267 268 268 268 267 267 266 266 267 267 268 267 267 267 266 266 267 266 266 266 266 266 267 267 267 267 267 267 267 267 267 267 267 267 267 267 267 267 267 267 267 267 267 268 267 267 267 268 268 267 267 267 267 267 267 268 268 269 268 267 267 267 267 267 267 267 267 267 267 267 267 268 267 267 267 267 267 268 268 268 268 268 268 268 268 268 268 268 268 268 268 268 268 268 268 268 268 268 268 268 268 268 268 268 268 268 268 268 268 268 268 268 268 268 268 268 268 267 267 267 267 267 267 267 267 267 267 267 267 267 267 267 267 268 269 270 270 269 268 267 267 266 266 267 269 269 268 266 265 265 265 265 265 265 266 266 266 266 266 266 266 266 266 266 266 266 266 266 266 266 266 266 266 266 265 267 267 268 268 268 267 267 267 266 266 267 266 266 267 267 267 267 267 268 267 267 267 267 267 267 267 266 266 266 266 266 266 265 266 266 267 267 267 267 266 266 267 267 267 267 266 267 267 267 266 267 266 267 266 267 267 268 268 268 268 264 263 263 262 262 262 262 262 262 262 262 263 263 263 263 263 264 264 264 264 265 265 265 265 266 266 267 267 267 267 266 266 266 267 267 267 267 266 266 266 267 267 267 267 267 266 266 266 266 266 266 266 267 267 267 267 267 267 267 266 267 267 267 267 267 266 267 267 267 267 267 267 267 267 266 266 265 264 264 264 265 265 265 264 264 265 265 265 265 265 265 266 266 266 265 265 265 265 265 265 265 265 265 265 266 266 265 265 266 266 266 265 265 265 264 265 265 264 265 265 265 265 264 264 264 265 265 265 266 266 265 266 267 267 266 266 266 267 267 267 267 268 268 268 268 268 267 267 268 268 267 268 267 267 267 267 267 268 268 268 267 267 267 268 268 268 267 266 266 267 267 268 267 267 267 266 266 267 267 266 266 266 266 266 266 267 267 267 267 267 267 267 267 267 267 267 267 266 267 267 267 267 267 267 268 268 267 267 268 268 267 267 267 267 267 267 267 268 268 268 268 268 267 267 268 267 267 267 267 268 268 268 268 268 267 267 267 267 268 268 268 268 268 268 268 268 268 268 268 268 268 268 268 268 268 268 268 268 268 268 268 268 268 268 268 268 268 268 268 268 268 267 267 267 268 268 268 268 268 267 267 267 266 267 267 267 267 267 267 267 266 267 267 267 267 268 269 270 270 270 269 269 267 267 268 269 269 268 267 267 266 265 265 265 265 265 266 267 267 267 266 266 266 266 266 266 266 266 266 266 266 266 265 265 265 265 267 267 267 267 267 267 267 267 267 266 267 266 266 266 266 266 266 266 267 267 267 267 267 267 267 267 267 266 266 265 265 265 266 265 265 266 266 267 266 266 267 267 267 266 266 266 267 267 267 267 266 266 266 266 267 267 267 267 268 262 263 263 263 262 262 262 263 263 263 264 264 265 265 265 265 265 266 266 267 267 267 266 266 267 267 267 267 267 267 266 266 267 267 267 267 267 267 266 266 266 266 266 266 267 267 267 267 267 267 267 267 267 267 267 267 267 267 267 267 267 267 267 267 267 267 267 267 267 266 265 265 264 264 264 264 264 264 264 264 265 265 265 265 265 265 265 266 266 265 265 265 265 265 265 265 265 265 266 266 265 265 265 266 266 266 265 265 265 265 265 265 266 266 265 264 264 264 264 265 265 266 265 265 266 266 266 266 266 266 267 267 267 267 268 268 268 268 268 268 268 268 267 267 267 267 268 268 268 267 267 267 267 267 267 267 268 268 268 267 267 266 266 267 268 268 267 267 266 266 267 267 266 266 266 266 266 266 266 267 267 267 267 267 267 267 267 267 267 267 266 266 267 267 267 267 267 267 268 268 268 267 267 267 267 267 267 267 267 268 268 267 268 268 268 268 267 268 268 267 267 267 268 269 268 268 267 267 268 268 267 267 268 268 268 268 268 268 268 268 268 268 268 268 268 268 268 268 268 268 268 268 268 268 268 268 268 268 268 267 268 268 268 268 268 268 268 268 267 268 268 267 267 267 267 267 267 267 267 267 266 266 267 267 266 267 267 266 267 267 268 269 270 270 270 269 269 269 269 269 269 268 268 266 265 265 264 265 265 265 266 267 267 267 267 267 267 266 267 266 266 266 265 265 265 265 265 265 265 267 267 267 267 267 267 267 267 267 267 267 267 266 266 266 266 266 266 266 266 266 266 266 267 267 267 267 267 266 266 265 265 265 265 265 265 265 265 265 266 266 266 266 266 266 266 267 267 267 266 267 266 266 266 266 267 267 267 267 262 263 263 263 263 263 264 264 265 265 266 265 265 265 266 266 266 266 266 266 267 267 267 267 267 267 267 267 267 267 267 267 267 267 267 266 266 266 266 267 267 267 267 267 267 267 267 267 267 267 267 267 267 267 267 267 267 267 267 266 266 267 267 267 267 267 267 267 266 265 265 265 266 266 265 264 264 264 264 265 265 265 266 265 265 265 265 265 265 265 265 265 265 265 265 265 266 266 266 266 266 266 266 265 265 265 265 265 265 265 265 265 264 264 265 265 265 265 265 265 265 266 266 266 265 266 267 267 267 267 267 267 268 268 268 268 269 268 268 267 268 267 268 268 268 267 267 267 268 268 267 267 267 267 267 268 268 267 267 266 267 268 268 268 267 267 267 267 267 266 266 266 266 266 266 266 266 267 267 267 266 266 266 266 266 266 266 266 266 267 267 267 267 267 267 268 268 267 267 267 267 267 267 268 268 268 268 267 267 268 268 268 268 268 268 268 267 267 267 268 268 268 268 268 268 268 267 267 267 267 268 268 268 268 268 268 268 268 268 268 268 268 268 268 268 268 268 268 268 268 268 268 268 268 268 268 267 267 267 267 268 268 268 268 268 267 268 268 268 268 267 267 267 267 267 267 267 266 266 266 267 267 266 267 266 266 266 267 268 269 270 270 269 269 269 269 269 269 269 269 267 266 265 264 264 265 265 265 266 266 267 267 267 267 267 266 266 266 266 265 265 265 265 265 265 265 267 267 267 267 267 267 267 267 267 267 267 267 266 266 266 266 266 266 266 266 266 266 266 266 266 267 267 267 267 266 266 266 266 265 265 265 265 265 265 265 265 265 266 266 266 266 266 266 266 266 266 266 267 266 266 266 266 266 267 267 262 263 264 264 264 264 264 265 265 266 266 266 265 265 266 266 266 266 266 267 267 267 267 267 267 267 267 267 267 267 267 267 267 267 267 267 267 267 267 267 267 267 267 267 267 267 267 267 267 266 267 266 267 267 267 267 266 266 266 267 267 267 267 267 267 267 267 267 267 266 266 266 266 266 266 265 265 264 264 264 265 265 265 265 265 265 265 265 265 265 265 265 265 265 266 265 265 266 266 266 266 266 266 265 266 266 265 265 266 265 265 265 264 264 265 265 265 265 265 265 266 266 266 265 265 266 267 267 267 267 267 267 267 268 268 268 269 269 268 268 268 268 268 268 268 268 268 268 268 268 267 267 266 267 267 268 268 268 267 267 268 268 268 267 267 267 267 266 267 267 266 266 266 266 266 266 266 266 266 266 266 266 266 266 266 266 266 266 266 267 267 267 267 267 267 267 268 267 267 267 267 267 267 267 268 267 267 267 267 267 267 268 269 268 268 268 268 268 267 268 268 268 268 268 268 267 267 267 267 267 268 268 268 268 268 268 268 268 268 268 268 268 268 268 268 268 268 268 268 268 268 268 268 268 268 268 267 267 267 267 267 267 267 268 268 268 268 268 268 268 268 268 267 267 267 267 267 266 266 266 266 266 266 266 266 266 266 266 267 269 269 270 270 269 269 269 269 269 268 268 267 267 266 265 264 265 265 265 265 265 266 266 266 267 266 266 266 266 266 265 265 265 265 265 265 265 267 267 267 267 267 267 267 267 267 267 267 267 267 266 266 266 266 266 266 266 266 266 266 266 266 266 266 266 267 267 267 267 266 266 267 267 266 266 265 265 265 265 265 265 265 265 265 266 265 266 266 265 266 266 266 266 266 266 267 261 262 263 264 264 264 265 265 264 265 265 266 266 265 265 266 266 266 266 267 267 267 267 267 267 267 267 267 267 267 267 267 267 267 267 267 267 267 267 267 267 267 267 267 267 267 267 267 267 266 266 266 266 266 267 267 267 266 266 267 267 267 267 267 267 267 267 267 267 267 267 267 266 266 266 265 265 265 264 264 264 264 264 265 265 265 265 265 265 265 265 266 265 265 265 266 266 265 266 266 266 266 267 266 266 266 266 266 266 265 266 266 265 265 265 265 265 264 265 265 265 265 265 266 265 265 265 266 266 266 266 267 267 268 268 267 267 268 269 269 269 268 268 269 268 268 269 269 269 269 268 268 267 267 267 267 268 269 268 268 267 267 268 268 268 267 267 267 266 266 267 267 267 266 266 266 266 266 266 266 266 266 266 266 266 266 266 267 266 266 267 267 267 267 267 267 267 268 268 268 267 267 267 267 267 267 267 267 267 267 267 267 267 268 268 268 268 268 268 268 268 268 268 268 268 267 267 267 267 267 267 267 268 268 268 268 268 268 267 268 268 268 268 268 268 268 268 268 268 268 267 267 267 267 268 268 268 267 267 267 267 267 267 267 267 267 268 268 267 267 268 268 268 267 268 267 267 267 267 266 266 266 266 266 266 266 266 266 266 267 268 269 269 269 269 269 269 269 268 268 268 267 267 266 266 266 265 265 265 265 265 265 266 266 266 266 266 266 266 266 266 266 265 265 265 265 265 266 266 266 267 267 267 267 267 267 267 267 267 267 266 266 266 266 266 266 265 265 265 265 266 267 267 266 266 266 266 266 266 266 266 266 266 266 267 267 266 265 265 264 265 265 265 265 265 265 266 266 266 266 266 266 266 266 266 267 263 263 264 264 264 264 265 265 265 266 266 266 265 265 266 266 266 266 266 267 267 267 267 267 267 267 267 267 267 267 267 267 267 267 267 267 267 267 267 267 267 267 267 267 267 267 267 267 266 266 266 266 266 266 266 266 266 267 267 267 267 267 267 267 267 267 267 267 267 267 266 265 265 265 264 264 264 264 264 265 265 265 265 265 265 265 265 265 265 265 265 265 265 265 265 265 266 266 266 266 266 267 267 267 267 266 266 266 266 266 266 265 265 265 265 265 264 264 264 264 264 265 265 265 266 266 266 266 266 266 267 267 268 267 267 268 268 269 269 269 269 269 270 269 269 268 268 269 269 269 268 267 267 267 268 268 268 269 268 268 268 267 268 268 268 267 267 266 266 266 266 266 266 266 266 266 266 266 266 266 266 266 267 267 266 266 267 267 266 266 266 267 266 267 267 267 267 267 267 267 267 267 267 267 267 267 267 268 267 267 267 267 268 268 267 267 267 267 267 268 268 268 268 267 267 267 268 268 268 267 267 267 268 268 268 267 267 268 268 268 268 268 268 268 267 268 268 267 267 267 267 267 267 267 267 267 267 267 267 267 267 267 267 267 267 267 267 267 267 268 268 268 268 268 267 267 267 266 266 266 266 266 266 266 266 266 266 266 266 267 267 268 268 268 268 268 268 269 269 268 267 267 266 265 265 265 265 265 266 266 265 266 266 266 266 266 266 266 266 266 266 265 265 265 265 265 266 266 266 266 266 266 266 266 266 266 266 266 266 266 266 266 266 266 266 265 265 265 265 265 266 266 266 266 266 266 266 266 266 266 266 265 265 266 266 266 266 265 265 264 265 265 265 265 265 265 266 266 266 266 266 266 266 266 266 263 263 263 264 265 265 266 266 266 266 266 265 265 266 266 266 266 266 267 267 267 267 267 267 267 267 267 267 267 267 267 267 267 267 267 267 267 267 267 267 267 267 267 267 267 267 267 266 266 266 266 266 266 266 267 267 267 267 267 267 267 267 267 267 267 267 267 266 266 265 265 264 265 265 265 265 265 265 265 265 265 265 265 265 265 265 265 265 265 265 265 265 265 265 265 266 266 266 266 267 267 266 267 267 267 266 266 267 267 266 266 266 266 265 265 265 265 265 264 265 265 265 266 266 266 266 266 266 267 267 267 267 267 268 269 269 269 268 269 269 269 269 268 268 268 268 268 268 268 268 268 268 268 269 268 268 269 268 268 268 268 267 267 267 267 266 266 266 266 266 266 266 266 266 266 266 267 266 266 266 266 267 267 266 267 267 267 267 266 266 267 267 267 267 267 267 267 267 267 267 267 267 267 267 267 267 268 268 268 268 267 267 267 267 267 267 267 267 267 267 267 267 267 267 267 267 268 268 267 267 267 267 267 267 268 268 268 268 268 268 268 267 267 267 267 267 267 267 267 267 267 267 267 267 267 267 267 267 267 267 267 267 267 267 267 267 267 267 268 267 268 268 268 267 267 267 267 266 266 266 266 266 266 266 266 266 266 266 266 266 266 267 268 269 269 269 269 268 268 267 266 266 265 265 265 265 265 266 266 266 265 265 265 266 266 266 266 266 266 265 265 265 265 265 267 267 266 266 266 266 266 266 266 266 266 266 266 266 266 266 266 266 266 266 265 265 265 265 265 265 265 265 266 266 266 266 266 265 265 265 265 265 265 266 266 266 265 265 264 265 265 265 265 265 265 265 265 265 265 265 265 266 264 265 265 266 265 265 265 265 265 265 266 266 266 267 267 267 267 267 267 267 267 267 267 267 267 267 267 267 267 267 267 267 267 267 267 267 267 267 267 268 267 267 267 267 267 266 266 266 266 266 267 267 267 267 267 267 267 267 267 267 267 267 267 267 266 265 265 265 266 265 265 265 266 265 265 265 265 265 265 265 265 266 265 266 265 265 265 265 265 265 266 266 266 266 266 266 266 266 266 266 267 267 266 266 267 267 267 267 267 266 265 265 265 265 264 265 265 265 266 266 266 266 267 267 267 266 267 267 268 268 269 268 268 268 268 269 270 270 269 269 269 268 268 268 268 269 269 269 269 268 268 268 268 269 268 268 269 268 268 267 267 267 266 266 266 266 266 266 266 266 266 266 267 267 266 266 266 267 267 267 267 267 267 267 267 266 266 266 267 267 267 267 267 267 267 267 267 267 267 267 267 267 267 268 268 267 267 267 267 267 267 267 267 267 267 267 267 267 267 267 267 267 267 267 267 267 267 267 268 268 268 268 268 268 268 267 267 267 267 267 267 267 267 267 267 267 267 267 267 267 267 267 267 267 267 267 267 267 267 267 267 267 267 267 267 267 267 268 268 267 267 267 267 266 266 266 266 266 266 266 266 266 266 266 266 266 265 266 267 268 268 269 269 268 268 267 267 266 266 265 265 265 265 265 266 265 265 265 265 265 265 265 265 266 266 266 265 265 265 265 267 266 266 266 266 266 266 266 266 266 266 266 266 266 266 266 266 266 266 266 265 265 265 265 265 265 265 265 266 266 266 265 265 265 265 265 265 265 265 265 265 265 266 265 265 265 265 265 265 265 265 265 265 265 265 265 265 265 264 265 265 266 266 266 265 266 266 266 266 267 267 267 267 267 267 267 267 267 267 267 267 267 267 267 267 267 267 267 267 267 267 267 267 267 267 267 267 267 267 267 267 266 266 267 267 267 267 267 267 267 267 267 267 267 267 267 267 267 266 266 265 265 266 266 265 265 266 265 265 265 265 265 265 265 265 265 265 266 265 265 265 265 265 265 265 266 266 266 266 266 266 266 267 266 266 266 266 266 266 266 266 266 266 267 266 265 265 265 264 265 265 265 266 266 266 267 266 267 266 267 267 268 268 267 268 268 267 268 269 269 269 269 270 270 269 269 268 268 268 269 269 269 269 268 268 268 268 269 268 268 268 268 268 267 267 267 267 266 267 267 267 267 266 266 266 266 267 267 266 266 266 266 267 267 267 267 267 267 267 266 266 266 266 267 267 267 267 267 267 267 267 267 267 267 267 267 267 267 267 267 267 267 267 267 267 267 267 267 267 267 267 267 267 267 267 267 267 267 267 267 267 267 268 268 268 268 268 267 267 267 267 267 267 267 267 267 267 267 267 267 267 267 267 267 267 267 267 267 267 267 267 267 267 267 267 267 267 267 267 267 267 267 267 267 267 267 267 266 266 266 266 266 266 266 266 266 266 266 265 266 266 266 266 266 266 267 268 268 268 267 267 266 265 265 265 265 265 265 265 265 265 265 265 265 265 265 265 265 265 266 266 265 266 266 267 266 266 266 266 266 266 266 266 266 265 265 266 266 266 266 266 266 266 266 265 265 265 265 265 265 265 265 265 265 266 266 265 265 265 265 264 264 264 264 264 264 265 265 266 266 265 265 265 265 265 265 265 265 265 265 265 265 266 266 266 266 267 267 267 267 267 267 267 267 267 267 267 267 267 267 267 267 268 268 267 267 267 267 267 268 268 267 267 267 267 267 267 267 267 267 267 267 267 267 267 267 267 267 267 267 267 267 267 267 266 265 265 266 266 265 265 266 265 265 265 265 265 266 266 265 265 265 266 266 265 265 266 266 265 265 266 266 266 266 266 266 267 267 267 267 266 266 266 266 266 265 265 266 267 266 266 265 265 265 265 265 265 265 265 266 266 266 266 267 267 268 268 267 268 267 267 267 268 268 269 269 269 269 269 269 268 268 268 268 269 268 268 268 268 268 268 268 268 268 268 268 268 268 267 267 266 266 267 267 267 267 267 266 266 266 266 267 267 267 266 266 266 267 267 267 267 267 267 267 267 266 266 266 266 267 267 267 267 267 267 267 267 267 267 267 267 267 267 267 267 267 267 267 267 267 267 267 267 267 267 267 267 267 267 267 267 267 267 267 267 267 267 267 267 267 267 267 267 267 267 267 267 267 267 267 267 267 267 267 267 267 267 267 267 267 267 267 267 267 267 267 267 267 267 267 267 267 267 267 267 267 267 267 267 267 267 267 267 267 267 266 266 266 266 266 266 266 266 266 266 266 266 265 265 266 266 266 267 267 267 267 266 266 265 265 265 265 265 265 265 265 265 265 265 265 265 265 265 265 265 265 265 265 265 267 267 267 266 266 266 266 266 266 266 266 265 265 265 266 266 266 265 266 265 265 265 265 265 265 265 265 265 265 265 265 265 265 265 265 265 264 264 264 264 264 264 264 264 265 265 266 266 265 264 265 265 265 265 265 267 267 267 267 267 267 267 267 267 267 267 267 267 267 268 268 268 268 268 267 267 267 267 268 268 268 268 267 267 267 267 267 267 267 267 267 267 267 267 267 267 267 267 267 267 267 267 266 266 266 266 266 265 265 265 265 265 265 265 265 265 265 265 265 265 265 265 266 266 266 266 266 266 266 266 266 266 266 267 266 267 266 266 266 266 267 267 267 266 265 265 265 266 266 266 266 266 265 265 265 265 265 265 266 266 266 266 267 267 267 267 267 267 267 268 269 269 269 268 269 269 268 269 269 269 268 268 267 268 268 268 268 269 269 268 268 268 268 268 268 268 268 267 267 267 266 267 267 267 267 267 266 266 266 266 267 267 267 266 266 266 266 266 266 266 267 267 267 267 267 267 266 266 267 266 266 266 267 267 267 267 267 267 267 267 267 267 267 267 267 267 267 267 267 267 267 267 267 267 267 267 267 267 267 267 267 267 267 267 267 267 267 267 267 267 267 267 267 267 267 267 267 267 267 267 267 267 267 267 267 267 267 267 267 267 267 267 267 267 267 267 267 267 267 266 266 266 266 266 266 266 267 266 266 267 267 267 267 267 267 266 266 266 266 266 266 266 266 265 265 266 265 266 266 265 265 266 266 266 266 266 266 266 266 265 265 265 265 265 265 265 265 265 265 265 265 265 265 265 265 265 265 265 267 266 266 266 266 266 266 266 266 266 266 265 265 265 265 265 265 265 265 265 265 265 265 265 265 265 265 265 265 266 266 265 265 265 265 264 264 264 264 264 264 264 264 264 264 264 264 265 265 264 265 265 267 267 267 267 267 267 267 267 267 267 267 267 267 267 267 268 268 267 267 267 268 268 268 267 267 267 267 267 267 268 267 267 267 267 267 267 267 267 267 267 267 267 267 266 266 266 266 266 266 266 266 265 266 266 266 266 266 265 265 265 265 266 266 266 265 265 265 265 265 266 266 266 266 266 266 266 267 267 267 267 267 267 266 266 267 266 266 266 266 266 266 265 265 265 265 265 265 265 265 265 265 265 266 266 266 266 266 266 267 267 268 268 268 268 269 269 269 268 268 268 269 269 269 269 268 268 267 267 268 268 268 268 268 268 268 268 268 268 268 268 268 267 267 267 266 267 267 266 266 267 266 266 266 266 267 267 267 266 266 266 266 267 267 266 267 267 267 267 268 267 267 267 266 266 266 266 266 266 266 267 267 267 267 266 266 266 267 267 267 267 267 267 267 267 267 267 267 267 267 267 267 267 267 267 267 267 267 267 267 267 267 267 267 267 267 267 267 267 267 267 267 267 267 267 267 267 267 267 267 267 267 267 267 267 267 267 267 267 267 267 267 266 266 266 266 266 266 266 266 266 266 266 266 266 266 266 267 267 267 267 266 266 266 266 266 266 265 265 265 265 266 266 265 265 265 265 266 265 266 266 266 266 265 265 265 264 265 265 264 264 265 265 265 265 265 265 265 265 265 265 265 265 266 266 266 266 266 266 265 266 266 266 266 266 265 265 265 265 265 265 265 265 265 265 265 265 265 265 265 265 265 265 265 265 265 265 265 264 264 264 264 264 264 264 264 264 264 263 264 264 264 265 267 267 267 267 267 267 267 267 267 267 267 267 267 267 267 267 267 267 268 268 268 268 268 268 267 267 267 267 267 267 267 267 267 267 268 267 267 268 267 267 267 267 267 267 266 266 266 267 267 266 265 265 266 266 266 266 266 265 265 265 265 266 266 266 266 266 266 266 266 266 266 266 266 266 266 267 267 267 267 267 268 267 267 267 266 266 266 266 266 266 266 266 266 265 265 265 266 266 265 265 265 265 266 266 266 267 267 267 268 268 268 268 268 268 268 268 268 268 268 268 269 269 269 269 269 268 267 268 268 268 267 267 268 268 268 268 268 268 268 268 268 267 267 266 266 266 266 266 266 266 267 266 267 266 267 267 267 266 266 266 266 266 267 267 267 267 267 268 267 268 267 267 267 267 266 267 267 267 266 266 266 266 266 266 266 266 266 267 267 267 267 267 267 267 267 267 267 267 267 267 266 266 267 267 267 267 267 267 267 267 267 267 267 267 267 267 267 267 267 267 267 267 267 267 267 267 267 267 267 267 267 267 267 267 266 267 267 267 267 267 267 267 267 266 266 266 266 266 266 266 266 266 266 266 266 267 266 267 267 267 266 266 266 266 265 265 265 265 265 265 265 265 265 265 265 266 265 265 265 265 266 266 266 266 265 265 265 265 265 264 264 265 265 264 264 264 265 265 265 265 265 265 267 266 266 266 266 266 265 265 266 266 266 265 265 265 265 265 265 265 265 265 265 265 265 265 265 265 265 265 265 265 265 265 265 265 265 264 264 264 264 264 264 264 264 264 264 263 263 263 263 263 267 267 267 267 267 267 267 267 267 267 267 267 267 267 267 267 267 268 268 268 268 268 268 268 268 267 267 267 267 267 268 268 267 267 267 267 267 268 267 267 267 267 267 267 267 266 266 266 265 266 266 266 266 266 265 265 265 266 265 265 265 266 266 266 266 267 266 266 267 267 266 267 267 267 267 267 267 267 267 267 267 267 267 267 267 267 267 267 266 265 265 265 266 266 266 266 265 265 265 265 265 266 266 266 267 267 267 267 267 268 268 268 268 268 269 268 268 268 269 269 269 269 269 269 268 268 268 268 268 268 268 267 268 268 268 268 268 268 268 268 267 267 266 267 267 267 266 266 266 266 266 266 266 267 267 266 266 267 266 266 266 267 267 267 267 267 267 267 268 268 267 267 267 267 267 267 267 267 267 266 266 267 266 266 266 266 266 266 266 266 267 267 267 267 267 267 267 267 267 267 266 267 267 267 267 267 267 267 267 267 267 267 267 267 267 267 266 267 267 267 267 267 267 267 267 267 267 267 267 267 267 266 266 266 267 267 267 267 266 266 266 266 266 266 266 266 266 266 266 266 266 266 266 266 266 266 267 267 267 266 266 265 266 265 265 265 265 265 265 265 265 265 266 266 265 265 264 265 265 265 265 266 266 265 265 265 265 264 264 264 264 264 264 264 264 264 265 265 265 265 265 267 267 266 266 266 266 265 265 265 265 266 266 265 265 265 265 265 265 265 265 265 265 264 264 264 265 264 264 264 265 265 265 265 265 265 265 265 264 264 264 264 264 264 264 264 263 263 263 263 268 267 267 267 267 267 267 267 267 267 267 267 267 268 267 267 268 268 268 267 268 268 268 268 267 267 267 267 267 267 267 267 267 267 267 267 267 267 267 267 267 267 267 267 266 266 266 265 266 266 266 266 266 266 265 265 265 265 265 265 266 266 266 266 266 266 266 267 267 267 267 267 267 267 267 267 267 267 267 268 268 267 267 267 266 266 266 267 266 266 265 265 265 265 265 265 265 265 265 265 265 266 266 266 267 267 267 267 267 268 268 268 268 268 269 268 268 268 269 268 268 268 269 269 269 269 268 267 267 268 267 268 268 267 268 268 268 268 268 268 268 267 267 267 267 267 267 266 266 266 266 266 267 267 267 267 267 267 266 266 266 266 267 267 267 267 267 267 267 267 267 267 267 267 268 268 268 267 267 267 266 267 267 267 267 266 266 266 267 266 266 267 266 266 266 266 266 266 267 267 266 267 267 267 267 267 267 267 267 267 267 267 267 267 267 266 266 266 267 267 267 267 267 267 267 267 267 267 267 267 266 266 266 266 267 267 267 267 266 266 266 266 266 266 266 266 266 266 266 266 266 266 266 266 266 266 266 266 267 266 266 265 265 265 265 265 265 265 265 265 265 265 265 265 265 265 264 265 265 265 265 264 265 265 265 265 265 264 264 264 264 264 264 264 264 264 264 265 265 265 265 267 267 267 266 266 266 266 265 265 265 266 266 265 265 265 265 265 265 265 265 264 264 264 264 264 264 264 264 264 264 264 264 265 264 264 264 264 264 264 264 264 264 264 264 264 263 263 263 263 268 268 267 267 267 267 267 267 268 267 268 267 267 267 267 267 267 268 268 268 268 268 268 268 268 267 267 267 267 267 267 267 267 267 267 267 267 267 267 267 267 267 266 266 266 266 266 266 266 266 266 266 265 265 265 265 265 266 266 267 267 266 266 267 267 267 266 266 267 267 267 267 267 267 267 267 267 267 267 267 267 268 267 267 266 266 266 266 266 266 266 266 265 265 265 265 265 265 265 266 266 267 267 266 266 266 267 267 268 268 268 268 269 268 268 268 268 268 269 269 269 269 269 268 268 267 267 268 268 268 268 268 268 267 268 268 268 268 268 267 267 267 267 267 267 267 267 266 266 266 267 267 267 267 267 267 266 266 266 266 267 267 266 266 266 266 266 266 267 267 267 267 267 268 268 267 267 267 267 267 267 267 266 266 266 266 266 266 266 266 266 266 266 266 266 266 266 267 266 267 267 267 267 267 267 267 267 267 267 267 267 266 266 266 266 266 266 267 267 267 267 267 267 267 267 267 267 266 266 266 266 266 267 267 267 267 266 266 266 266 266 266 266 266 266 266 266 266 266 266 266 266 266 266 266 266 266 266 266 266 266 266 265 265 265 265 265 265 265 265 265 265 265 264 265 265 265 264 264 264 264 264 265 265 264 264 264 264 264 264 264 264 264 264 264 264 264 264 265 267 267 267 266 266 266 266 266 265 265 265 266 266 265 265 264 264 265 265 264 265 265 264 264 264 264 264 264 264 264 264 264 264 264 264 264 264 264 264 263 264 264 264 264 264 264 263 263 268 268 267 267 267 268 268 268 268 268 267 267 267 267 268 268 268 268 268 268 268 268 267 267 267 267 267 267 267 267 267 267 267 267 267 267 267 267 267 267 267 267 267 266 266 266 266 266 266 266 266 265 266 265 265 265 265 266 266 266 266 266 266 266 266 266 266 266 266 266 267 267 267 267 267 267 267 266 266 266 267 267 267 267 267 266 266 266 266 266 265 265 265 265 265 264 265 265 265 265 266 266 266 266 267 267 267 267 267 268 268 268 268 268 268 268 268 269 269 269 269 269 268 268 268 268 268 268 268 268 268 268 267 267 267 267 268 268 267 267 267 267 267 268 268 267 267 266 267 267 267 267 267 267 267 266 266 267 266 266 266 266 266 266 266 267 267 267 266 267 267 267 267 267 267 268 267 267 266 266 266 266 266 266 266 266 266 266 266 266 266 266 266 266 266 266 266 266 266 266 266 266 266 267 267 267 267 267 266 266 266 266 266 266 266 266 267 267 267 267 267 267 267 267 267 266 266 266 266 266 266 267 267 267 267 266 266 266 266 266 266 266 266 266 266 266 266 266 266 266 266 266 266 266 266 266 266 266 266 266 266 265 265 265 265 265 265 265 265 264 264 265 264 265 265 265 264 264 265 264 264 264 264 264 264 264 264 264 264 264 264 264 264 264 264 264 264 264 266 267 267 266 266 266 266 266 266 265 265 265 266 265 265 264 264 264 264 264 265 265 265 264 264 264 264 264 264 264 264 264 264 264 264 264 264 264 263 263 263 263 263 263 263 264 264 264 268 268 268 268 268 268 268 268 267 267 267 268 268 268 268 268 268 268 268 268 267 267 267 267 268 267 267 267 267 267 267 267 267 267 267 267 267 267 267 267 266 266 266 266 266 266 266 266 266 266 265 265 266 266 265 266 266 266 266 266 266 267 267 266 267 267 267 267 267 267 268 267 267 267 266 266 266 266 266 266 267 267 267 266 266 266 266 266 266 265 265 265 265 264 265 265 265 266 266 267 267 266 266 266 267 268 268 267 269 268 268 268 268 268 268 268 269 269 269 268 268 268 268 268 268 267 267 267 267 267 267 267 267 268 268 267 267 267 267 267 268 268 268 267 267 267 267 267 267 266 266 266 266 266 266 267 266 266 267 267 267 267 267 267 267 267 267 267 267 267 267 267 268 267 267 266 267 267 267 266 266 266 266 266 266 266 266 266 266 266 266 266 266 266 266 266 266 266 266 266 266 266 266 266 266 266 266 266 266 266 266 266 267 267 267 267 267 267 267 266 267 266 266 266 266 266 266 266 266 266 266 266 266 266 266 266 266 266 266 266 266 266 266 266 266 266 266 266 266 266 266 266 266 266 266 266 266 266 265 265 265 265 265 264 264 264 264 264 264 264 264 264 264 264 264 264 264 264 264 264 264 264 264 264 264 264 264 264 264 264 264 264 264 264 265 266 267 267 266 266 266 266 266 266 265 265 265 265 265 265 265 264 264 264 264 264 264 264 264 264 264 263 264 264 264 264 264 263 263 263 263 263 263 263 263 263 263 263 263 263 263 268 268 268 268 268 268 268 268 268 268 268 268 268 268 267 268 268 268 268 268 267 267 267 268 268 267 267 267 267 267 267 267 267 267 267 267 267 267 267 267 267 267 267 267 267 267 266 266 266 265 265 266 266 266 266 267 267 266 266 266 266 267 267 267 267 267 267 267 267 268 267 267 267 266 266 266 266 266 266 266 266 266 266 266 266 266 266 265 265 265 265 265 265 264 265 266 267 267 266 266 266 267 266 267 267 267 267 268 268 268 269 268 268 268 269 269 270 269 268 269 269 268 268 267 267 267 267 267 268 267 267 267 267 268 268 267 268 268 268 268 268 268 267 267 267 267 267 266 266 266 266 266 266 266 267 266 267 267 267 267 267 267 267 267 267 267 267 267 267 267 267 267 267 267 267 267 267 267 266 266 266 266 266 266 266 266 266 266 266 266 266 266 266 266 266 266 266 266 266 266 266 266 266 266 266 266 266 266 266 266 266 267 267 267 266 266 266 266 266 266 266 266 266 266 266 266 266 266 266 266 266 266 266 266 266 266 266 266 266 266 266 266 266 266 266 266 266 266 266 265 265 265 265 266 266 266 265 265 264 264 265 265 265 264 264 264 264 264 264 264 264 264 264 264 263 263 263 263 263 263 263 264 265 264 264 264 264 264 264 264 264 264 264 264 266 267 267 266 266 266 266 266 266 266 265 264 265 265 265 265 264 264 264 264 265 264 264 264 264 263 263 263 263 263 263 263 263 262 262 262 262 262 262 263 263 263 263 268 268 268 268 268 268 268 268 268 268 268 268 267 267 268 268 268 268 268 268 268 267 267 267 267 267 267 267 267 267 267 267 266 267 267 267 267 267 267 267 267 267 266 267 266 267 266 266 266 266 266 266 267 267 267 267 267 267 267 267 267 267 268 268 267 267 267 267 267 267 267 266 267 267 266 267 267 266 266 266 265 265 266 266 266 266 266 266 265 265 265 265 265 265 266 267 267 266 266 266 267 267 267 267 267 268 267 267 267 267 268 268 268 268 268 269 269 269 268 268 269 269 267 267 267 267 267 267 267 267 267 267 267 268 268 267 268 268 267 267 268 268 268 268 267 267 267 267 267 266 266 266 266 266 266 266 267 267 267 267 267 267 267 267 267 268 267 267 267 267 267 268 268 268 268 268 267 267 266 266 266 266 266 266 266 266 266 266 266 266 266 266 266 266 266 266 266 266 266 266 266 266 266 266 266 266 266 266 266 266 266 267 266 266 266 266 266 266 266 266 266 266 266 266 266 266 266 266 266 266 266 266 266 266 266 266 266 266 266 266 266 265 265 266 266 266 266 265 266 265 265 265 265 265 265 266 265 265 265 265 264 265 265 265 264 264 264 264 264 264 264 264 263 263 263 263 264 264 264 264 264 263 263 264 264 264 264 264 264 264 264 264 264 264 266 266 267 267 267 266 266 266 266 266 265 264 264 264 265 265 264 264 263 264 264 264 264 264 264 263 263 263 263 263 262 262 262 262 262 262 262 262 262 262 262 262 262 268 268 268 268 268 268 268 268 268 268 267 267 268 268 268 267 267 268 268 268 267 267 267 267 267 267 267 267 267 267 267 267 267 267 267 267 267 267 267 267 267 266 266 266 266 266 266 267 267 267 267 266 266 266 267 267 266 267 267 267 267 267 267 267 266 267 267 267 267 266 266 266 266 267 267 266 266 267 266 266 265 265 266 267 266 266 266 266 265 265 266 265 266 266 266 266 266 266 266 267 267 267 268 267 267 267 267 267 267 268 268 268 268 268 268 269 269 269 268 268 269 268 268 267 267 267 267 267 267 267 267 267 268 268 268 267 268 267 267 268 268 268 267 268 267 267 267 267 267 266 266 266 266 266 266 267 266 266 266 266 267 267 267 267 267 267 267 267 267 267 268 268 268 268 268 267 267 266 266 266 266 266 266 266 266 266 266 266 266 266 266 266 266 266 266 266 266 266 266 266 266 266 266 266 266 266 266 266 266 267 266 266 266 266 266 266 266 266 266 266 266 266 266 266 266 266 266 266 266 266 266 266 266 266 266 266 266 266 266 266 266 266 266 266 265 265 265 265 265 265 265 265 265 265 265 265 265 265 265 264 264 265 265 265 264 264 263 264 264 264 263 264 264 264 264 264 264 263 264 264 264 264 263 263 264 264 264 264 264 264 264 264 264 266 267 266 266 266 266 266 266 266 266 265 265 264 263 263 264 264 264 263 264 264 264 264 264 264 263 263 263 263 263 262 262 263 263 263 262 262 262 262 261 262 262 268 269 269 269 269 269 269 268 267 267 268 268 268 268 268 268 267 267 268 268 268 267 267 267 267 267 267 267 267 267 267 267 267 267 267 267 267 267 267 267 267 267 267 267 266 265 266 266 267 266 266 266 266 267 267 267 266 266 266 267 267 267 267 266 266 266 267 267 266 266 266 266 266 266 267 267 267 267 267 267 266 265 265 266 266 266 265 266 265 265 265 265 266 266 266 266 266 266 266 266 266 267 267 268 268 267 267 267 267 267 268 268 268 268 269 269 269 269 268 268 268 269 268 267 267 267 267 267 267 267 267 267 267 268 268 267 267 267 267 268 268 267 267 268 267 267 267 267 266 266 266 266 266 266 266 266 266 266 266 267 267 267 267 267 267 267 268 268 268 267 268 268 268 268 268 268 267 267 266 266 266 266 266 266 266 266 266 267 267 266 266 266 266 266 266 266 266 266 266 266 266 266 266 266 266 266 266 266 266 266 266 266 266 266 266 266 266 266 266 266 266 266 266 266 266 266 266 266 266 266 266 266 266 266 266 266 266 265 265 265 265 266 265 265 265 265 265 265 265 265 265 265 265 265 264 264 264 265 265 264 264 265 265 265 264 263 263 264 263 263 263 264 264 264 264 264 264 264 263 264 264 264 263 263 263 263 264 264 264 264 264 264 264 266 266 267 266 265 265 266 265 265 266 266 265 264 264 263 263 263 264 264 264 264 264 264 264 264 263 263 263 263 263 263 262 262 262 263 263 262 262 262 262 269 269 269 269 268 267 268 269 267 267 267 267 267 267 267 268 268 268 267 267 267 267 267 267 267 267 267 267 267 267 267 267 267 267 267 267 267 267 268 267 266 265 265 266 267 266 266 266 266 266 266 266 266 267 267 267 267 267 266 266 266 267 267 267 266 267 266 266 266 266 267 267 267 267 267 267 267 266 265 265 265 266 265 265 266 266 266 265 265 265 266 266 267 267 267 267 266 267 267 267 268 268 267 267 267 268 269 268 268 269 269 268 268 268 268 268 268 269 268 267 267 267 267 267 267 267 267 267 267 267 267 267 267 267 267 267 267 268 268 268 267 267 267 266 266 266 266 266 266 266 266 266 266 266 266 266 266 266 267 267 267 267 268 268 268 267 267 267 267 268 268 267 267 267 266 266 266 266 266 266 266 266 266 266 266 266 266 266 266 266 266 266 266 266 266 266 266 266 266 266 266 266 266 266 266 266 266 266 266 266 266 266 266 266 266 266 266 266 266 266 266 266 266 266 266 266 266 266 266 266 266 266 266 266 265 265 265 265 265 265 265 265 265 265 265 265 265 265 265 265 264 264 264 264 264 264 264 264 264 264 264 263 264 265 264 264 264 264 264 264 264 265 264 264 264 264 265 264 264 264 263 263 263 263 263 263 263 263 263 265 265 266 266 266 265 265 265 265 266 266 266 265 264 263 263 263 264 264 264 264 264 264 264 264 263 263 263 263 263 263 262 262 262 262 263 269 269 268 268 268 267 267 267 267 267 267 267 267 267 267 267 267 267 267 267 267 267 267 267 267 267 267 267 267 267 267 267 267 268 268 268 267 266 266 265 266 266 266 266 266 266 266 266 266 266 266 266 267 267 267 266 266 266 267 266 266 266 267 267 266 266 266 267 266 266 267 267 267 267 267 266 265 265 265 265 265 265 265 266 265 265 266 266 266 266 267 267 267 267 267 267 267 267 268 268 268 267 268 268 268 269 269 269 269 269 268 268 268 268 268 268 267 267 267 267 267 267 267 267 267 267 267 267 267 267 267 267 267 267 267 267 267 267 267 267 266 266 266 267 266 266 266 266 266 266 266 266 266 266 267 267 267 267 267 267 268 268 267 266 266 266 267 267 267 267 267 266 266 266 266 266 266 266 266 266 266 266 266 266 266 266 266 266 266 266 266 266 266 266 266 266 266 266 266 266 266 266 266 266 266 266 266 266 266 266 266 266 266 266 266 266 266 266 266 266 266 266 266 266 266 266 266 266 266 266 266 265 265 265 265 265 265 265 265 265 265 265 265 265 265 265 264 264 264 264 264 264 264 264 264 264 264 263 264 264 264 264 264 264 264 264 264 264 264 265 264 264 265 265 264 264 264 263 263 263 263 263 263 264 263 263 265 265 265 266 266 266 265 264 265 265 266 266 265 265 264 263 263 263 263 263 264 264 264 264 264 264 264 263 263 263 263 263 262 262 269 269 269 268 267 267 267 267 267 267 267 267 267 267 267 267 267 267 267 267 267 267 267 267 267 267 267 267 267 268 268 268 267 267 266 265 265 265 266 265 266 266 266 266 266 266 266 266 267 266 266 266 266 266 266 266 267 266 267 267 266 266 267 267 266 266 267 267 267 266 266 266 266 265 265 265 265 265 265 265 265 266 266 266 266 267 267 267 267 267 267 267 267 267 267 268 268 268 268 268 268 268 268 269 269 268 269 268 269 268 268 268 268 267 267 267 267 267 267 267 267 267 267 268 267 267 267 267 267 267 267 267 267 267 267 267 266 266 267 267 266 266 266 266 266 266 266 266 266 266 266 267 267 267 267 267 268 268 267 267 266 266 266 266 266 267 267 267 266 266 266 266 266 266 266 266 266 266 266 266 266 266 266 266 267 266 266 266 266 266 266 266 266 266 266 266 266 266 266 266 266 266 266 266 266 266 266 266 266 266 266 266 266 266 266 266 266 266 266 266 265 266 266 266 266 266 266 265 265 265 265 265 265 265 265 265 265 265 264 264 265 264 264 264 264 265 265 264 264 264 264 264 264 263 263 263 263 263 263 263 264 264 264 264 264 264 264 264 264 264 265 265 264 264 264 263 263 263 263 263 263 263 265 265 265 265 265 266 266 265 264 264 265 265 265 264 263 264 263 263 263 263 263 263 263 264 264 264 264 264 264 263 263 263 263 262 268 268 268 268 267 267 268 267 267 267 267 267 267 267 267 267 267 267 267 267 267 267 267 267 267 268 268 267 266 266 265 266 266 265 266 266 266 267 267 266 266 266 266 266 266 266 265 266 266 266 266 266 266 266 266 267 266 266 266 266 266 266 267 267 267 267 266 266 266 266 266 265 265 265 265 265 265 265 266 266 266 266 266 266 267 267 267 267 267 267 268 268 268 268 268 268 267 268 268 268 268 268 268 268 268 268 268 268 268 267 267 267 267 267 267 267 267 267 268 267 267 267 267 267 267 267 267 267 267 267 267 267 266 266 267 267 267 267 266 266 267 267 266 266 267 267 267 267 267 267 267 267 267 268 267 267 267 267 266 266 266 266 266 267 267 266 266 266 266 266 266 266 266 266 266 266 266 266 266 266 266 266 266 266 266 266 266 266 266 266 266 266 266 266 266 266 266 266 266 266 266 266 266 266 266 266 266 266 266 266 266 266 266 265 266 265 265 265 266 266 266 265 265 265 265 265 265 265 265 265 265 265 264 264 264 264 264 264 264 264 264 264 265 264 264 264 264 264 264 264 264 263 264 263 263 264 264 264 264 264 264 264 264 263 263 264 264 265 265 264 264 264 264 263 263 263 263 263 264 264 264 265 265 266 265 265 265 264 264 264 264 263 263 265 264 263 263 263 263 263 263 264 264 264 264 264 264 263 263 263 263 262 268 268 268 268 267 267 267 267 267 267 267 267 267 267 267 267 267 267 267 268 267 268 268 267 266 267 267 267 267 266 266 266 266 267 267 266 267 266 267 267 266 266 266 265 265 265 266 266 266 266 266 266 266 265 266 266 266 266 267 266 266 266 266 266 266 266 266 266 266 265 265 265 266 265 265 266 266 265 266 266 267 268 267 267 267 267 267 268 268 268 268 268 268 268 268 268 268 268 268 267 268 268 268 268 268 267 267 267 267 267 267 267 267 267 267 267 267 267 267 267 267 267 267 267 267 267 267 267 266 267 267 267 267 267 266 266 267 267 267 266 266 267 267 267 267 267 268 267 267 267 267 267 267 266 266 266 266 266 266 266 267 267 266 266 266 266 266 266 266 266 266 266 266 266 266 266 266 266 266 266 266 266 266 266 266 266 266 266 266 266 266 266 266 266 266 266 266 266 266 266 266 266 266 266 266 266 266 265 265 265 266 265 265 265 265 265 265 265 265 265 265 265 265 265 265 265 265 265 264 265 265 265 264 264 264 265 265 264 264 264 264 264 264 264 264 264 264 264 264 263 263 264 264 264 264 264 263 263 263 263 263 263 264 264 264 265 264 264 264 263 263 263 264 264 265 265 265 265 265 265 265 265 265 265 264 264 264 263 263 264 265 264 263 263 263 263 263 263 264 264 264 263 263 263 263 262 262 262 268 268 268 268 268 267 267 267 267 267 267 267 268 268 267 267 267 268 268 268 267 268 267 266 267 267 268 267 267 266 267 267 267 266 266 267 266 266 267 267 267 267 266 266 265 265 266 266 266 266 266 266 265 266 266 266 266 266 266 266 266 266 266 266 265 266 266 266 266 265 266 266 265 265 265 265 266 266 267 267 267 267 267 267 267 267 267 267 268 268 268 268 268 268 268 268 268 268 268 267 267 268 268 268 267 267 267 267 267 267 267 267 267 267 267 267 267 267 267 267 267 267 267 267 267 267 267 267 267 267 267 267 267 267 267 267 267 267 266 266 266 266 267 267 267 267 267 267 267 267 267 266 266 266 266 266 266 266 266 266 266 266 266 266 266 266 266 266 266 266 266 266 266 266 266 266 266 266 266 266 266 266 266 266 266 266 266 266 266 266 266 266 266 266 266 266 266 266 266 266 266 266 266 266 266 265 265 265 265 265 265 265 265 265 265 265 265 265 265 265 265 265 265 265 265 265 265 265 265 265 265 264 264 264 265 265 264 264 265 264 264 264 264 264 264 264 263 263 263 263 263 263 264 264 264 263 263 263 263 263 264 264 264 264 264 265 264 264 264 263 263 264 264 265 265 265 265 265 264 264 265 265 265 265 264 263 263 263 264 264 265 263 263 263 263 263 263 263 263 264 264 263 263 263 262 268 268 268 268 267 267 267 267 268 267 267 267 267 268 268 267 267 267 267 266 266 267 268 268 268 268 267 267 267 267 266 266 267 266 266 266 267 267 267 266 266 265 265 265 265 266 266 266 265 265 265 266 266 266 266 266 266 266 266 266 266 265 265 265 265 265 265 265 265 265 266 266 266 266 266 266 266 266 266 266 267 267 267 267 268 268 268 268 268 268 267 268 268 268 268 268 267 267 268 267 267 267 267 267 267 267 267 267 267 267 267 267 267 267 267 267 267 267 267 267 267 267 267 267 267 267 267 267 267 268 267 267 267 267 266 266 266 267 267 267 267 267 267 267 267 267 267 266 266 266 266 266 266 266 266 267 266 266 266 266 266 266 266 266 266 266 266 266 266 266 266 266 266 266 266 266 266 266 266 266 266 266 266 266 266 266 266 266 266 266 266 266 266 266 266 266 265 266 266 265 265 265 265 265 265 265 265 265 265 265 265 265 265 265 265 265 265 265 265 265 265 265 265 265 265 265 265 265 265 264 265 265 264 264 264 265 265 264 264 265 264 264 264 263 263 262 263 264 263 263 263 263 263 263 263 263 264 263 263 264 264 264 264 265 264 263 263 264 264 265 265 265 265 264 264 265 264 264 265 265 265 264 263 263 263 263 264 264 263 263 263 263 264 264 264 263 263 263 263 263 263 262 268 268 268 268 267 267 267 267 267 267 267 267 267 267 267 267 267 266 267 267 268 268 268 268 268 267 267 268 267 267 267 266 266 266 266 267 267 267 266 266 266 266 266 266 266 266 266 265 265 265 266 266 266 266 266 265 265 266 266 266 266 266 265 265 265 265 265 265 266 267 266 266 266 266 266 266 266 267 267 267 267 267 267 267 268 267 267 268 267 267 268 268 268 268 267 267 267 267 267 267 267 267 267 267 267 267 267 267 267 267 267 267 267 267 267 267 267 267 267 267 267 267 266 267 267 267 267 267 267 267 267 267 267 266 266 266 267 267 266 266 267 267 267 267 266 266 266 266 266 266 266 266 266 266 266 266 266 266 266 266 266 266 266 266 266 266 266 266 266 266 266 266 266 266 266 266 266 266 266 266 266 266 266 266 266 266 266 266 266 266 266 266 265 265 265 266 265 265 265 265 265 265 265 265 265 265 265 265 265 265 265 265 265 265 265 265 265 265 265 264 265 264 264 264 264 265 265 265 265 264 264 264 264 265 265 264 264 265 265 264 264 264 263 263 262 263 264 264 264 264 263 262 263 263 263 263 263 263 264 263 264 264 264 264 264 264 264 266 266 265 265 265 265 265 265 264 264 264 264 264 264 263 262 262 263 264 264 264 263 263 263 264 264 263 263 263 263 262 262 262 268 268 267 267 267 267 267 267 267 268 267 267 268 268 267 267 267 267 268 268 268 268 268 268 268 267 268 268 267 267 267 267 267 267 267 267 266 266 267 266 265 266 267 267 266 265 265 265 265 266 266 266 266 265 265 265 266 266 266 266 265 265 265 265 266 266 266 266 266 266 266 266 266 267 267 267 267 267 267 267 267 267 267 267 267 267 267 268 267 268 268 267 267 266 268 267 267 267 267 267 267 267 267 267 267 267 267 267 267 267 267 267 267 267 267 267 267 267 267 267 266 267 267 267 267 267 267 268 267 267 266 266 266 266 266 266 267 267 267 267 266 266 266 266 266 266 266 266 266 266 266 266 266 266 266 266 266 266 266 266 266 266 266 266 266 266 266 266 266 266 266 266 266 266 266 266 266 266 266 266 266 266 266 266 266 266 266 265 265 266 266 265 265 265 265 265 265 265 265 265 265 265 265 265 265 265 265 265 265 265 265 265 265 265 264 265 265 265 264 264 264 264 264 264 264 265 264 265 265 265 266 265 265 265 265 265 265 265 264 264 264 263 262 263 264 264 264 264 263 263 263 263 262 263 263 263 263 263 263 264 264 264 264 265 266 266 265 265 265 265 265 265 264 264 264 264 264 264 263 263 262 262 263 264 264 264 263 263 264 263 263 263 263 262 262 262 262 267 267 267 267 268 268 268 268 268 268 267 266 267 267 267 267 267 267 267 268 268 268 267 267 268 267 267 267 267 267 266 265 265 265 265 265 266 265 266 266 266 265 264 264 264 264 265 265 265 265 265 265 265 265 265 265 265 265 265 265 265 265 265 265 265 265 266 266 265 266 266 266 266 266 266 266 266 266 266 266 266 266 266 267 267 266 267 267 266 266 267 267 267 266 266 266 267 267 267 267 267 267 267 267 267 267 267 267 267 267 267 267 267 266 267 267 267 267 267 267 267 267 267 267 266 266 266 266 266 266 266 266 266 266 266 266 266 265 265 265 265 265 265 265 265 266 265 265 265 265 265 266 266 266 266 266 265 265 265 265 265 265 265 265 265 265 265 265 264 265 265 265 265 265 265 265 265 265 265 265 265 265 265 265 265 265 265 264 264 264 264 264 264 264 264 264 264 264 264 264 264 264 264 264 264 264 264 264 264 264 264 265 264 264 264 264 265 264 264 264 264 264 265 264 265 266 266 265 265 265 266 266 266 265 264 264 264 264 263 262 263 263 263 264 264 264 264 264 263 263 263 263 263 262 263 263 263 263 264 264 264 264 264 263 263 263 263 263 263 263 263 262 262 263 263 262 261 261 261 262 262 262 263 262 262 262 262 262 261 261 261 267 268 268 268 268 268 268 268 267 267 267 267 267 268 268 268 267 268 269 269 268 267 268 268 268 268 268 268 266 266 265 266 266 266 267 266 266 266 266 265 265 265 265 264 264 264 264 265 264 264 264 265 265 266 265 265 265 265 265 266 265 265 265 265 266 265 265 266 266 266 266 266 266 267 266 266 266 266 266 266 266 266 266 266 267 267 266 266 267 267 266 266 266 266 266 267 267 267 267 267 267 267 267 267 267 267 266 267 267 267 267 267 267 267 267 267 267 267 267 267 267 267 266 266 266 266 266 266 266 266 266 266 266 266 266 265 265 266 266 266 266 265 265 265 265 265 265 265 265 266 266 265 265 265 265 265 265 265 264 264 265 265 265 264 265 265 265 265 264 265 265 265 265 265 265 265 265 265 265 265 265 265 265 264 264 264 264 264 264 264 264 264 264 264 264 264 264 264 264 264 264 264 264 264 264 264 263 264 264 264 264 264 264 264 265 265 264 263 264 264 264 264 265 265 266 265 265 265 266 266 266 266 265 265 265 264 264 263 263 263 263 264 264 264 264 264 264 263 263 263 263 263 262 262 263 263 264 264 264 264 264 264 264 263 263 263 263 264 263 263 262 263 263 262 262 261 261 261 262 262 262 263 262 262 262 261 262 261 261 267 268 268 268 268 268 268 268 267 267 267 268 268 268 268 268 268 268 268 269 269 268 268 268 269 269 269 268 267 267 266 266 266 266 266 266 266 266 265 265 266 266 265 265 265 265 265 265 265 265 264 264 265 265 266 265 265 265 266 266 266 266 265 265 266 265 266 266 266 266 266 266 266 266 266 266 266 266 266 266 266 266 266 266 266 267 266 266 267 267 267 266 266 266 266 267 267 267 267 267 267 267 267 267 267 267 266 266 267 267 267 267 267 267 267 267 267 267 267 267 267 266 266 266 266 266 266 266 266 266 266 266 266 266 266 266 266 265 265 266 266 265 265 265 265 265 265 265 265 265 265 265 265 265 265 264 264 265 265 265 264 265 264 264 264 265 265 264 264 265 265 265 265 265 265 265 265 265 265 265 265 265 264 264 264 264 264 264 264 264 264 264 264 264 264 264 264 264 264 264 264 264 264 263 263 263 263 263 264 264 264 264 264 264 265 265 265 264 264 264 264 264 264 265 265 265 265 265 266 266 266 265 265 265 264 264 263 263 263 263 263 263 263 263 263 264 264 264 264 264 264 263 263 263 262 263 263 263 264 264 264 264 264 264 264 263 263 264 263 263 263 263 263 263 262 262 261 261 262 262 262 263 262 262 262 262 262 261 267 268 268 268 268 268 268 268 268 267 268 268 268 268 268 268 268 268 268 269 269 269 269 269 269 269 269 269 269 268 267 267 267 266 266 266 266 266 266 266 266 266 266 266 266 266 265 265 265 265 265 264 264 265 265 265 265 265 266 265 266 266 266 266 265 265 266 266 266 266 265 266 266 266 266 266 266 266 265 266 266 266 266 266 266 266 267 266 266 267 267 267 266 266 266 266 267 267 267 267 267 267 267 267 267 267 266 266 267 267 267 267 267 267 267 267 267 267 267 267 267 266 266 266 266 266 266 266 266 266 266 266 266 265 265 265 266 266 265 265 266 266 265 265 265 265 265 265 265 265 265 264 264 264 264 264 265 265 265 265 264 265 265 265 264 265 265 264 264 264 265 265 265 265 265 265 265 265 265 264 264 264 264 264 264 264 264 264 264 264 264 264 264 264 264 264 264 264 264 264 264 264 264 264 264 263 263 263 264 264 264 264 264 264 264 264 264 264 264 264 264 264 264 264 265 265 266 266 266 265 264 264 264 264 263 263 263 263 264 263 263 263 264 263 263 263 264 264 265 265 264 264 264 264 263 263 263 263 264 264 264 264 264 264 263 264 264 264 263 262 262 261 261 261 262 262 262 262 262 262 262 262 268 268 268 268 268 269 268 269 268 269 268 268 268 268 268 268 268 269 269 269 269 269 269 269 268 269 268 268 268 268 268 268 267 266 266 266 266 266 266 266 267 266 266 266 266 266 266 265 265 265 265 265 265 265 265 265 265 265 265 266 266 266 266 266 266 266 266 266 266 266 265 266 266 266 266 266 266 266 265 266 266 266 266 266 266 266 267 267 266 266 267 267 266 266 266 266 266 267 267 267 267 267 267 267 267 267 266 266 266 267 267 267 267 267 267 267 267 267 266 267 267 267 267 266 266 267 266 266 266 266 266 266 265 265 265 265 265 265 265 265 265 265 265 265 265 265 265 265 265 265 264 265 265 265 265 265 265 264 265 265 265 265 265 265 265 265 265 264 264 264 265 265 265 265 264 265 265 265 264 264 264 264 264 264 264 264 264 264 264 264 264 264 264 264 264 264 264 264 264 264 263 264 264 263 263 263 263 263 263 264 264 263 264 264 263 264 264 265 264 264 264 264 264 265 265 266 266 266 266 265 264 264 263 263 263 264 264 264 263 264 264 263 264 264 263 263 263 264 264 264 264 264 264 264 264 264 264 264 264 264 264 264 264 263 264 264 261 261 262 268 268 268 268 269 269 269 269 269 268 269 269 269 269 269 268 268 268 269 269 269 269 269 269 269 269 268 268 267 268 268 267 268 267 267 266 266 266 266 266 266 266 266 266 266 266 266 266 266 266 265 265 265 265 265 265 265 265 265 265 266 266 266 266 266 266 266 266 266 266 266 265 266 266 266 266 266 266 266 266 266 266 267 266 266 266 266 266 267 266 266 267 267 267 267 266 266 266 266 267 267 267 267 267 267 267 267 266 266 267 267 267 267 267 267 267 267 267 266 266 267 267 267 267 267 267 267 267 267 267 267 266 266 265 265 265 265 265 265 265 265 265 265 265 265 265 265 265 265 265 264 265 265 265 265 265 265 264 265 265 265 265 265 265 265 265 265 264 264 264 264 265 265 265 264 264 264 264 264 264 264 264 264 264 264 264 264 264 263 263 263 263 263 263 263 264 264 264 264 264 264 263 264 264 264 263 263 263 263 263 263 263 263 263 263 263 264 264 264 264 264 264 264 265 265 265 265 265 265 266 265 265 264 263 263 264 265 265 264 263 263 264 264 265 264 264 263 263 263 264 263 263 263 263 263 263 263 263 263 264 264 264 264 261 268 269 268 269 269 269 269 269 269 268 269 269 269 269 269 269 269 269 269 269 269 269 269 269 269 268 267 267 268 268 267 267 267 267 267 266 266 266 266 266 267 267 267 267 266 266 266 266 266 266 265 265 265 265 265 265 265 265 265 266 266 266 266 266 266 266 266 265 265 265 266 266 266 266 266 266 266 266 266 266 266 266 266 266 266 266 266 266 267 266 266 267 267 267 267 266 266 266 266 266 266 267 267 267 267 267 267 266 266 266 267 267 267 267 267 267 267 267 266 266 266 266 267 266 267 267 267 266 266 266 266 267 266 266 265 265 265 266 265 265 265 265 265 265 264 265 265 265 265 265 264 265 265 265 265 265 265 264 265 265 265 265 265 265 265 265 265 265 264 264 264 264 265 265 264 265 264 264 264 264 264 264 264 264 264 264 263 263 263 263 263 264 263 263 263 264 264 264 264 264 264 263 263 264 264 263 263 263 263 263 264 263 263 262 263 263 263 263 263 264 264 264 264 265 265 265 264 264 265 265 265 265 264 263 264 265 265 265 264 264 264 264 265 264 263 263 263 263 263 263 263 263 263 263 264 263 263 263 263 263 264 269 269 270 270 269 270 270 270 269 269 269 269 270 270 270 269 269 269 269 269 269 269 269 268 267 267 268 268 268 266 267 267 267 267 267 266 266 266 267 267 266 267 267 267 266 266 266 266 266 266 266 265 265 266 266 266 266 265 265 266 266 266 266 266 266 266 266 266 266 266 266 266 266 266 266 266 266 266 266 266 266 266 266 266 266 266 266 267 266 266 267 267 266 267 267 266 266 266 266 266 267 267 267 267 267 267 266 266 267 267 267 267 267 267 267 267 267 266 266 266 266 266 266 267 267 266 267 266 266 267 267 266 266 266 265 266 266 266 265 265 265 265 265 265 264 264 265 265 264 264 265 264 265 265 265 265 265 265 265 265 265 265 265 265 265 265 264 264 264 264 264 265 265 265 265 264 264 264 264 264 264 264 263 263 263 263 264 263 263 264 264 264 264 263 264 264 264 264 264 263 263 263 264 264 263 263 263 263 263 263 264 263 262 262 263 263 263 263 263 264 265 264 264 264 264 264 264 264 265 265 264 264 263 264 265 265 265 265 264 264 264 265 264 264 264 263 263 264 264 264 264 263 263 264 264 263 263 264 264 270 270 270 270 270 271 271 271 270 270 269 269 270 270 270 270 269 269 269 269 268 268 267 267 267 267 267 267 267 266 266 266 266 267 267 266 266 266 267 267 266 266 267 267 266 266 266 266 266 266 266 266 265 265 266 265 265 265 266 266 266 266 266 266 266 266 266 266 266 266 266 266 266 266 266 266 266 266 266 266 266 266 266 266 266 266 266 267 266 266 266 266 266 267 267 267 266 266 266 266 266 267 267 267 267 267 267 266 267 266 266 267 267 267 267 267 267 266 266 266 266 266 266 266 266 266 267 266 267 267 266 266 266 266 265 266 266 266 266 265 265 265 265 265 264 264 264 264 264 264 265 265 264 265 265 265 265 265 265 265 265 265 265 265 265 265 264 264 264 264 264 265 265 264 264 264 264 264 264 264 263 263 263 263 263 264 264 263 263 264 265 265 264 263 264 264 264 264 264 264 263 264 264 264 263 263 263 263 263 263 263 264 263 262 262 262 263 263 264 264 265 265 264 264 264 264 264 265 265 265 265 264 264 264 264 264 265 265 265 265 265 265 264 264 264 263 263 264 264 264 263 264 263 263 264 263 264 271 271 271 271 271 270 271 270 270 270 270 270 270 270 269 269 269 269 269 268 268 267 267 267 266 266 266 266 266 266 266 266 266 266 266 265 266 267 267 266 266 266 267 267 267 267 267 266 266 266 266 265 266 266 265 266 266 266 266 266 266 266 266 266 266 266 266 266 266 266 266 266 266 266 266 266 266 266 266 266 266 266 266 266 266 266 267 267 267 266 266 266 266 267 267 266 266 266 266 266 267 267 267 266 266 266 266 266 266 266 267 267 267 266 267 267 266 266 266 266 266 266 266 266 266 266 266 267 266 267 266 265 266 265 266 266 266 265 266 265 265 265 265 265 265 264 264 264 264 264 265 264 264 265 265 265 265 265 265 265 265 265 265 265 265 264 264 264 264 264 265 264 264 264 264 264 264 264 264 264 263 264 264 264 264 264 264 263 264 264 265 264 263 264 264 265 264 264 263 263 264 264 264 264 264 263 262 263 264 263 263 263 262 262 263 263 263 263 264 264 264 264 264 264 264 264 265 265 265 265 264 264 264 264 264 265 265 266 266 266 265 264 265 265 264 264 264 264 264 264 264 264 264 264 263 271 270 270 271 271 271 271 272 272 271 271 270 270 271 271 270 269 269 270 269 269 269 269 269 268 269 268 268 267 266 266 267 266 266 266 266 266 266 266 266 266 266 266 266 266 267 267 266 266 266 267 267 267 267 267 266 266 266 266 266 266 266 265 265 266 266 266 266 266 266 266 266 266 266 266 266 266 266 266 266 266 266 266 266 266 266 266 266 266 266 266 266 266 266 266 266 266 267 266 266 266 267 266 266 266 266 266 266 267 267 266 266 266 266 266 266 266 266 266 266 266 266 266 267 266 266 266 266 266 266 267 266 266 266 266 266 266 266 266 265 266 265 265 265 266 265 265 266 266 265 265 265 265 265 264 264 264 264 264 265 264 264 265 265 265 265 265 265 265 264 264 264 264 265 264 264 264 264 264 264 264 264 264 263 264 264 264 264 264 264 264 264 264 265 264 263 264 264 265 264 263 264 265 264 263 263 263 263 264 264 264 264 263 263 262 264 264 263 263 262 262 262 262 262 262 262 263 263 263 264 265 264 264 264 264 265 265 265 265 264 264 265 265 265 266 266 266 266 265 265 265 265 264 264 264 264 264 265 264 264 271 271 271 271 272 271 271 271 271 271 271 271 270 270 270 271 271 269 269 269 269 269 268 268 268 268 268 268 268 267 266 266 266 266 266 266 266 266 266 266 266 266 266 266 266 266 266 266 266 266 266 266 266 267 267 267 267 266 266 266 266 266 266 266 266 265 266 266 266 266 266 266 266 266 266 266 266 266 266 266 266 266 266 266 266 266 266 266 266 266 266 266 266 266 266 266 266 266 266 266 267 266 266 266 266 266 266 266 266 266 266 266 266 266 266 266 266 266 267 266 267 267 266 266 266 266 266 266 266 266 266 266 266 266 266 266 266 266 266 266 265 265 266 265 265 265 265 265 265 265 265 265 265 265 265 264 264 264 264 265 265 265 264 265 265 265 265 265 265 264 265 265 265 264 264 265 264 264 264 264 264 264 264 264 264 264 264 264 264 264 264 264 263 264 265 264 264 264 264 264 265 264 264 265 264 263 264 264 263 263 264 264 264 264 263 263 262 263 264 263 262 262 262 262 263 263 262 263 263 263 263 264 265 265 264 264 264 265 265 265 265 264 264 265 265 265 266 266 266 266 266 266 265 264 264 263 263 264 264 264 271 271 271 271 271 271 271 271 271 271 271 270 270 270 270 270 270 270 270 270 269 268 268 268 268 268 268 268 268 268 268 267 266 266 266 266 266 266 266 266 266 266 266 266 266 266 266 266 266 266 266 266 266 266 267 267 266 267 267 266 266 266 266 266 266 266 266 266 266 266 266 266 266 266 266 266 266 266 266 266 266 266 266 266 266 266 266 266 266 266 266 266 266 266 266 266 266 266 266 266 266 266 266 266 267 266 266 266 266 266 266 266 266 266 266 266 266 266 266 267 267 267 267 267 267 267 266 266 266 266 266 266 266 266 266 266 266 266 266 266 266 266 265 265 265 265 266 265 266 265 265 265 265 265 265 265 265 265 265 264 264 264 264 265 265 265 265 265 265 265 265 264 264 264 265 265 264 264 265 264 264 264 263 264 264 264 264 263 264 264 264 264 263 264 264 264 264 264 265 264 264 265 264 264 264 264 264 264 264 264 264 263 263 264 264 264 263 263 262 262 263 263 262 262 262 262 262 263 263 264 264 263 263 264 264 265 265 265 264 264 265 265 265 265 264 264 264 264 265 265 265 265 265 265 265 265 265 264 264 263 264 264 264 271 270 271 271 271 271 271 270 270 270 270 270 270 270 270 269 269 270 269 268 267 267 267 268 267 267 267 267 267 267 266 266 266 266 266 266 266 266 266 266 266 266 266 266 266 266 266 266 266 266 266 266 266 266 267 266 267 267 267 266 266 266 266 266 266 266 266 266 266 266 267 266 266 266 266 266 266 266 266 266 266 266 266 266 266 266 266 266 266 266 266 266 266 266 266 266 266 266 266 266 266 266 266 267 266 266 266 266 266 267 266 266 266 266 266 266 266 266 266 267 266 266 267 267 267 267 266 266 266 266 266 266 266 266 266 266 266 266 267 266 265 265 265 265 265 265 265 266 265 265 265 265 265 265 265 265 265 264 264 265 265 265 265 265 265 265 265 265 265 265 264 264 264 265 264 264 264 265 265 264 264 264 264 264 264 263 263 263 263 264 264 264 264 265 264 264 265 265 264 264 265 265 265 264 264 264 264 264 264 264 263 263 264 264 264 263 263 262 262 262 261 261 262 262 263 263 263 264 264 264 264 264 264 264 264 265 265 265 264 265 265 266 265 265 264 265 265 264 265 265 265 265 265 265 265 265 264 264 263 263 263 263 270 271 271 271 270 270 269 269 269 269 270 270 270 269 269 268 269 268 267 267 266 267 267 267 266 266 266 266 266 265 265 266 266 266 266 266 266 266 266 266 266 266 266 266 266 266 266 266 266 266 266 266 266 267 267 266 267 267 266 266 266 266 266 266 266 266 266 266 267 266 266 266 266 266 266 266 266 266 266 266 266 266 266 266 266 266 266 266 266 266 266 266 266 266 266 266 266 266 266 266 266 266 266 266 266 266 266 266 266 266 266 266 266 266 266 266 266 266 267 267 267 267 267 267 266 266 266 266 266 266 266 266 266 266 266 266 266 266 266 265 265 265 265 264 265 265 265 265 265 265 265 265 265 265 264 264 264 264 264 265 265 265 265 265 265 265 265 265 265 264 264 264 265 264 264 264 264 264 264 263 264 264 264 264 264 263 263 264 264 264 264 265 265 264 265 265 265 264 264 265 265 265 265 265 264 264 264 263 264 264 264 264 264 264 263 263 262 261 261 261 262 262 262 263 264 264 263 263 264 264 264 264 264 264 265 265 265 265 265 265 266 265 264 264 265 266 265 265 265 265 265 265 266 265 264 263 263 263 263 263 263 263 270 269 270 270 269 269 269 269 269 268 268 269 268 269 268 267 268 267 266 266 266 266 265 265 265 265 265 265 265 266 266 266 266 266 266 266 266 266 266 267 266 266 266 266 266 266 266 266 266 266 266 266 266 267 267 266 267 267 266 266 266 266 266 266 266 266 266 266 266 266 266 266 266 266 266 266 266 266 266 266 266 266 266 266 266 266 266 266 266 266 266 266 266 266 266 266 266 266 266 266 266 266 266 266 266 266 266 266 266 266 266 266 266 266 266 266 266 266 266 267 267 267 267 267 267 267 266 266 266 266 266 267 266 266 266 266 266 266 266 265 265 265 265 265 265 265 265 265 265 265 265 264 264 264 264 265 265 264 264 264 265 265 264 265 264 265 265 265 265 265 265 264 264 264 264 264 264 264 263 263 264 264 264 264 264 263 263 263 263 263 264 264 265 265 265 265 265 264 264 265 265 266 265 265 264 264 264 263 263 263 264 264 263 263 263 262 262 261 261 262 263 263 263 264 264 263 264 264 264 264 264 264 264 264 264 265 265 265 265 266 265 265 265 265 266 266 265 265 265 266 265 266 265 265 264 264 263 263 263 263 263 263 263 270 270 268 269 268 268 267 267 267 267 267 267 267 267 267 267 266 266 266 266 266 266 265 266 266 266 266 266 266 266 266 266 266 266 266 267 267 267 267 267 266 266 266 266 266 266 266 266 267 266 266 266 266 266 266 266 266 267 266 266 266 266 266 266 266 266 266 266 266 266 266 266 266 266 266 266 266 266 265 265 265 266 266 266 266 266 266 266 266 266 266 266 266 266 266 266 266 266 266 266 266 266 266 266 266 266 266 266 266 266 266 266 266 266 266 266 266 266 267 266 267 267 267 267 266 266 266 266 266 266 266 266 266 266 266 266 266 266 266 265 265 265 265 265 265 266 265 265 265 265 265 264 264 265 265 265 265 264 264 264 264 264 264 264 264 264 265 265 265 265 265 265 264 264 264 264 264 264 264 263 264 264 264 264 264 263 263 264 264 264 264 265 265 265 265 265 265 264 264 265 265 265 265 265 264 264 264 263 263 262 263 263 263 263 262 262 262 262 262 262 263 264 264 263 263 263 263 264 264 264 264 264 264 264 264 265 265 265 265 266 266 265 265 265 266 265 265 265 265 266 266 265 264 264 264 263 263 263 263 263 263 263 263 272 272 272 271 271 272 272 272 271 270 269 268 267 267 267 267 267 267 267 267 267 267 267 266 266 266 266 266 266 266 266 266 266 266 266 266 266 266 266 266 267 267 267 267 267 267 267 267 267 266 266 266 266 266 266 266 266 266 267 267 266 267 266 266 267 266 266 266 266 266 266 266 266 266 266 266 266 266 266 266 266 266 266 266 266 266 266 266 265 265 265 266 266 266 266 266 266 266 266 266 266 266 266 266 266 266 266 266 266 266 266 266 266 266 266 266 266 266 267 266 266 266 266 266 266 266 266 267 266 266 267 267 266 266 266 266 266 266 266 267 267 266 266 266 266 266 266 266 265 265 265 265 265 265 265 265 265 265 264 265 264 265 265 265 265 265 264 264 264 264 264 264 264 264 265 264 265 265 265 265 264 264 264 264 265 264 264 264 263 264 264 264 264 263 263 263 263 264 264 265 264 265 264 265 265 265 265 265 264 265 265 265 265 264 264 263 264 263 263 262 263 263 262 262 262 263 262 261 262 262 263 263 262 263 264 264 264 264 264 264 264 264 264 264 264 265 265 265 266 266 265 265 265 266 265 265 265 265 265 265 265 264 263 263 263 263 263 263 263 263 263 263 263 272 272 272 271 271 271 271 272 272 272 273 273 272 271 273 272 270 269 268 268 267 267 267 267 267 267 267 267 267 267 267 267 267 267 266 266 266 266 267 267 267 267 267 267 267 267 267 267 267 267 267 267 267 267 267 267 266 266 266 266 266 266 266 266 267 266 266 266 266 266 267 267 267 266 266 266 266 266 266 266 266 266 266 266 266 266 266 266 266 266 266 266 266 266 266 266 265 265 265 266 266 266 266 266 266 266 266 266 266 266 266 266 266 266 266 266 266 266 266 266 266 266 266 266 266 266 266 266 266 266 266 266 266 266 266 267 267 267 267 267 267 266 266 266 266 266 266 266 266 266 267 266 266 266 266 265 265 265 265 265 265 265 264 264 264 265 265 264 265 265 265 265 264 265 265 265 264 264 264 264 265 264 264 264 265 265 265 264 264 265 265 265 264 264 263 264 264 264 264 264 264 263 263 264 264 264 264 264 265 264 264 264 265 265 265 265 265 265 265 265 265 264 263 263 263 263 262 262 262 263 262 262 262 262 262 262 262 262 262 262 263 263 263 264 264 264 264 264 264 264 264 265 265 265 265 266 266 265 265 265 265 265 265 265 265 265 265 265 264 264 263 263 263 263 263 263 263 263 263 263 263 272 272 272 271 271 272 271 271 271 271 272 272 272 273 273 272 272 272 273 273 273 273 272 271 270 268 268 267 267 267 267 267 267 267 267 267 267 267 267 267 267 267 267 267 267 267 267 267 267 267 267 267 267 267 267 267 267 267 267 267 267 267 266 266 266 266 266 266 266 266 267 267 267 267 266 266 267 267 267 267 267 266 266 266 266 266 266 266 266 266 266 267 267 267 266 266 266 266 266 266 266 266 266 266 265 265 265 266 266 266 266 266 266 266 266 266 266 266 266 266 266 266 266 266 266 266 266 266 266 266 266 266 266 266 266 266 267 266 266 266 266 266 266 267 267 267 267 267 266 266 266 266 266 266 266 266 267 267 266 266 266 266 265 265 266 265 265 265 265 265 264 264 265 264 264 264 264 265 265 265 265 265 264 264 264 264 264 264 264 264 264 265 264 265 265 264 265 265 265 265 264 264 265 265 264 264 264 264 263 263 263 264 264 264 264 264 264 264 264 264 264 265 265 265 265 265 264 265 264 264 263 263 263 262 262 262 262 262 262 262 262 262 263 263 263 263 263 263 263 263 263 263 263 263 264 264 264 264 264 264 265 265 266 266 265 265 265 265 265 264 264 265 264 265 265 264 264 263 263 263 263 264 263 263 263 263 263 263 263 272 271 271 271 271 271 272 271 271 271 270 271 272 272 272 272 271 271 271 272 272 272 272 272 272 273 274 273 273 272 271 270 269 267 267 267 267 267 267 268 268 268 268 268 268 268 268 268 267 267 267 267 267 267 267 267 267 267 267 267 267 267 267 267 267 267 267 267 266 266 266 266 266 266 266 267 267 267 267 267 267 266 267 267 267 267 267 266 266 266 266 266 266 266 266 266 266 266 267 267 267 267 267 266 266 266 266 266 267 267 266 266 265 265 265 265 266 266 266 266 266 266 266 266 266 266 266 266 266 266 266 266 266 266 266 266 266 266 266 266 266 266 266 266 267 267 266 266 266 266 267 267 267 267 266 266 266 266 266 266 266 266 266 266 267 267 266 266 266 266 266 266 266 265 265 266 265 265 265 264 264 265 264 264 265 265 265 264 264 264 264 264 264 264 264 264 264 264 264 264 265 265 265 265 265 264 264 264 264 265 264 264 264 264 264 263 263 263 264 264 264 264 264 264 264 264 264 265 265 265 265 264 264 265 265 264 264 264 264 263 263 262 262 262 262 262 262 262 262 263 263 263 264 264 264 264 264 264 264 264 264 263 264 264 264 264 264 264 264 265 266 265 265 265 265 265 264 264 264 264 265 265 264 264 263 263 263 263 264 263 263 263 263 263 263 263 263 263 272 272 271 271 271 272 272 271 271 271 271 271 271 272 271 271 270 270 270 271 272 273 272 272 272 272 273 273 272 272 271 270 269 268 267 266 267 267 268 268 268 268 268 268 268 268 268 268 267 267 267 267 267 267 267 267 267 267 267 267 267 267 267 267 267 267 266 266 266 266 266 266 266 267 267 266 267 266 267 267 267 266 267 267 267 267 267 267 266 266 266 266 266 266 266 266 266 266 267 267 267 267 267 266 267 266 266 266 266 267 266 266 266 265 265 265 265 266 266 266 266 266 266 266 266 266 266 266 266 266 266 266 266 266 266 265 266 266 266 266 266 266 266 266 266 266 266 266 267 267 267 267 267 266 266 266 266 266 266 266 266 266 266 266 266 266 266 266 266 265 265 265 265 266 265 265 266 266 265 265 264 265 265 265 265 266 265 265 265 264 264 265 265 264 264 264 264 264 264 264 264 265 265 265 264 264 264 265 265 265 264 264 264 264 264 263 263 263 263 264 264 264 264 264 264 264 264 264 264 265 264 264 264 264 264 264 264 263 263 263 263 263 262 262 262 262 263 263 263 263 263 263 263 263 263 263 263 263 263 263 264 264 263 263 263 263 263 264 264 264 265 266 265 265 265 265 264 264 264 264 264 264 264 264 263 264 263 263 263 264 263 263 263 263 263 263 263 263 272 272 271 272 271 272 272 272 271 271 271 271 271 271 271 271 270 270 270 271 272 273 272 271 272 272 272 272 272 271 270 269 268 267 267 267 267 267 268 268 268 268 268 268 268 268 268 268 267 267 267 267 267 267 267 267 267 267 267 267 267 267 267 267 267 266 266 266 266 266 266 267 267 267 267 267 267 266 266 266 267 266 267 267 267 267 267 267 267 266 266 266 266 266 266 266 266 266 266 267 267 267 267 266 267 267 266 266 266 266 267 266 266 266 265 265 265 265 265 265 266 266 266 266 266 266 266 266 266 266 266 266 266 266 265 265 266 266 266 266 266 266 266 266 266 266 267 266 266 267 267 267 266 266 266 266 266 266 266 266 266 266 266 266 266 266 266 266 265 265 265 265 265 265 265 265 265 265 266 266 265 265 266 266 266 266 266 266 265 265 265 265 265 265 264 265 264 264 264 264 264 265 265 265 264 264 265 265 265 264 264 264 264 264 264 264 264 264 263 264 264 264 264 264 264 264 264 264 264 264 264 264 263 264 264 264 263 263 263 263 263 263 263 262 262 262 262 262 263 263 263 262 262 262 262 263 263 263 263 263 263 264 264 264 264 263 264 264 264 264 265 265 265 265 265 265 264 264 264 264 264 264 264 264 264 264 263 263 263 264 263 263 262 262 263 263 263 263 272 272 272 271 272 272 272 271 271 271 271 271 271 271 270 270 270 271 271 272 272 271 271 271 271 271 272 271 271 270 269 269 268 267 267 267 268 268 268 268 268 268 268 268 268 268 268 267 267 267 267 267 267 267 267 267 267 267 267 267 267 267 266 266 266 267 267 267 267 267 267 267 267 267 267 267 267 267 267 267 266 267 267 267 267 267 267 266 266 266 266 266 266 266 266 266 266 266 266 267 267 267 266 266 266 266 266 266 266 266 267 266 266 265 265 265 265 266 265 266 266 266 266 266 266 266 266 266 266 266 266 266 266 266 265 266 266 266 266 266 266 266 266 266 266 266 267 267 267 267 267 267 266 266 266 266 266 266 266 266 266 266 266 266 266 266 266 266 266 266 265 265 265 265 265 265 266 265 265 266 266 266 266 266 266 266 266 265 266 265 265 265 265 265 265 264 264 264 264 264 265 264 264 264 264 265 265 265 264 264 264 264 264 264 264 264 264 264 263 263 264 263 264 264 264 264 264 264 264 264 264 263 263 263 264 263 263 263 263 263 263 263 262 262 262 262 262 263 263 263 263 263 263 262 262 262 263 263 263 263 263 264 264 264 264 264 264 264 264 265 265 265 265 265 265 264 264 264 264 264 264 264 264 264 264 263 263 263 263 263 263 262 263 263 263 272 271 271 271 271 272 272 272 272 272 271 271 270 271 271 270 270 271 271 271 271 272 271 271 270 270 270 272 271 270 269 268 268 268 267 267 268 268 268 268 268 268 268 268 268 268 268 268 267 267 267 267 267 267 267 267 267 267 267 267 267 267 267 267 267 267 267 267 267 267 267 267 267 267 267 267 267 267 267 267 267 267 267 267 267 267 267 266 266 266 266 266 266 266 266 266 266 266 266 267 267 267 267 266 266 266 266 266 266 266 266 267 266 266 266 265 265 265 265 265 266 266 266 266 266 266 266 266 266 266 266 266 266 266 266 265 265 265 266 266 266 266 266 266 266 266 266 266 266 266 266 266 266 266 266 266 266 266 266 266 266 266 266 266 266 266 266 266 266 265 266 265 265 265 266 265 265 265 265 265 266 266 265 266 266 266 265 265 266 265 265 265 265 265 265 264 264 264 264 264 264 265 264 264 265 264 264 265 265 265 264 264 264 264 264 264 264 263 263 263 263 263 264 264 264 263 264 264 264 264 264 263 263 263 263 263 263 263 263 263 263 263 262 262 262 262 262 262 263 263 263 263 263 263 262 262 262 263 263 263 263 263 263 263 263 263 264 264 264 264 265 264 264 264 265 265 264 264 264 264 264 264 264 264 264 264 263 263 263 263 264 263 263 263 263 272 271 271 271 271 272 272 272 271 270 270 270 270 270 270 270 270 270 271 271 272 271 270 270 269 271 271 270 269 268 267 267 267 267 268 268 268 268 268 268 268 268 268 268 268 268 267 267 267 267 267 267 267 267 267 267 267 267 267 267 267 267 267 267 267 267 267 267 267 267 267 267 267 267 267 267 267 267 267 267 267 267 267 267 267 266 266 266 266 266 267 266 266 266 266 266 266 266 267 267 267 266 266 266 266 266 266 266 266 266 266 266 266 266 265 265 265 266 266 266 266 266 266 266 266 266 266 266 266 266 266 266 266 265 265 266 266 266 266 265 266 266 265 265 266 266 266 266 266 266 266 266 266 266 266 266 266 266 266 266 266 266 266 266 266 266 265 265 265 265 265 265 265 265 265 266 265 265 265 266 265 266 266 265 265 265 266 266 266 265 265 265 265 265 264 264 264 264 264 265 264 264 264 264 264 265 265 265 265 265 265 265 265 264 264 263 263 263 263 263 263 263 263 263 264 264 264 264 264 264 263 263 263 263 263 263 263 263 263 263 262 262 262 262 262 262 263 262 262 262 262 262 262 262 262 262 262 262 263 263 263 263 262 263 264 263 263 264 264 264 264 264 264 264 264 264 264 264 264 264 264 264 264 264 264 264 264 264 264 264 264 264 263 272 273 272 270 270 271 270 270 270 270 270 270 270 269 269 269 269 270 270 271 271 271 272 270 269 269 268 268 268 268 268 268 268 268 268 268 268 268 268 268 268 268 268 268 268 267 267 267 267 267 267 267 267 267 267 267 267 267 267 267 267 267 267 267 267 267 267 267 267 267 267 267 267 267 267 267 267 267 267 267 267 267 267 266 266 266 267 266 266 266 266 266 266 266 266 267 266 267 267 267 267 266 266 266 266 266 266 266 266 266 266 266 266 265 265 266 266 266 266 265 266 266 266 266 266 266 266 266 266 266 266 266 266 266 266 266 266 265 266 266 266 266 266 265 265 266 265 266 266 266 266 266 266 266 266 266 266 266 266 265 265 265 265 265 265 265 265 265 265 265 265 265 265 265 265 266 265 265 266 265 265 266 265 265 265 265 265 265 265 265 265 265 265 264 264 264 264 265 265 265 265 265 265 265 264 265 264 265 265 264 264 264 264 264 263 264 264 264 263 263 263 263 263 264 264 264 264 264 264 263 263 263 263 263 263 263 263 263 263 262 262 262 262 262 262 263 263 262 262 262 262 262 262 262 262 262 262 262 262 262 262 262 262 262 262 263 263 264 264 263 264 264 264 264 264 264 264 264 264 264 264 264 265 265 265 264 264 264 264 264 264 264 272 271 270 270 270 270 270 271 271 271 271 271 270 269 269 268 269 270 270 271 272 272 270 270 269 269 269 268 268 268 268 268 268 268 268 268 268 268 268 268 268 268 268 268 267 267 267 267 267 267 267 267 267 267 267 267 267 267 267 267 267 267 267 267 267 267 267 267 267 267 267 267 267 267 267 267 267 267 267 267 267 266 266 266 266 266 267 267 266 266 266 266 266 266 267 266 266 267 266 267 267 266 266 266 266 266 266 266 266 266 266 266 266 265 265 265 266 266 265 265 266 266 266 266 266 266 266 266 266 266 266 266 266 266 266 265 265 265 265 266 266 266 266 266 266 266 265 265 266 266 266 266 266 266 267 267 266 265 265 265 265 265 265 265 265 265 265 265 264 265 265 265 265 265 265 265 265 265 265 265 266 266 266 265 265 265 265 265 265 265 265 265 264 265 265 265 265 265 265 265 265 265 265 264 264 264 264 264 264 264 264 264 263 264 263 263 263 263 263 263 264 264 264 264 264 264 263 263 263 263 263 263 263 263 263 263 263 262 262 262 262 262 262 262 263 263 263 263 262 262 262 262 262 262 262 262 262 262 262 262 262 263 263 262 262 262 263 264 263 264 264 264 264 264 264 264 264 264 265 265 265 265 265 265 264 264 264 264 265 271 271 271 272 273 272 273 273 271 271 271 269 269 270 270 270 271 270 270 270 269 269 268 268 268 268 268 268 268 268 268 268 268 268 268 268 268 268 268 268 268 267 267 267 267 267 267 267 267 267 267 267 267 267 267 267 267 267 267 267 267 267 267 267 267 267 267 267 267 267 267 267 267 267 267 266 266 266 266 266 266 266 267 267 267 266 266 266 266 266 267 266 266 267 266 266 267 266 266 266 266 266 266 266 266 266 266 266 266 266 266 266 266 266 266 265 265 266 266 266 266 266 266 266 266 266 266 266 266 266 265 265 265 265 265 265 266 266 266 266 266 266 265 266 266 266 266 266 266 266 266 266 266 265 265 265 265 265 265 264 265 265 265 265 265 264 265 265 265 265 265 265 265 265 265 265 265 265 266 265 265 265 264 265 265 265 265 265 264 265 265 265 265 264 265 264 265 264 265 265 264 264 264 264 264 264 264 264 264 264 263 263 263 263 263 263 263 263 263 263 264 264 263 263 264 263 263 263 263 262 262 262 262 262 262 262 262 262 262 262 263 263 263 263 263 262 262 262 262 262 262 262 262 262 262 262 262 263 263 263 263 263 262 263 263 264 264 264 264 264 264 264 264 264 265 265 265 265 265 264 264 264 265 265 265 265 265 273 273 273 273 274 274 274 274 272 272 273 273 268 268 268 269 270 269 269 269 268 268 268 268 268 268 268 268 268 269 269 269 269 269 268 268 268 268 268 268 268 267 267 267 267 267 267 267 267 267 267 267 267 267 267 267 267 267 267 267 267 267 267 267 267 267 267 267 267 267 267 267 266 267 267 267 266 266 266 267 267 267 267 267 266 266 266 266 266 266 266 266 266 266 266 266 267 266 266 266 266 266 266 266 266 266 266 265 266 266 266 266 266 266 266 265 266 266 266 266 266 266 266 266 266 266 266 266 266 265 265 266 265 265 265 265 265 266 266 266 266 266 266 265 265 265 265 265 265 266 266 266 266 265 265 265 266 265 265 265 265 265 265 265 265 264 264 265 265 265 265 265 265 265 265 265 264 265 265 265 265 265 265 265 265 265 265 265 265 265 265 265 265 264 264 264 265 264 264 264 264 264 264 264 264 264 264 264 263 263 263 263 263 263 263 263 263 263 263 263 263 263 263 263 263 263 263 263 263 263 262 262 262 262 262 262 262 262 262 262 263 263 263 263 263 262 262 262 262 262 262 262 262 262 262 263 263 263 264 264 264 263 263 263 263 263 264 264 264 264 264 264 264 264 265 265 265 265 264 264 264 264 265 265 265 264 264 274 275 275 275 275 274 273 274 274 273 272 271 269 268 269 267 267 268 267 267 268 268 268 268 268 268 269 269 269 269 269 269 269 269 269 268 268 268 268 268 268 268 268 267 267 267 267 267 267 267 267 267 267 267 267 267 267 267 267 267 267 267 267 267 267 267 267 267 267 266 266 266 267 267 266 266 266 267 267 267 267 267 266 266 266 266 266 266 266 266 266 266 266 266 267 266 266 266 266 266 266 266 266 266 266 265 265 265 266 266 266 266 265 265 265 265 266 266 266 266 266 266 266 266 266 266 266 265 265 265 265 265 265 266 266 266 266 266 266 265 266 265 265 265 265 266 266 266 266 266 266 266 266 266 266 265 265 266 265 265 265 265 264 264 264 264 264 264 265 265 265 265 265 265 264 265 265 265 265 265 265 264 264 264 264 265 265 265 265 265 265 264 264 264 264 264 264 264 264 264 264 264 265 264 264 264 263 263 264 264 263 264 263 263 263 264 263 263 263 263 263 262 262 263 263 263 263 263 263 263 262 262 262 262 262 262 262 262 263 263 263 263 262 262 262 262 262 262 262 263 263 263 263 263 263 263 264 264 264 263 264 264 263 263 264 264 264 264 264 264 264 264 265 264 265 264 264 264 265 265 265 264 264 264 275 275 275 275 274 274 274 273 273 272 271 271 270 269 269 270 269 268 268 268 268 268 268 268 269 269 269 269 269 269 269 269 269 269 269 269 268 268 268 268 268 268 268 268 268 267 267 267 267 267 267 267 267 267 267 267 267 267 267 267 267 267 267 267 267 267 267 266 266 266 267 267 266 266 266 266 266 267 267 267 266 266 266 266 266 266 266 266 266 267 266 266 266 266 266 266 266 266 266 266 266 266 266 266 266 265 265 265 265 265 265 265 265 265 266 266 266 266 266 266 266 266 266 266 266 265 266 266 265 265 265 265 266 266 266 266 266 266 265 265 265 265 265 265 265 265 266 266 266 265 265 266 266 265 266 266 265 265 265 265 265 264 265 265 264 264 264 265 265 265 264 265 264 264 265 265 265 265 265 265 265 265 265 264 264 265 265 265 264 264 264 264 264 264 264 264 264 264 264 265 264 265 265 265 264 264 264 264 264 264 264 264 263 263 264 264 264 264 263 262 262 262 262 262 262 262 262 262 263 263 262 262 262 262 262 262 262 263 262 262 262 262 262 262 262 262 263 262 262 263 263 264 264 264 263 263 264 265 265 264 264 263 263 264 264 264 264 264 264 264 265 264 264 264 264 264 264 264 265 264 264 264 274 274 273 274 274 274 274 274 273 272 271 271 271 271 271 272 271 270 269 269 269 268 268 268 269 269 269 269 269 269 269 269 269 269 269 269 269 269 268 268 268 268 268 268 268 268 268 268 268 267 267 267 267 267 267 267 267 267 267 267 267 267 267 267 267 267 267 267 266 266 266 267 267 266 266 267 266 267 267 267 267 266 266 267 267 267 266 266 266 266 266 267 267 266 266 266 266 266 266 266 266 266 266 266 266 266 266 265 265 265 265 265 266 266 266 266 266 266 266 266 266 266 266 266 265 265 265 265 265 265 265 265 265 265 265 266 266 265 266 265 265 265 266 266 266 265 265 266 266 266 266 265 265 265 265 265 265 265 265 264 264 264 264 265 265 264 264 264 264 265 264 264 264 264 264 265 265 265 265 265 265 265 265 264 264 264 264 265 264 264 264 264 264 264 264 264 264 264 264 264 265 265 265 265 265 265 265 265 264 264 263 263 263 263 263 263 263 264 264 263 262 263 263 262 262 262 262 262 262 263 263 262 262 262 262 262 262 262 262 262 262 263 263 263 263 263 263 264 263 262 262 263 263 264 265 264 264 264 264 265 265 264 264 263 264 264 264 265 265 265 265 264 264 264 264 264 264 264 264 264 264 264 265 274 273 273 273 273 273 273 273 273 273 273 273 273 272 274 273 272 271 270 269 269 268 268 268 268 269 269 269 269 269 269 269 269 269 269 269 269 269 268 268 268 268 268 268 268 268 268 268 268 268 267 267 267 267 267 267 267 267 267 267 267 267 267 267 267 267 267 267 267 267 266 266 267 267 266 266 266 266 267 267 267 266 267 267 267 267 267 266 266 266 266 266 266 266 266 266 266 266 266 266 266 266 266 266 266 266 266 266 266 265 265 265 266 266 266 266 266 266 266 266 266 266 266 266 266 265 266 266 265 266 266 266 265 265 265 265 265 265 265 265 265 265 265 266 266 266 266 266 266 266 266 266 265 265 265 265 265 265 265 265 264 264 264 264 265 265 264 264 264 264 264 264 264 264 264 264 264 264 264 264 264 265 265 265 264 264 263 264 264 264 264 264 264 264 264 264 264 264 264 264 264 265 265 265 265 265 265 265 265 264 264 264 264 263 263 263 264 264 264 264 263 263 263 263 263 262 262 262 262 262 262 262 262 262 262 262 262 262 262 262 262 262 262 262 263 263 264 264 264 264 263 262 263 263 264 265 265 265 264 265 265 265 264 264 263 263 263 264 265 265 265 265 264 264 263 264 264 264 264 264 263 264 264 264 264 274 273 274 273 273 272 273 274 273 274 275 275 274 274 275 274 272 271 270 269 269 268 268 268 269 269 269 269 269 269 269 269 269 269 269 269 269 269 269 268 268 268 268 268 268 268 268 267 268 267 267 267 267 267 267 267 267 267 267 267 267 267 267 267 267 266 266 266 267 267 266 266 267 267 266 266 266 267 266 267 267 267 267 267 266 266 266 266 266 266 266 266 266 266 267 267 266 266 266 266 266 266 266 266 266 266 266 266 266 265 265 265 266 266 266 266 266 266 266 266 266 266 266 266 266 266 266 266 266 266 266 266 265 266 266 265 265 265 265 265 265 265 265 266 266 266 265 265 265 265 266 266 266 265 265 265 265 265 264 264 264 264 265 265 265 265 265 265 264 265 265 264 265 264 263 264 264 264 264 264 264 264 264 264 264 264 263 263 264 264 264 264 264 264 264 264 264 264 264 264 264 265 265 265 265 264 265 264 265 265 264 263 263 263 263 263 263 264 264 264 263 264 263 263 263 263 263 262 262 262 262 262 261 261 262 262 262 262 262 262 262 262 262 262 262 262 263 264 264 264 264 263 263 264 264 264 265 264 265 265 265 265 265 264 263 263 264 264 265 265 265 265 264 264 264 264 263 263 264 264 264 264 264 264 275 274 274 275 275 274 274 273 272 273 274 274 274 274 274 274 275 273 272 271 272 271 270 268 268 268 269 269 269 269 269 269 269 269 269 269 269 269 269 269 268 268 268 268 268 268 268 268 267 267 267 267 267 267 267 267 267 267 267 267 267 267 267 267 267 267 267 267 267 266 266 266 266 266 266 266 266 266 267 266 266 267 267 266 267 266 266 266 266 266 266 266 266 266 266 266 267 267 267 266 266 266 266 266 266 266 266 266 267 266 266 266 266 265 266 266 266 266 266 266 266 266 266 266 266 266 266 266 266 266 266 265 266 265 265 266 266 265 265 265 265 265 265 266 265 265 266 266 265 265 265 265 266 266 265 265 265 265 266 265 265 265 265 265 266 266 265 265 264 264 264 264 265 265 264 264 263 264 264 264 264 264 264 264 264 264 264 264 263 263 263 264 264 264 264 264 264 264 264 264 264 265 265 264 264 264 264 264 264 264 264 265 264 264 263 263 263 263 263 264 264 263 263 263 263 262 262 263 263 262 262 262 261 261 261 261 262 262 262 262 262 262 262 263 263 263 263 262 262 263 263 263 264 264 263 263 263 264 264 264 264 265 265 265 265 264 263 264 264 264 264 264 264 264 264 264 264 264 264 264 264 264 264 264 264 264 275 275 276 276 274 274 274 273 272 272 273 273 272 272 272 273 274 273 273 273 273 272 270 269 268 268 268 269 269 269 269 269 269 269 269 269 269 269 269 269 269 268 268 268 268 268 268 268 267 267 267 267 267 267 268 267 267 267 267 267 267 267 267 267 267 267 267 267 267 267 266 267 267 266 266 266 266 267 267 266 266 267 267 266 266 266 266 266 267 266 266 267 266 266 266 266 266 267 267 267 266 266 266 266 266 266 266 266 266 266 266 266 266 266 266 266 266 266 266 266 266 266 266 266 266 266 266 266 266 266 266 265 265 265 265 265 266 265 265 265 266 266 265 265 266 265 265 265 265 265 265 265 265 266 265 265 265 265 266 266 266 266 265 265 265 265 265 265 265 265 265 265 265 265 265 264 263 263 264 264 264 263 263 264 264 264 263 263 263 263 264 263 264 264 264 264 264 264 264 264 264 265 264 264 264 264 264 264 264 264 265 265 265 264 263 263 263 264 264 264 263 262 262 262 262 262 262 262 263 262 262 261 261 261 261 261 262 262 262 262 262 262 263 263 263 264 264 263 262 263 264 264 264 265 264 264 264 263 263 264 264 264 264 265 265 265 264 265 265 265 264 264 264 264 264 264 264 264 264 264 264 264 264 264 264 276 276 275 274 273 273 274 274 272 272 272 272 272 272 272 273 274 275 274 274 272 271 270 269 268 268 268 269 269 269 269 269 269 269 269 269 269 269 269 269 269 268 268 268 268 268 268 268 268 268 267 267 267 267 267 268 267 267 267 267 267 267 267 267 267 267 267 267 267 267 267 267 267 267 266 266 266 267 267 267 266 266 266 266 266 266 266 266 266 266 267 267 266 266 266 266 266 266 267 267 266 266 266 266 266 266 266 266 266 266 266 266 266 266 266 266 266 266 266 266 266 266 266 266 266 266 266 266 266 266 266 265 265 265 265 265 265 265 265 265 266 266 266 265 266 266 265 266 265 265 265 265 265 266 266 265 265 265 265 265 265 265 265 265 265 265 265 264 265 265 265 265 265 264 264 264 264 263 263 264 263 263 263 264 264 264 264 263 263 264 264 263 263 264 264 264 264 264 265 265 264 264 264 264 264 263 263 264 264 264 264 264 265 264 264 263 263 264 264 264 263 262 262 262 261 262 261 262 262 262 262 261 261 261 261 261 262 262 262 262 262 262 263 263 263 263 264 264 263 263 263 264 264 264 265 265 265 264 264 264 264 264 264 265 265 265 265 265 265 265 265 265 264 264 264 264 264 264 264 264 264 264 264 263 264 275 274 274 274 274 273 272 272 272 272 272 271 272 272 273 273 274 275 274 272 271 270 270 269 268 268 269 269 269 269 269 269 269 269 269 269 269 269 269 269 268 268 268 268 268 268 268 268 268 268 267 267 267 267 267 267 267 267 267 267 267 267 267 267 267 267 267 267 267 267 267 267 267 267 267 267 267 267 267 267 267 267 267 266 266 266 266 266 266 266 267 266 266 266 266 266 266 267 267 266 266 266 266 266 266 266 266 266 266 266 265 265 266 266 266 266 266 266 266 266 266 266 266 266 266 266 266 266 266 265 265 265 265 265 265 265 265 265 265 265 266 266 265 265 266 266 266 266 265 265 265 265 266 265 265 265 265 265 265 265 265 265 265 265 265 264 264 264 265 265 265 265 264 264 264 264 263 263 263 263 264 264 264 264 264 264 264 263 264 263 263 263 264 264 264 264 264 264 265 264 264 264 263 264 264 264 264 264 265 264 265 265 264 264 263 263 264 264 264 264 263 262 262 262 261 261 261 262 261 261 261 261 261 262 262 261 262 262 262 262 263 263 263 263 264 264 264 264 263 263 263 264 264 264 264 265 265 264 264 264 264 265 265 265 265 265 265 265 265 265 264 264 264 264 264 264 264 263 263 263 263 264 264 264 276 275 275 275 275 274 273 273 274 273 271 271 271 271 272 271 273 273 273 271 271 270 270 269 269 269 269 269 269 269 269 269 269 269 269 269 269 269 269 269 268 268 268 268 268 268 268 268 268 268 268 268 268 267 267 267 267 267 267 267 267 267 267 267 267 267 267 267 267 267 267 267 267 267 267 267 267 267 267 267 267 267 267 267 266 267 267 266 266 266 267 267 266 266 266 266 266 267 267 266 266 266 266 266 266 266 266 266 266 266 265 265 266 266 266 266 266 266 266 266 266 266 266 266 266 266 266 266 266 266 266 266 266 265 265 265 265 265 266 266 266 266 266 266 266 266 266 266 266 265 265 265 265 265 265 265 265 265 265 265 265 265 265 265 265 265 265 264 265 265 265 265 264 264 263 263 263 263 263 263 264 264 264 264 264 264 263 263 263 263 263 263 264 264 263 264 264 263 264 263 263 263 263 264 264 264 264 264 264 264 264 264 264 264 264 263 263 264 264 263 263 262 261 261 262 261 261 261 261 261 261 261 261 261 261 261 261 262 262 262 263 263 263 264 264 264 264 264 264 263 263 264 264 264 264 264 264 264 264 264 265 265 265 264 264 264 264 264 264 263 263 263 264 264 264 264 264 264 264 263 263 263 264 276 276 276 275 274 273 272 272 272 273 273 271 271 271 271 271 272 273 271 270 269 269 269 269 269 269 269 269 269 269 269 269 269 269 269 269 269 269 269 268 268 268 268 268 268 268 268 268 268 268 268 268 268 268 267 267 267 267 267 267 267 267 267 267 267 267 267 267 267 267 267 267 267 267 267 267 267 267 267 267 267 266 267 267 267 267 266 266 266 267 266 266 266 266 266 266 266 266 266 266 266 266 266 266 266 266 266 266 266 265 265 265 266 266 266 266 266 266 266 266 266 266 266 266 266 266 266 266 265 265 266 265 265 265 265 265 265 266 265 265 266 266 266 266 266 266 266 265 265 265 265 265 265 265 265 265 265 265 265 265 265 265 265 265 265 265 264 265 265 265 264 264 264 264 264 264 264 263 263 263 263 264 264 264 264 263 263 263 263 263 263 263 263 263 263 263 263 263 263 263 263 263 264 264 264 265 264 264 264 263 264 264 263 263 263 262 263 263 262 262 262 262 261 261 261 261 261 261 261 261 261 261 261 261 261 261 261 261 261 262 262 262 263 264 264 264 264 265 264 264 264 263 264 264 264 264 264 264 265 265 265 265 264 264 264 264 264 263 263 263 263 263 263 264 264 264 263 263 262 263 263 264 276 275 276 276 275 273 273 274 274 274 273 273 272 271 270 271 271 273 273 272 271 270 270 269 269 269 269 269 270 270 270 269 269 269 269 269 269 269 269 269 268 268 268 268 268 268 268 268 268 268 268 268 268 268 268 268 267 267 267 267 267 267 268 268 267 267 267 267 267 267 267 267 267 267 267 267 267 267 267 267 267 267 267 267 267 267 267 266 266 266 266 266 266 266 266 266 266 266 266 266 266 266 266 266 266 266 267 267 266 266 265 265 265 266 266 266 266 266 266 266 266 266 266 266 266 266 266 266 266 266 265 265 265 265 265 265 265 265 265 265 266 266 265 266 266 265 265 266 266 266 265 265 265 265 265 265 265 265 265 265 265 265 265 265 265 265 265 265 264 265 265 265 264 264 264 263 263 263 263 263 263 263 264 264 264 264 263 263 263 263 263 263 263 263 263 263 263 263 263 263 263 263 263 264 264 264 265 264 264 263 263 263 263 263 262 262 262 262 262 262 261 261 261 261 261 261 261 261 261 261 261 261 261 261 262 262 262 262 262 261 261 261 262 263 263 263 263 264 264 264 264 264 264 264 264 264 264 265 264 265 265 265 264 264 264 264 264 265 264 264 263 263 262 263 263 263 262 262 262 263 263 263 264 276 275 275 274 274 274 275 276 276 275 274 273 273 272 271 270 270 270 271 271 270 270 270 269 269 269 269 270 270 270 270 270 270 270 269 269 269 269 269 269 268 268 268 268 268 268 268 268 268 268 268 268 268 268 268 268 267 267 267 267 267 267 267 267 268 267 267 267 267 267 267 267 267 267 267 267 267 267 267 267 267 267 267 267 267 267 266 266 266 266 266 266 266 266 266 266 266 266 266 266 266 266 266 266 266 266 266 266 266 266 265 265 265 266 266 266 266 266 266 266 266 266 266 266 266 266 266 266 266 265 265 266 265 265 265 265 265 265 265 265 266 266 265 265 265 265 265 265 266 266 266 265 265 265 265 265 265 265 265 265 265 265 265 265 265 265 265 264 264 264 264 265 265 264 264 264 264 263 263 263 263 263 263 264 264 264 263 263 263 263 263 263 263 263 263 263 263 263 263 263 263 263 263 263 263 264 264 264 263 263 262 262 262 262 262 262 262 262 262 262 262 261 261 261 261 261 261 261 261 261 262 261 262 261 262 262 262 262 262 262 262 261 262 262 262 262 263 263 264 264 264 264 264 264 264 264 264 265 265 265 265 265 265 264 264 264 264 265 264 264 263 263 262 262 263 263 262 263 263 263 264 264 264 264 263 263 277 276 275 275 274 275 275 275 274 274 274 274 273 272 272 272 271 270 270 269 270 270 269 269 269 270 270 270 270 270 270 270 270 270 270 269 269 269 269 269 268 268 268 268 268 268 268 268 268 268 268 268 268 268 268 268 267 267 267 267 267 267 267 267 267 267 267 267 267 267 267 267 267 267 267 267 267 267 267 267 267 267 267 266 266 266 266 266 266 266 266 267 267 267 266 266 266 266 266 266 266 266 266 266 266 266 266 266 266 266 265 265 265 266 266 266 266 266 266 266 266 266 266 266 266 266 266 266 266 266 265 265 265 265 265 265 265 265 265 265 266 265 265 265 265 265 265 265 266 266 265 265 265 265 265 265 265 265 265 265 265 265 265 265 265 265 265 265 264 264 264 264 265 265 264 264 264 263 263 263 263 263 263 263 264 264 264 264 263 263 263 263 263 263 263 263 263 263 263 263 263 263 263 263 263 264 264 263 263 262 262 262 262 262 262 262 262 262 262 262 262 262 262 261 261 262 262 261 261 261 261 262 262 262 262 262 262 262 262 263 262 262 262 262 263 262 263 264 264 264 264 264 264 264 264 264 264 264 265 264 265 265 265 264 265 265 265 265 264 264 263 263 263 262 262 262 262 262 263 263 263 263 263 263 263 262 262 277 276 275 275 276 276 275 275 274 273 273 272 272 271 271 271 271 271 270 270 269 269 270 270 270 270 270 270 270 270 270 270 270 270 270 269 269 269 269 269 269 268 268 268 268 268 268 268 268 268 268 268 268 268 268 267 267 267 267 267 267 267 267 267 267 267 267 267 267 267 267 267 267 267 267 267 267 267 267 267 267 267 266 266 266 266 266 266 266 267 267 267 267 266 266 266 266 266 266 266 266 266 266 266 266 266 266 266 266 265 265 266 266 266 266 266 266 266 266 266 266 266 266 266 266 266 266 266 266 265 265 265 265 265 265 265 265 265 265 265 265 265 266 265 266 266 265 265 265 265 265 265 265 265 265 265 266 265 265 265 265 265 265 265 265 265 265 265 265 264 264 264 265 264 264 264 264 264 264 263 263 263 263 263 264 264 264 264 264 263 263 263 263 263 263 263 263 263 263 263 263 263 263 263 263 263 263 262 262 262 262 262 262 262 262 262 262 262 262 262 262 262 262 261 262 262 262 261 261 261 261 261 261 262 262 262 262 263 263 263 262 263 263 264 263 262 263 264 264 264 264 264 264 264 264 264 265 265 264 264 264 264 264 264 265 265 265 265 264 264 263 263 262 263 263 262 261 261 262 262 262 263 262 263 263 262 262 262 277 276 276 277 277 277 275 274 274 273 273 272 273 273 272 271 270 270 270 270 270 270 270 270 270 270 270 270 270 270 270 270 270 270 270 269 269 269 269 269 269 269 268 268 268 268 268 268 268 268 268 268 268 268 268 267 267 267 267 267 267 267 267 267 267 267 267 267 267 267 267 267 267 267 267 267 267 267 267 266 266 267 266 266 267 266 266 266 266 267 267 267 267 267 266 266 266 266 266 266 266 266 266 266 266 266 266 266 265 265 266 266 266 266 266 266 266 266 266 266 266 266 266 266 266 266 266 266 266 265 265 265 265 266 266 265 265 265 265 265 265 266 265 265 265 265 265 265 265 265 265 265 265 265 265 265 266 265 265 265 265 265 265 265 265 265 265 265 264 264 264 265 264 264 264 263 263 263 264 263 263 263 263 263 264 263 263 263 263 263 263 263 263 263 263 263 263 264 264 264 263 262 263 263 263 262 262 262 262 262 262 262 262 262 262 262 262 262 262 262 262 262 262 262 262 262 262 262 262 262 261 261 262 262 262 262 263 263 263 263 263 263 264 264 263 263 263 263 263 264 264 264 264 264 265 265 265 265 264 264 263 264 264 264 265 264 264 264 263 263 263 263 264 263 263 262 261 261 261 262 262 262 262 262 262 262 262 262 277 277 277 277 277 276 275 274 274 273 273 273 273 273 272 271 270 270 269 270 270 270 270 270 270 270 270 270 270 270 270 270 270 270 270 269 269 269 269 269 268 268 268 268 268 268 268 268 268 268 268 268 268 268 267 267 267 267 267 267 267 267 267 267 267 267 267 267 267 267 267 267 267 267 267 267 267 267 267 267 267 267 267 267 266 266 266 267 267 267 267 267 267 266 266 266 266 266 266 266 266 266 267 266 266 266 266 265 265 266 266 266 266 266 266 266 266 266 266 266 266 266 266 266 266 266 266 266 265 265 265 265 265 265 265 265 265 265 265 265 265 265 265 265 265 265 266 265 265 265 265 264 265 265 265 265 265 265 265 265 265 264 265 265 265 265 265 264 264 264 264 264 264 264 263 263 263 263 263 263 263 263 263 263 263 263 263 263 263 263 263 263 263 263 263 263 263 263 264 263 262 262 263 262 262 262 262 262 262 262 262 262 262 262 262 262 262 262 262 262 262 262 261 261 262 262 262 262 262 262 262 261 261 262 262 262 263 262 262 263 263 264 264 264 264 264 263 264 264 264 265 265 265 265 266 265 265 265 264 263 263 264 265 264 263 263 263 264 263 263 263 264 264 264 263 262 262 261 261 261 261 262 262 261 261 262 262 262 277 277 276 275 274 274 274 274 273 272 272 272 272 271 271 270 269 270 270 270 270 270 270 270 270 270 270 270 270 270 270 270 270 270 269 269 269 269 269 269 269 268 268 268 268 268 268 268 268 267 267 267 267 267 267 267 267 267 267 267 267 267 267 267 267 267 267 267 267 267 267 267 267 267 267 267 267 267 267 267 267 266 266 266 266 266 267 267 267 267 267 267 266 266 266 266 266 266 266 266 266 266 266 266 266 265 266 266 266 266 266 266 266 266 266 266 266 266 266 266 266 266 266 266 266 266 265 265 265 265 265 265 265 265 265 265 265 265 265 265 265 265 265 265 266 265 265 265 265 264 264 265 265 265 265 265 265 265 265 264 265 265 264 264 264 264 264 264 264 264 264 263 263 263 263 263 263 263 263 263 263 263 263 263 263 263 263 263 264 263 263 263 263 263 263 263 263 263 263 262 262 262 262 262 262 262 262 262 262 262 262 262 262 262 262 262 262 262 262 262 262 262 262 261 261 262 262 262 262 262 261 261 261 262 262 262 262 263 263 263 263 263 264 264 264 264 264 264 264 265 265 265 265 264 264 264 264 264 263 264 264 264 264 263 263 263 263 263 263 264 264 263 263 263 263 262 262 262 261 261 262 261 261 262 262 262 262 262 276 275 275 275 275 274 273 272 271 271 272 271 270 270 270 270 270 270 270 270 270 270 270 270 270 270 270 270 270 270 269 269 269 269 269 269 269 269 268 268 268 268 268 268 268 268 267 267 267 267 267 267 267 267 267 267 267 267 267 267 267 267 267 267 267 267 267 267 267 267 267 267 267 267 267 267 267 267 266 266 266 266 267 267 267 267 267 267 267 266 266 266 265 266 266 266 266 266 266 266 266 266 266 266 266 266 266 266 266 266 266 266 266 266 266 266 266 266 266 266 266 266 265 265 265 265 265 265 265 265 265 265 265 265 265 265 265 266 265 265 265 265 265 265 265 265 265 264 265 265 265 265 265 265 265 265 264 264 264 264 264 264 264 264 264 264 264 264 263 263 263 263 263 263 263 263 263 263 263 263 263 263 263 263 263 263 263 263 263 263 263 263 263 263 263 262 262 262 262 262 262 262 262 262 262 262 262 262 262 262 262 262 262 262 262 262 262 262 261 261 262 262 262 262 262 262 262 262 261 261 261 261 262 263 263 263 263 263 263 263 263 264 264 264 263 263 264 265 265 264 264 264 263 263 263 263 264 264 263 263 263 263 263 263 262 263 264 263 262 262 262 263 262 262 262 262 261 262 261 261 261 261 261 262 262 262 262 276 276 275 274 273 272 271 271 270 271 270 270 270 270 270 270 270 270 270 270 270 270 270 270 270 270 270 270 269 269 269 269 269 269 269 268 268 268 268 268 268 268 267 267 267 267 267 267 267 267 267 267 267 267 267 267 267 267 267 267 267 267 267 267 267 267 267 267 267 267 267 267 267 267 267 267 267 266 266 266 267 267 267 267 267 267 267 266 266 266 265 265 266 266 266 266 266 266 266 266 266 266 266 265 265 266 266 266 266 266 266 266 266 266 266 266 266 266 266 266 265 265 265 265 265 265 265 265 265 265 265 265 265 265 265 266 266 266 265 266 265 265 265 265 265 264 264 265 265 265 265 265 265 264 264 264 264 264 264 264 264 264 264 264 264 264 264 263 263 263 263 263 263 263 263 263 263 263 263 263 263 263 263 263 263 263 263 263 263 263 262 262 262 262 262 262 262 262 262 262 262 262 262 262 262 262 262 262 262 262 262 262 262 262 261 262 262 262 262 262 262 262 262 262 262 262 262 262 262 261 262 262 262 262 262 262 262 263 263 263 264 263 263 263 264 265 265 265 265 265 264 264 264 263 263 263 263 263 263 262 262 262 263 263 264 263 262 262 262 262 261 261 261 261 261 261 261 261 261 261 261 262 262 262 262 262 276 275 275 274 274 273 272 271 270 270 269 270 270 270 270 270 270 270 270 270 270 270 270 270 270 270 270 269 269 269 269 269 269 269 269 269 268 268 268 268 268 267 267 267 267 268 268 268 267 267 267 268 267 267 267 267 267 267 267 267 267 267 267 267 267 267 267 267 267 267 267 267 267 267 267 267 267 266 266 266 266 267 267 267 267 266 266 266 266 266 265 265 265 265 266 266 266 266 266 266 266 266 266 265 265 265 265 265 266 266 266 266 265 265 265 265 265 265 265 265 265 265 265 265 265 265 265 265 265 265 265 265 265 265 265 265 265 265 265 265 265 265 264 264 264 264 264 264 264 264 264 264 264 264 264 264 264 264 264 264 264 264 263 264 264 264 263 263 263 262 262 262 262 262 262 263 263 262 262 262 263 263 263 263 263 263 263 263 263 262 262 262 262 262 262 262 262 262 262 263 262 262 262 262 262 262 262 262 262 262 262 262 262 262 262 262 262 262 262 262 262 263 263 262 262 263 262 262 263 262 262 262 262 262 262 262 262 263 263 262 262 263 263 263 263 264 265 264 264 263 263 263 263 263 263 263 263 263 263 263 262 262 262 262 263 263 263 261 261 261 261 260 261 261 261 261 260 260 260 261 261 261 261 261 261 261 275 274 274 273 272 272 271 271 270 270 269 270 270 270 270 270 270 270 270 270 270 270 270 270 270 270 270 269 269 269 269 269 269 269 269 268 268 268 268 267 267 267 267 267 267 268 268 268 268 268 268 268 267 267 267 267 267 267 267 267 267 267 267 267 267 267 267 267 267 267 267 267 267 267 267 266 266 266 266 266 266 267 267 266 266 266 266 266 266 266 265 265 265 265 266 266 266 266 266 266 266 265 266 266 265 265 265 265 266 266 266 265 265 265 265 265 265 265 265 265 265 265 265 265 265 265 265 265 265 265 265 265 265 265 265 265 265 265 265 265 265 264 265 264 264 264 264 264 265 264 264 264 264 264 264 264 264 264 264 264 264 264 264 263 264 264 263 263 262 262 262 262 263 263 263 263 263 263 262 262 262 262 263 263 263 263 262 262 262 262 262 262 262 262 262 262 262 262 262 262 262 262 262 262 262 262 262 262 262 262 262 262 262 262 262 262 262 262 262 262 262 263 263 263 263 263 263 263 263 262 262 263 262 263 262 262 262 262 262 262 262 263 263 263 264 264 264 263 263 263 264 264 263 263 263 264 264 264 263 262 263 262 262 262 262 262 261 261 261 261 261 262 261 261 261 260 260 260 261 261 261 261 261 261 261 261 275 274 274 273 272 271 271 271 270 270 270 270 270 270 270 270 270 270 270 270 270 270 270 270 270 270 270 269 269 269 269 269 268 268 268 268 268 268 267 267 267 267 267 267 267 268 267 267 268 268 268 268 268 267 267 267 267 267 267 267 266 267 267 267 267 267 267 267 267 267 267 267 267 266 266 266 266 266 266 267 267 267 267 267 267 267 266 266 266 266 265 265 265 266 266 266 266 266 266 266 266 265 265 265 265 265 266 266 266 266 265 265 265 265 265 265 265 265 265 265 265 265 265 265 265 265 265 265 265 265 265 264 265 265 265 265 265 265 265 265 264 264 265 264 264 264 264 264 264 264 264 264 264 264 264 264 264 264 264 264 264 264 264 263 263 263 263 262 262 262 263 263 263 263 263 263 262 262 262 262 262 263 263 263 263 262 262 262 262 262 262 263 262 262 263 262 262 262 262 262 262 262 262 262 262 262 262 262 262 262 262 262 262 262 262 262 262 262 262 262 262 263 263 263 264 264 263 263 263 263 263 263 263 262 262 262 263 262 262 262 262 263 263 264 264 264 264 263 263 264 264 264 263 263 264 264 264 263 263 263 262 263 262 262 262 262 263 262 262 262 262 261 261 261 260 260 260 261 261 261 260 261 261 261 261 274 274 273 273 272 271 270 270 270 270 270 270 270 270 270 270 270 270 270 270 270 270 270 270 270 269 269 269 269 269 268 268 268 268 268 268 268 268 267 267 267 267 267 267 267 267 267 267 267 267 267 268 268 268 267 267 267 267 267 267 267 267 267 267 267 267 267 267 267 266 266 266 266 266 266 266 266 266 266 266 266 267 267 266 266 266 266 266 266 266 266 266 265 266 266 266 266 266 266 266 265 265 265 265 265 266 266 266 266 266 266 266 265 265 265 265 265 265 265 265 265 265 265 265 265 265 265 265 265 265 265 265 264 265 265 265 265 265 265 265 264 264 264 264 265 264 264 264 264 264 264 264 264 264 264 264 264 264 264 264 264 264 264 263 263 263 262 262 262 262 263 263 263 263 263 263 262 262 263 263 262 262 262 263 263 262 262 262 262 263 263 263 263 262 262 262 262 262 262 262 262 262 262 262 262 262 262 262 262 262 262 262 262 262 262 262 262 262 262 262 263 263 264 264 263 263 264 264 263 264 263 263 263 263 263 263 262 263 263 262 262 263 264 264 264 264 264 264 264 264 264 263 263 263 264 263 263 263 263 262 262 262 262 262 262 263 263 263 262 262 261 261 261 261 260 260 260 261 260 260 260 261 261 261 273 272 272 271 270 270 270 270 270 270 270 270 270 270 270 270 270 270 270 270 270 270 270 269 269 269 269 268 268 268 268 268 268 268 268 268 267 267 267 267 267 267 267 267 267 267 267 267 267 268 268 268 268 267 267 268 268 268 267 267 267 267 267 267 267 267 267 266 266 266 266 266 266 266 266 266 266 266 266 266 266 267 267 267 267 267 267 266 266 266 266 266 266 266 266 266 266 266 266 265 265 265 265 266 266 266 266 266 266 266 265 265 265 265 265 265 265 265 265 265 265 265 265 265 265 265 265 265 265 265 265 265 265 265 265 265 265 265 265 264 264 264 264 265 264 264 264 264 264 264 264 264 264 264 264 264 264 264 264 264 264 264 263 263 263 262 262 262 263 263 263 263 263 263 263 262 263 262 262 262 262 263 262 262 262 262 263 263 263 263 263 262 262 262 262 262 262 262 262 262 262 262 262 262 262 262 262 262 262 262 262 262 262 262 262 262 262 262 263 263 264 263 263 263 263 263 263 264 264 264 263 263 263 262 263 263 263 263 263 264 264 264 264 264 264 264 264 264 264 264 263 264 264 264 263 263 263 262 263 263 262 262 262 262 263 263 263 262 262 261 260 260 260 260 260 260 261 261 261 261 261 272 272 271 271 270 270 270 270 270 270 270 270 270 270 270 270 270 270 270 270 270 270 270 270 269 269 269 269 269 268 268 268 268 268 268 268 268 268 267 267 267 267 267 267 267 267 267 267 267 267 267 268 268 268 267 267 267 267 267 267 267 267 267 267 267 267 267 267 267 267 267 267 267 266 266 266 266 266 266 266 266 266 266 266 267 267 267 267 267 266 266 266 265 265 266 266 265 265 266 266 265 265 265 265 266 266 266 266 266 266 266 266 265 265 265 265 265 265 265 265 265 265 265 265 265 265 265 265 265 265 265 265 265 265 265 265 265 265 265 265 265 264 264 264 264 265 265 264 264 264 264 264 264 264 264 264 264 264 263 263 264 264 264 264 263 263 262 262 262 263 263 263 263 263 263 263 262 263 263 263 262 262 262 262 262 262 263 263 263 263 262 262 262 262 262 262 262 262 262 262 262 262 262 262 262 262 262 262 262 262 262 262 262 262 262 262 262 262 262 263 264 263 263 264 264 264 264 264 264 264 264 264 264 264 263 264 263 263 264 264 264 265 264 263 264 264 264 264 264 264 264 264 264 264 264 263 263 263 263 263 263 262 262 263 263 263 262 262 262 261 261 261 261 260 261 261 260 260 260 261 261 261 271 271 270 271 271 271 270 270 270 270 270 270 270 270 270 270 270 270 270 270 270 270 270 269 269 269 269 269 268 268 268 268 268 268 268 268 268 268 267 267 267 267 267 267 267 267 267 267 267 268 268 268 267 267 267 267 267 267 267 267 267 267 267 266 267 267 267 267 267 266 266 266 266 266 266 266 266 266 266 266 266 267 266 266 266 266 266 266 266 266 265 265 266 266 266 265 265 265 265 265 265 265 266 266 266 266 266 266 266 266 265 265 265 265 265 265 265 265 265 265 265 265 265 265 265 265 265 265 265 265 265 265 265 265 265 265 265 264 264 264 264 264 264 264 264 264 264 264 264 264 264 264 264 264 264 264 263 264 264 264 264 264 263 263 263 262 263 263 263 263 263 263 263 263 263 263 263 263 263 262 262 262 262 263 263 263 262 262 262 262 262 262 262 262 262 262 262 262 262 262 262 262 262 262 262 262 262 262 262 262 262 263 262 262 262 263 263 263 264 263 263 263 263 263 264 264 265 265 264 264 264 264 264 264 264 265 264 264 264 264 264 263 264 264 263 263 263 264 264 264 264 264 264 263 263 263 263 264 263 263 262 263 263 262 262 262 261 261 261 261 261 261 261 261 261 260 260 260 260 261 272 272 271 270 270 270 270 270 270 270 270 270 270 270 270 270 270 270 270 270 270 270 270 269 269 269 269 269 269 268 268 268 268 268 268 268 268 268 268 267 267 267 267 267 267 267 267 267 267 267 267 267 266 266 267 267 267 267 267 267 267 266 266 266 266 266 267 267 266 266 266 266 266 266 266 266 266 266 266 266 267 267 267 266 266 266 266 266 267 267 266 266 266 266 266 265 265 265 265 265 265 265 266 266 266 266 266 265 266 266 265 265 265 265 265 265 265 265 265 265 265 265 265 265 265 265 265 265 265 265 265 265 265 265 265 265 265 265 265 264 264 264 264 264 264 264 264 264 264 264 264 264 264 264 264 264 263 264 264 263 263 263 263 263 262 262 263 263 263 263 263 263 263 263 263 263 263 263 262 262 262 262 263 263 263 262 262 262 262 262 262 262 262 262 262 262 262 262 262 262 262 262 262 262 262 262 262 262 262 262 262 263 262 262 262 262 263 263 264 263 262 262 262 262 263 263 264 264 264 264 263 264 264 264 264 264 264 264 263 264 264 263 264 264 263 263 263 264 264 264 264 263 263 263 263 263 263 263 263 263 263 263 263 262 262 262 261 261 261 261 261 261 261 261 261 260 260 260 260 261 270 270 270 270 270 270 270 270 271 271 270 270 270 270 270 270 270 270 270 270 270 270 269 269 269 269 269 269 268 268 268 268 268 268 268 268 268 268 268 267 267 267 267 267 267 267 267 267 267 266 266 266 267 267 267 267 268 267 266 266 266 266 266 266 266 266 266 266 266 266 266 266 266 266 266 266 266 266 266 266 266 266 266 266 266 266 267 267 266 266 266 266 266 266 265 265 265 265 266 265 265 265 266 266 265 265 265 265 265 265 265 265 265 265 265 265 265 265 265 265 265 265 265 265 265 265 265 265 265 265 265 265 265 265 265 265 264 264 264 264 264 264 264 264 264 264 264 264 264 264 264 264 264 263 263 263 263 263 263 263 262 262 262 263 263 263 263 263 263 263 263 263 263 263 263 263 263 262 263 263 263 263 262 262 262 262 262 262 262 262 262 262 262 262 262 262 262 262 262 262 262 262 262 262 262 262 263 262 262 262 263 262 262 262 263 263 263 263 262 263 263 263 263 263 263 264 264 264 263 263 264 264 264 263 264 264 264 263 263 263 264 263 263 263 264 263 263 264 264 264 263 263 263 264 264 264 264 263 264 264 264 263 262 261 261 261 261 261 261 261 261 261 261 261 260 260 260 271 270 270 270 270 271 271 271 271 271 270 270 270 270 270 270 270 270 270 270 270 269 269 269 269 269 269 269 269 268 268 268 268 268 268 268 268 268 268 268 268 267 267 267 267 267 267 267 267 267 266 267 267 267 267 267 267 267 267 266 266 266 266 266 266 266 266 266 266 266 266 266 266 266 266 266 266 266 266 266 266 266 266 266 266 266 266 266 266 266 266 266 265 265 265 265 265 265 266 266 265 265 265 265 265 265 265 265 265 265 265 265 265 265 265 265 265 265 265 265 265 265 265 265 265 265 265 265 265 265 265 265 265 264 264 264 264 264 264 264 265 264 264 264 264 264 264 264 264 264 264 264 263 263 264 263 263 263 264 263 263 263 263 263 263 263 263 263 263 263 263 263 263 263 263 263 262 263 263 263 263 262 263 263 263 263 262 262 262 262 262 262 262 262 262 262 262 262 262 262 262 262 262 262 262 262 263 262 262 262 262 262 262 262 263 262 263 262 262 263 264 264 264 264 264 264 264 264 264 263 263 264 264 263 264 264 264 263 263 263 263 263 263 263 263 263 263 264 263 264 264 263 264 264 264 264 264 264 264 264 264 263 262 261 261 261 261 261 261 261 261 261 261 260 260 260 260 271 270 270 270 270 270 271 270 271 271 270 270 270 270 270 270 270 270 270 270 270 270 269 269 269 269 269 269 269 269 268 268 268 268 268 268 268 268 268 268 268 267 267 267 267 267 267 267 267 267 267 267 267 267 267 267 267 267 267 267 267 266 266 266 266 266 265 265 266 266 266 266 266 266 266 266 266 266 266 266 266 266 266 266 266 266 266 267 267 267 267 266 265 265 265 265 265 265 265 265 265 265 265 265 265 265 265 265 265 265 265 265 265 265 265 265 265 265 265 265 265 265 265 265 265 265 265 264 264 265 265 265 265 264 264 264 264 264 264 264 264 264 264 264 264 264 264 264 264 264 264 264 264 264 264 264 264 264 264 263 263 263 263 262 263 263 263 263 263 263 263 263 263 263 263 263 263 262 263 263 263 263 263 263 263 263 263 262 262 262 262 262 262 262 262 262 262 262 262 262 262 262 262 262 262 262 262 263 262 262 262 262 262 262 263 262 262 262 262 263 263 263 263 263 264 264 263 264 264 264 263 263 263 263 264 264 264 263 263 263 263 263 263 264 264 263 263 263 263 264 264 264 264 263 264 264 263 264 264 263 263 263 262 262 262 261 261 261 261 261 260 260 260 260 260 260 271 271 270 270 270 270 270 270 270 270 270 270 270 270 270 270 270 270 270 270 270 270 270 270 269 269 269 269 269 269 269 269 268 268 268 268 268 268 268 268 268 268 268 268 268 267 267 267 267 267 267 267 267 266 266 266 266 267 267 267 267 267 267 267 266 267 266 266 266 265 265 266 266 266 266 266 266 266 266 266 266 266 266 266 265 266 266 266 266 267 266 266 266 265 265 265 265 265 265 265 265 265 265 265 266 265 265 265 265 265 265 265 265 265 265 265 265 265 265 265 265 265 265 265 265 265 265 265 265 264 264 264 265 264 264 264 264 264 264 264 264 264 264 264 264 264 264 264 264 264 264 264 264 264 264 264 264 264 264 264 264 264 263 263 263 262 263 263 263 263 263 263 263 263 263 263 263 262 263 263 263 263 263 263 263 263 263 263 263 262 262 262 262 262 262 262 262 262 262 262 262 262 262 262 262 262 262 262 263 263 263 263 262 262 262 262 262 262 262 262 262 262 262 262 262 263 263 263 262 263 263 263 263 263 263 263 263 263 263 263 263 264 264 263 263 263 264 264 263 263 263 264 264 264 263 263 263 263 263 263 263 263 263 262 263 263 262 261 261 260 260 260 261 261 261 261 260 261 272 271 271 271 270 270 270 270 270 270 270 270 270 270 270 270 270 270 270 270 270 270 270 270 269 269 269 269 269 269 269 269 268 268 268 268 268 268 268 268 268 268 268 268 267 267 267 267 267 267 267 267 266 266 266 266 266 267 267 267 267 267 267 266 266 266 267 266 266 265 265 266 266 266 266 266 266 266 266 266 266 266 265 265 265 266 266 266 266 266 266 266 266 266 266 266 266 265 265 265 265 265 265 265 265 265 265 265 265 265 265 265 265 265 265 265 265 265 265 265 265 265 265 265 265 265 265 265 264 264 264 264 264 264 264 264 264 264 264 264 264 264 264 264 264 264 264 264 264 264 264 264 264 264 263 264 263 263 263 264 264 263 263 263 262 262 263 263 263 263 263 263 262 262 263 263 263 263 263 263 263 263 263 263 263 263 263 262 262 262 263 262 262 262 262 262 262 262 262 262 262 262 262 262 262 262 262 262 262 262 262 262 262 262 262 262 262 262 262 262 262 262 262 262 263 263 262 262 262 262 262 262 262 263 263 264 264 264 263 264 264 264 264 263 263 263 264 264 263 263 264 264 264 264 263 263 263 263 263 263 262 262 262 262 262 262 262 261 260 260 261 261 261 261 272 272 271 271 270 271 270 270 270 270 270 270 270 270 270 270 270 270 270 270 270 270 270 269 269 269 269 269 269 269 269 269 268 268 268 268 268 268 268 268 268 268 267 267 267 267 267 267 267 267 267 267 267 267 266 266 267 267 267 267 267 267 266 266 266 266 266 266 266 265 265 265 266 266 266 266 266 266 266 266 266 266 265 265 265 266 266 266 266 266 266 266 267 266 266 265 265 265 265 265 265 265 265 265 265 265 266 265 265 265 265 265 265 265 265 265 265 265 265 265 265 265 265 265 265 265 265 264 264 264 264 264 264 264 264 264 264 264 264 264 264 264 264 264 264 264 264 264 264 264 264 264 263 263 263 264 263 263 264 264 263 263 263 262 262 263 263 263 263 263 262 262 262 263 263 263 263 263 263 263 263 263 263 263 263 263 263 263 263 263 263 263 263 262 262 262 262 262 262 262 262 262 262 262 262 262 262 262 262 262 262 262 261 261 262 262 262 262 262 262 262 262 262 263 262 262 262 262 262 263 263 263 263 263 264 264 264 263 264 263 264 264 264 263 263 263 264 263 263 264 264 264 263 263 264 263 263 263 263 262 262 262 261 262 262 261 261 261 261 261 261 272 271 271 270 270 270 270 270 270 270 270 270 270 270 270 270 270 270 270 270 270 269 269 269 269 269 269 269 269 268 268 268 268 268 268 268 268 268 268 268 268 267 267 267 267 267 267 267 267 267 267 267 267 267 266 266 266 266 266 266 266 266 266 266 266 266 266 265 265 265 266 266 266 266 266 266 266 266 266 266 265 266 266 266 266 266 266 266 267 267 267 266 266 266 266 266 266 266 266 265 265 265 265 265 265 265 265 265 265 265 265 265 265 265 265 265 265 265 265 265 265 265 265 265 264 264 264 264 264 264 264 264 264 264 264 264 264 264 264 264 264 264 264 264 264 264 264 263 263 264 264 263 263 263 263 263 264 264 263 263 263 263 262 262 263 263 263 263 262 262 262 263 263 263 263 263 263 263 263 263 263 263 263 263 263 263 263 263 263 263 263 262 262 262 262 262 262 262 262 262 262 262 262 262 262 262 262 261 261 261 262 262 262 262 262 262 262 262 261 261 262 262 262 261 262 262 263 263 264 264 263 263 264 264 264 264 264 263 263 264 264 264 263 263 264 264 264 264 264 264 264 264 264 264 263 263 263 263 263 263 262 261 262 261 261 262 262 262 272 272 271 271 270 270 270 270 270 270 270 270 270 270 270 270 270 270 270 270 270 269 269 269 269 269 269 269 269 268 268 268 268 268 268 268 268 268 268 268 268 267 267 267 267 267 267 267 267 267 267 267 267 267 267 266 266 266 266 266 266 266 266 266 266 266 266 266 266 266 266 266 266 266 266 266 265 266 266 266 266 266 266 266 266 266 266 266 266 267 267 266 266 266 266 266 266 266 265 265 265 265 265 265 265 265 265 265 265 265 265 265 265 265 265 265 265 265 265 265 265 265 265 265 264 264 264 265 264 264 264 264 264 264 264 264 264 264 264 264 264 264 264 264 264 264 264 263 263 263 264 264 264 264 263 264 264 264 264 264 263 263 263 263 263 263 263 263 263 263 263 263 263 263 263 263 263 263 263 263 263 263 263 263 263 263 263 263 263 263 262 262 262 262 262 262 262 262 262 262 262 262 262 262 262 262 261 262 262 262 262 262 262 262 262 262 262 262 262 261 261 262 261 262 263 263 262 263 263 264 264 264 264 264 264 264 264 264 264 264 265 263 263 263 264 264 264 264 263 263 264 264 263 263 262 262 262 262 262 262 261 261 261 262 263 272 272 272 272 271 271 270 270 270 270 270 270 270 270 270 270 270 270 270 270 270 269 269 269 269 269 269 269 269 268 268 268 268 268 268 268 268 268 268 268 267 267 267 267 267 267 267 267 267 267 267 267 267 267 267 267 266 267 267 266 266 266 266 266 266 266 266 266 266 266 266 266 266 266 266 266 265 266 266 266 266 266 266 266 266 267 267 266 267 267 266 266 266 265 266 266 266 265 266 266 265 265 265 265 265 265 265 265 265 265 265 265 265 265 265 265 265 265 265 265 265 265 265 265 264 264 265 265 265 264 264 264 264 264 264 264 264 264 264 264 264 264 264 264 264 264 264 264 263 263 263 263 264 264 264 264 264 264 264 264 263 263 263 263 263 263 263 263 263 263 263 263 263 263 263 263 263 263 263 263 263 263 263 263 263 263 263 263 263 263 262 262 262 262 262 262 262 262 262 262 262 263 263 262 262 262 262 262 262 262 263 262 262 262 262 262 262 262 262 262 261 261 262 263 263 263 263 263 263 263 264 264 264 264 264 264 264 264 264 264 264 264 263 264 263 264 264 263 263 263 263 262 262 262 261 261 262 261 261 261 262 262 272 271 271 271 271 271 270 270 270 270 270 270 270 270 270 270 270 270 270 270 270 269 269 269 269 269 269 269 269 269 268 268 268 268 268 268 268 268 268 268 268 268 267 267 267 267 267 267 267 267 267 267 267 267 267 267 267 267 267 266 266 266 266 266 266 266 266 266 266 266 266 266 266 266 266 266 266 266 266 266 266 266 266 266 266 266 267 267 267 266 266 266 266 265 266 267 266 265 266 266 266 265 265 265 265 265 265 265 265 265 265 265 265 265 265 265 265 265 265 265 265 265 265 264 264 265 265 265 265 265 265 265 265 264 264 264 264 264 264 264 264 264 264 264 264 264 264 264 263 263 263 263 264 264 264 264 264 264 264 264 263 263 263 263 263 263 263 263 263 263 263 263 263 263 263 263 263 263 263 263 263 263 262 263 263 263 263 263 262 263 262 262 262 262 262 262 262 263 263 263 263 262 262 262 262 262 262 262 263 262 263 263 262 263 262 262 262 262 262 262 262 261 262 262 262 262 262 263 263 263 264 264 264 264 264 264 264 264 264 264 264 264 263 263 263 264 263 263 262 263 263 262 262 262 261 262 261 261 262 262 262 272 271 271 271 271 271 271 271 270 270 270 270 270 270 270 270 270 270 270 270 270 269 269 269 269 269 269 269 269 269 269 268 268 268 268 268 268 268 268 268 268 268 268 267 267 267 267 267 267 267 267 267 267 267 267 267 267 267 267 266 266 266 266 266 266 266 266 266 266 266 266 266 266 266 266 266 266 266 266 266 266 266 265 265 265 265 266 267 267 266 266 266 266 266 266 267 266 266 266 265 265 265 264 265 265 265 265 265 265 265 265 265 265 265 265 265 265 265 265 265 265 265 264 264 265 265 265 265 265 265 265 265 265 265 265 264 264 264 264 264 264 264 264 264 264 264 264 264 263 263 263 263 263 264 264 264 264 264 264 263 263 263 263 263 263 263 262 263 263 263 263 263 263 263 263 263 263 263 263 263 263 263 263 263 263 263 263 263 262 262 262 262 262 262 262 262 263 263 262 262 262 261 262 262 262 262 263 263 263 263 263 263 263 263 263 263 263 263 262 262 262 262 262 262 263 263 262 263 263 263 264 264 264 264 264 264 264 264 264 264 263 263 263 263 263 262 262 262 262 262 262 262 262 262 262 262 262 262 262 272 271 271 272 271 271 271 270 270 271 271 270 270 270 270 270 270 270 270 270 270 270 270 269 269 269 269 269 269 269 269 269 269 268 268 268 268 268 268 268 268 268 268 267 267 267 267 267 267 267 267 267 267 267 267 267 267 267 266 266 266 266 266 266 266 266 266 266 266 266 266 266 266 266 266 266 266 266 266 266 265 265 266 266 266 266 266 267 267 267 266 266 265 266 267 266 265 266 266 265 265 265 265 264 265 265 265 264 264 265 265 265 265 265 265 265 265 265 265 265 265 265 264 265 265 265 265 265 265 265 265 265 265 265 264 264 264 264 264 264 264 264 264 264 264 264 264 264 264 264 263 263 263 263 263 264 264 264 264 263 264 263 263 263 263 263 263 262 263 263 263 263 263 263 263 263 263 263 263 263 263 263 263 263 263 263 263 263 262 262 262 262 262 262 263 263 263 262 262 262 261 262 262 262 263 263 263 264 264 264 264 263 263 263 263 263 263 263 262 262 262 263 263 262 262 263 263 263 264 264 264 263 263 263 263 263 263 263 262 262 262 262 262 262 262 262 262 262 262 262 262 272 272 272 271 271 271 271 271 271 271 272 271 271 270 270 270 270 270 270 270 270 270 270 269 269 269 269 269 269 269 269 269 269 269 268 268 268 268 268 268 268 268 268 268 267 267 267 267 267 267 267 267 267 267 267 267 267 267 266 266 266 266 266 266 266 266 266 266 266 266 266 266 266 266 266 266 266 266 266 266 265 265 266 266 266 267 267 268 268 267 266 266 266 266 266 266 265 266 266 266 266 265 265 265 265 265 265 265 264 264 265 265 265 265 265 265 265 265 265 265 265 265 265 265 265 265 265 265 265 265 265 264 264 264 264 264 264 264 264 264 264 264 264 264 264 264 264 264 264 264 263 263 263 263 263 263 264 264 264 264 263 263 264 264 263 263 263 262 262 262 262 263 263 263 263 263 263 263 263 263 263 263 262 263 263 263 263 263 262 262 262 262 262 262 263 263 262 262 261 262 262 262 262 262 262 263 263 263 264 264 264 263 263 263 263 262 262 262 262 262 263 263 262 262 263 263 263 264 263 263 263 263 263 263 263 263 263 262 262 272 272 272 271 272 271 270 270 270 270 270 270 270 270 270 269 269 269 269 269 269 269 269 269 269 269 269 268 268 268 268 268 268 268 268 268 267 267 267 267 267 267 267 267 267 267 267 267 267 267 266 266 266 267 267 267 267 266 266 266 266 266 266 266 266 266 266 266 266 266 266 266 265 265 265 265 266 266 267 267 268 267 266 267 267 266 267 266 265 266 266 267 266 265 265 265 265 265 265 265 264 264 265 265 265 265 265 265 265 265 265 265 265 264 264 264 264 264 264 264 264 264 264 264 264 264 264 264 264 264 264 264 264 264 264 264 264 264 264 264 264 264 263 263 263 263 263 263 264 264 264 264 263 263 264 264 263 263 263 263 263 262 262 263 263 263 263 263 263 263 263 263 263 263 263 263 263 263 263 263 263 262 262 262 262 262 262 261 262 262 262 263 262 263 263 264 264 263 263 263 263 263 262 262 262 262 262 263 263 262 263 263 263 263 263 263 271 270 270 270 270 270 270 270 269 270 269 269 269 268 268 268 268 268 268 268 268 268 268 268 268 268 268 268 267 267 267 267 267 267 267 267 267 267 267 267 267 267 267 266 267 267 267 266 266 266 266 266 266 266 266 266 266 266 266 266 266 266 266 266 266 265 265 266 266 266 266 266 267 268 268 268 268 268 268 267 267 266 266 267 267 267 267 266 266 265 265 265 265 265 264 264 264 265 265 265 265 265 265 265 265 265 265 265 265 264 264 264 264 264 264 264 264 264 264 264 264 264 264 264 264 264 264 264 264 264 264 264 264 264 264 264 264 264 263 263 263 263 264 264 264 264 263 263 264 264 264 263 262 262 262 262 262 263 263 263 263 263 263 263 263 263 263 263 263 263 263 263 263 263 263 262 262 261 261 261 261 262 263 263 264 262 263 264 264 263 264 263 263 262 262 262 262 262 262 263 271 270 270 270 270 270 270 270 270 270 269 269 268 268 268 268 268 268 268 268 268 268 268 268 268 268 267 267 267 267 267 267 267 267 267 267 267 267 267 267 267 267 267 266 266 266 266 266 266 266 266 266 266 266 266 266 266 266 266 266 266 266 266 266 266 266 266 266 267 267 267 267 268 268 267 267 267 268 268 267 267 267 267 266 267 266 265 265 265 265 265 265 264 264 264 265 265 265 265 265 265 265 265 265 265 265 264 264 264 264 264 264 264 264 264 264 264 264 264 264 264 264 264 264 264 264 264 264 264 264 264 264 264 264 264 264 263 263 262 263 263 264 264 264 263 264 263 263 263 263 263 262 262 262 262 263 263 263 263 263 263 263 263 263 263 263 263 263 263 263 263 263 263 262 262 263 262 263 263 263 263 263 263 270 270 269 270 270 269 270 270 269 268 268 268 268 268 268 268 268 268 268 268 268 267 267 267 267 267 267 267 266 267 267 267 267 267 267 267 267 267 267 267 267 267 266 266 266 266 266 266 266 266 266 266 266 266 266 265 265 265 265 265 265 266 266 266 266 266 266 266 267 268 267 266 266 266 267 267 268 268 267 266 265 266 266 265 265 265 265 264 264 264 264 265 265 265 265 265 265 265 265 264 264 265 265 264 264 264 264 264 264 264 264 264 264 264 264 264 264 264 264 264 264 264 264 264 264 263 263 263 263 264 264 264 264 264 263 262 263 263 263 264 264 264 263 263 263 263 263 263 262 262 262 262 263 263 263 263 263 263 263 263 263 263 263 263 263 263 263 262 262 271 271 270 269 269 269 269 270 269 269 268 268 267 267 268 268 268 268 268 268 268 268 267 267 267 267 267 267 267 267 267 267 267 267 267 267 267 266 267 267 267 267 267 266 266 266 266 266 266 266 265 265 265 266 265 265 265 265 265 265 266 266 266 266 267 267 266 266 267 268 268 267 266 266 266 266 267 267 267 266 265 266 266 265 265 265 265 265 265 265 265 265 265 265 265 265 265 265 265 264 264 264 264 265 265 265 264 264 264 264 264 264 264 264 264 264 264 264 264 264 264 264 264 264 263 263 263 263 264 264 264 264 264 264 263 263 262 263 263 263 264 264 264 263 263 263 263 263 262 262 262 262 263 263 263 263 263 263 263 263 263 263 263 263 263 263 262 270 270 270 270 270 270 269 269 268 268 268 268 268 268 268 268 268 268 268 268 267 268 267 268 268 267 267 267 267 267 267 267 267 267 267 267 267 267 267 267 266 266 266 266 266 266 265 265 265 265 266 266 265 265 266 266 266 266 266 266 266 267 268 267 267 268 268 268 267 267 266 266 266 266 267 267 266 265 266 266 266 265 265 265 265 265 265 265 265 265 265 265 265 265 265 265 265 264 264 264 265 265 264 264 264 264 264 264 264 264 264 264 264 264 264 264 264 264 264 264 264 264 263 263 264 264 264 264 264 263 263 263 263 263 263 263 264 264 263 263 262 262 262 262 262 262 262 263 263 263 263 263 263 263 263 263 263 263 263 263 263 271 270 270 269 269 268 268 268 267 267 267 267 267 267 267 267 268 268 268 268 268 267 267 267 267 267 267 267 267 267 267 267 267 267 267 266 266 266 266 266 266 266 266 266 266 266 267 267 267 267 267 267 266 267 267 267 266 267 268 268 268 268 268 267 267 267 267 266 266 266 266 267 266 266 265 265 265 265 265 265 264 264 264 264 264 264 264 264 264 264 264 264 265 264 264 264 264 264 264 264 264 264 264 265 265 264 264 264 264 264 264 264 264 264 264 265 264 264 264 265 264 263 263 263 263 263 263 263 264 263 263 263 262 263 263 262 262 262 263 263 263 263 263 263 263 263 263 263 263 263 263 271 271 270 270 269 269 268 267 267 267 268 268 267 267 267 268 268 268 267 267 267 267 267 267 267 267 267 267 267 267 267 267 267 267 266 266 266 266 266 266 265 266 267 267 267 268 268 268 268 269 268 267 268 268 268 268 268 268 268 267 268 268 267 266 266 266 266 266 266 266 266 266 266 265 265 265 265 265 264 264 264 264 264 264 264 264 264 264 264 264 264 264 264 264 264 264 264 264 265 265 265 265 264 264 264 264 264 264 264 264 264 265 264 264 264 265 265 264 264 263 263 263 263 264 263 263 263 263 263 263 263 263 263 262 262 262 263 263 263 263 263 263 263 263 263 263 272 271 270 270 269 269 268 267 268 269 268 266 267 268 268 268 267 267 267 267 267 267 267 267 267 267 267 267 267 267 267 267 267 267 266 266 266 266 266 266 266 266 267 268 268 268 269 269 270 269 268 268 269 268 268 267 267 267 267 268 268 268 267 267 266 266 266 266 266 266 265 265 265 265 265 265 265 265 265 265 265 265 264 264 264 264 264 264 264 264 264 264 264 264 264 264 264 264 265 265 265 264 264 264 264 264 264 264 264 264 264 264 265 264 265 264 263 263 263 263 263 264 263 263 263 263 262 262 263 263 263 263 263 263 271 270 269 270 269 269 269 269 268 267 268 269 268 268 267 267 267 267 267 267 267 267 267 267 267 267 267 267 267 267 267 267 266 266 266 266 266 266 266 266 266 267 267 267 268 269 270 270 269 269 270 269 268 267 267 267 267 267 267 267 267 267 267 266 266 266 266 266 266 266 266 266 265 265 265 266 266 265 266 265 265 264 264 264 264 264 264 264 263 264 264 264 264 264 264 264 265 265 265 265 264 264 264 264 264 264 264 265 265 265 265 264 264 262 263 263 263 263 263 270 270 270 270 269 269 269 269 269 268 268 268 267 267 267 267 267 267 267 267 267 267 267 267 267 267 267 267 267 267 266 266 266 266 266 266 266 267 267 267 267 267 268 269 269 270 270 270 270 270 269 269 268 267 267 267 267 267 267 267 267 266 266 266 266 266 266 266 266 266 267 266 265 266 267 267 266 266 265 265 264 264 264 264 264 264 264 263 263 263 263 264 264 264 264 265 265 265 265 264 264 264 264 264 264 264 266 266 263 263 271 272 272 271 271 270 269 269 268 268 268 268 267 267 267 267 267 267 267 267 267 267 267 267 267 267 267 267 267 267 266 266 266 266 266 266 266 267 267 268 268 267 268 269 269 269 269 269 269 269 268 268 268 268 268 268 267 267 267 267 267 266 267 266 266 267 266 267 267 267 267 267 267 266 267 267 266 266 266 265 265 264 264 264 264 264 264 264 264 263 263 263 264 264 264 264 264 264 265 264 264 264 264 265 265 272 272 272 271 270 269 268 268 268 268 267 267 267 267 267 268 267 267 267 267 267 267 267 267 267 267 267 266 266 266 266 267 267 267 266 267 267 268 269 268 268 269 270 270 269 268 268 268 268 267 267 268 268 268 267 267 267 267 266 266 267 266 267 266 266 266 266 267 268 268 268 267 268 268 267 267 267 266 265 265 265 265 265 264 264 264 264 263 263 264 264 264 264 264 264 264 264 264 264 264 264 273 271 271 270 268 268 267 268 268 268 267 267 267 267 268 267 267 267 267 267 267 267 267 267 267 266 266 266 266 267 267 267 267 267 268 268 268 269 270 270 270 270 270 269 268 268 267 267 267 267 267 267 267 267 267 267 267 267 267 267 267 266 267 267 267 267 267 268 269 269 269 270 269 267 266 266 266 266 265 265 265 265 265 264 264 264 263 263 264 264 264 264 264 264 264 264 265 264 265 272 271 270 268 268 268 268 268 267 267 267 267 267 267 267 267 267 267 267 267 267 267 267 266 266 266 266 266 266 267 267 267 267 267 268 268 269 268 268 269 270 270 270 269 269 268 268 268 268 268 267 267 267 267 267 267 267 267 266 267 267 267 267 268 269 268 267 268 270 268 267 266 265 265 264 264 265 265 265 265 264 264 263 263 264 264 264 264 264 264 264 265 265 270 269 269 268 267 267 267 267 267 267 267 267 267 267 267 267 267 267 267 267 267 266 266 266 266 266 266 266 266 266 266 266 267 268 269 269 268 267 267 268 269 270 270 271 271 270 270 269 269 269 268 268 268 268 267 267 267 267 266 267 268 268 268 268 269 270 269 270 265 264 264 264 265 265 265 264 264 264 263 263 264 263 264 264 264 264 264 264 268 268 268 268 267 267 267 267 267 268 268 267 267 267 267 267 267 267 267 267 267 266 266 267 267 266 266 267 266 267 266 266 267 267 267 267 267 267 267 267 268 268 268 268 269 268 268 269 269 269 270 270 268 267 268 268 267 268 268 268 269 269 270 270 265 265 264 264 265 265 265 265 264 264 263 262 263 263 264 264 264 264 264 264 268 268 268 268 267 267 267 267 268 268 267 267 267 267 267 266 266 266 266 266 266 267 267 267 267 268 267 267 267 267 267 266 266 266 266 267 267 266 267 267 267 267 266 267 267 267 267 267 267 267 268 269 268 268 268 268 268 268 269 268 269 270 271 264 264 264 264 264 264 264 264 264 263 262 262 262 263 263 263 263 263 263 268 267 267 267 267 267 267 267 267 267 267 267 267 267 267 267 267 266 266 266 266 266 267 268 269 268 267 267 267 267 267 266 266 266 266 266 266 266 266 266 266 266 266 267 267 267 267 267 268 268 268 268 268 268 269 269 268 269 269 270 271 264 264 264 265 264 263 263 263 263 263 263 262 262 262 263 263 262 267 267 267 267 267 267 267 267 267 267 267 267 267 267 267 267 267 267 266 266 266 266 267 267 267 267 268 268 267 267 267 267 266 266 267 267 267 267 267 267 267 267 267 267 268 268 268 268 268 268 269 268 269 270 269 270 270 270 271 264 265 265 265 264 264 264 264 264 264 263 262 262 262 262 262 267 267 268 268 268 268 268 268 268 267 268 268 268 268 268 268 268 267 267 267 267 266 266 267 267 268 269 268 268 267 267 267 267 266 267 268 268 268 267 267 268 268 267 268 269 269 269 270 269 270 270 270 271 270 271 271 271 264 264 264 264 264 264 264 264 264 264 263 262 262 262 262 268 269 268 268 269 269 269 269 269 269 269 269 269 269 269 269 269 269 269 268 268 268 267 268 269 269 269 268 267 267 268 268 267 267 267 267 267 267 268 268 269 268 269 270 270 270 271 271 271 271 271 272 272 264 264 264 264 264 264 264 263 263 262 262 262 262 269 269 269 269 270 269 269 269 270 270 269 269 270 269 270 270 270 270 270 270 269 269 269 269 269 269 269 269 268 267 268 268 268 268 267 267 267 268 269 269 270 270 271 271 271 271 272 263 263 263 264 264 263 263 263 262 262 262 270 270 270 270 270 270 270 269 269 269 270 270 270 270 270 270 270 270 270 269 269 269 269 269 269 269 269 269 267 268 269 269 269 268 267 267 267 268 268 269 270 271 272 272 263 264 264 264 264 264 263 263 262 262 262 271 271 271 272 271 271 270 269 269 269 270 270 270 270 270 270 269 269 269 269 269 269 269 269 269 269 270 269 268 268 269 269 269 268 268 268 268 268 269 269 269 271 263 264 264 263 264 264 263 263 263 263 262 261 272 272 272 272 272 271 270 269 269 270 270 270 270 270 270 270 270 269 269 269 269 269 269 269 269 270 270 270 269 268 268 269 269 269 270 269 269 269 270 270 271 263 263 263 263 263 264 264 264 263 263 263 262 273 273 272 271 271 271 270 270 270 270 270 270 270 270 269 269 269 269 269 269 269 269 269 269 270 270 270 270 270 269 269 269 271 271 271 272 271 271 270 271 263 263 263 263 263 263 264 264 273 273 272 270 270 269 270 270 270 270 269 270 270 270 270 269 269 269 269 270 270 270 270 270 271 271 271 271 270 270 269 270 272 263 263 263 263 274 274 274 272 271 270 269 269 270 270 270 270 270 270 270 270 269 269 270 270 270 270 270 270 271 272 272 272 272 271 271 271 271 275 274 273 272 271 270 270 270 270 270 270 270 270 270 270 270 270 270 270 270 271 271 272 271 271 272 273 274 273 272 271 270 270 270 270 270 270 270 270 270 270 270 270 270 270 270 271 271 272 272 272 271 272 273 271 271 270 270 270 270 270 270 270 270 270 270 270 270 270 271 271 271 271 271 272 273 273 272 273 270 269 270 270 270 271 270 270 270 270 270 270 270 270 270 271 271 272 272 273 274 269 270 271 270 270 270 270 270 270 270 270 270 270 270 270 271 271 272 272 273 270 270 270 271 270 270 269 270 270 270 270 270 270 271 271 271 272 272 272 273 271 271 270 270 270 269 270 270 270 271 271 271 271 272 272 273 273 273 273 272 271 271 270 270 270 269 270 270 271 272 272 272 273 273 273 273 273 273 272 272 271 271 271 271 270 269 269 270 271 272 272 273 273 272 272 273 271 271 271 271 271 271 271 270 270 270 271 272 271 272 271 272 273 272 271 271 272 272 271 271 271 272 271 270 271 271 271 271 272 274 272 272 271 272 272 272 271 272 273 272 272 271 271 271 272 273 273 272 271 271 271 271 271 272 272 273 272 271 271 272 273 273 273 273 272 271 271 271 271 271 272 273 272 272 271 271 272 271 272 273 272 272 271 271 272 272 272 273 273 272 271 272 272 272 272 272 274 272 272 271 271 272 272 272 273 273 272 272 272 273 273 273 273 274 273 272 271 271 271 271 272 272 272 273 272 272 272 272 273 274 274 273 272 271 271 271 271 272 272 271 273 273 273 272 273 273 273 274 274 273 273 272 272 272 272 273 273 272 272 273 274 273 273 273 273 273 274 274 274 274 274 274 273 273 273 273 273 273 273 272 273 274 273 273 273 273 273 274 274 274 274 274 274 274 274 274 274 273 273 273 274 274 273 273 273 273 273 273 273 273 274 273 274 274 274 273 273 273 273 273 273 274 274 274 274 273 273 273 273 273 273 273 274 274 273 273 273 273 273 273 273 273 273 273 273 273 273 273 273 273 273 273 274 274 273 274 274 274 273 273 273 273 272 272 272 273 273 273 273 274 275 274 274 274 274 274 273 272 273 272 272 273 273 273 273 273 274 274 273 274 273 273 273 273 273 273 273 273 273 273 273 273 273 273 273 273 