271 271 271 271 271 271 271 270 271 271 271 271 271 271 271 271 271 271 271 271 271 271 270 270 270 270 270 270 269 269 269 269 269 269 269 269 269 269 271 271 271 271 271 271 271 271 271 271 271 271 271 271 270 270 270 270 270 270 270 270 270 270 270 270 269 269 269 269 269 269 269 269 269 269 269 269 269 269 271 271 271 271 271 271 271 271 271 271 271 271 271 271 271 270 270 270 270 270 270 270 270 270 270 270 270 270 269 269 269 269 269 269 269 269 269 269 269 269 269 269 269 269 269 269 269 269 268 268 271 271 271 271 271 271 271 271 271 271 271 271 271 271 271 271 270 270 270 270 270 270 270 270 270 270 270 270 270 270 270 270 270 270 270 270 269 269 269 269 269 269 269 269 269 269 269 269 269 269 269 269 269 269 269 269 269 269 269 269 269 269 269 268 268 268 268 268 268 268 271 271 271 271 271 271 271 271 271 271 271 271 271 270 270 270 270 270 270 270 270 270 270 270 270 270 270 270 270 270 270 270 270 270 270 270 270 270 270 269 269 269 269 269 269 269 269 269 269 269 269 269 269 269 269 269 269 269 269 269 269 269 269 269 269 269 269 269 269 269 269 268 268 268 268 268 268 268 268 268 271 271 271 271 271 271 271 271 271 270 270 270 270 270 270 270 270 270 270 270 270 270 270 270 270 270 270 270 270 270 270 270 270 270 270 270 270 270 270 270 270 269 269 269 269 269 269 269 269 269 269 269 269 269 269 269 269 269 269 269 269 269 269 269 269 269 269 269 269 269 269 269 268 268 268 268 268 268 268 268 268 268 268 268 268 268 271 271 271 271 271 271 271 271 270 270 270 270 270 270 270 270 270 270 270 270 270 270 270 270 270 270 270 270 270 270 270 270 270 270 270 270 270 270 269 269 269 269 269 269 269 269 269 269 269 269 269 269 269 269 269 269 269 269 269 269 269 269 269 269 269 269 269 269 269 268 268 268 268 268 268 268 268 268 268 268 268 268 268 268 268 268 268 271 271 271 271 271 271 271 271 271 270 270 270 270 270 270 270 270 270 270 270 270 270 270 270 270 270 270 270 270 270 270 270 270 270 270 270 270 269 269 269 269 269 269 269 269 269 269 269 269 269 269 269 269 269 269 269 269 269 269 269 269 269 269 269 269 269 269 269 269 268 268 268 268 268 268 268 268 268 268 268 268 268 268 268 268 268 268 268 268 268 268 268 271 271 271 271 271 271 271 271 271 271 271 270 270 270 270 270 270 270 270 270 270 270 270 270 270 270 270 270 270 270 270 270 270 270 270 270 269 269 269 269 269 269 269 269 269 269 269 269 269 269 269 269 269 269 269 269 269 269 269 269 269 269 269 269 269 269 269 269 269 268 268 268 268 268 268 268 268 268 268 268 268 268 268 268 268 268 268 268 268 268 268 268 268 271 271 271 271 271 271 271 271 271 271 271 271 271 270 270 270 270 270 270 270 270 270 270 270 270 270 270 270 270 270 270 270 270 270 270 270 270 270 269 269 269 269 269 269 269 269 269 269 269 269 269 269 269 269 269 269 269 269 269 269 269 269 269 269 269 269 269 269 269 269 268 268 268 268 268 268 268 268 268 268 268 268 268 268 268 268 268 268 268 268 268 268 268 268 268 268 268 268 271 271 271 271 271 271 271 271 271 271 270 270 270 270 270 270 270 270 270 270 270 270 270 270 270 270 270 270 270 270 270 270 270 270 270 270 270 269 269 269 269 269 269 269 269 269 269 269 269 269 269 269 269 269 269 269 269 269 269 269 269 269 269 269 269 269 269 269 268 268 268 268 268 268 268 268 268 268 268 268 268 268 268 268 268 268 268 268 268 268 268 268 268 268 268 268 268 267 267 267 271 271 271 271 271 271 271 270 270 270 270 270 270 270 270 270 270 270 270 270 270 270 270 270 270 270 270 270 270 270 270 270 270 270 270 269 269 269 269 269 269 269 269 269 269 269 269 269 269 269 269 269 269 269 269 269 269 269 269 269 269 269 269 269 269 269 268 268 268 268 268 268 268 268 268 268 268 268 268 268 268 268 268 268 268 268 268 268 268 268 268 268 268 268 268 268 268 267 267 267 267 267 271 271 271 270 270 270 270 270 270 270 270 270 270 270 270 270 270 270 270 270 270 270 270 270 270 270 270 270 270 270 270 270 270 270 269 269 269 269 269 269 269 269 269 269 269 269 269 269 269 269 269 269 269 269 269 269 269 269 269 269 269 269 269 269 269 269 268 268 268 268 268 268 268 268 268 268 268 268 268 268 268 268 268 268 268 268 268 268 268 268 268 268 268 268 268 268 267 267 267 267 267 267 267 271 271 271 270 270 270 270 270 270 270 270 270 270 270 270 270 270 270 270 270 270 270 270 270 270 270 270 270 270 270 270 270 269 270 269 269 269 269 269 269 269 269 269 269 269 269 269 269 269 269 269 269 269 269 269 269 269 269 269 269 269 269 269 269 269 268 268 268 268 268 268 268 268 268 268 268 268 268 268 268 268 268 268 268 268 268 268 268 268 268 268 268 268 268 268 267 267 267 267 267 267 267 267 267 267 267 267 271 271 270 270 270 270 270 270 270 270 270 270 270 270 270 270 270 270 270 270 270 270 270 270 270 270 270 270 270 270 270 270 270 269 269 269 269 269 269 269 269 269 269 269 269 269 269 269 269 269 269 269 269 269 269 269 269 269 269 269 269 268 268 269 268 268 268 268 268 268 268 268 268 268 268 268 268 268 268 268 268 268 268 268 268 268 268 268 268 268 268 268 268 268 267 267 267 267 267 267 267 267 267 267 267 267 267 267 267 271 271 271 270 270 270 270 270 270 270 270 270 270 270 270 270 270 270 270 270 270 270 270 270 270 270 270 270 270 270 270 270 270 270 269 269 269 269 269 269 269 269 269 269 269 269 269 269 269 269 269 269 269 269 269 269 269 269 269 269 269 269 269 269 268 268 268 268 268 268 268 268 268 268 268 268 268 268 268 268 268 268 268 268 268 268 268 268 268 268 268 268 268 268 268 268 267 267 267 267 267 267 267 267 267 267 267 267 267 267 267 267 267 267 271 271 271 271 271 271 271 271 270 270 270 270 270 270 270 270 270 270 270 270 270 270 270 270 270 270 270 270 270 270 270 270 270 270 270 270 270 270 270 269 270 269 269 269 269 269 269 269 269 269 269 269 269 269 269 269 269 269 269 269 269 269 269 269 269 269 269 269 269 269 268 268 268 268 268 268 268 268 268 268 268 268 268 268 268 268 268 268 268 268 268 268 268 268 268 268 268 268 268 268 268 268 268 267 267 267 267 267 267 267 267 267 267 267 267 267 267 267 267 267 267 267 267 271 271 271 271 271 271 271 271 271 271 270 270 270 270 270 270 270 270 270 270 270 270 270 270 270 270 270 270 270 270 270 270 270 270 270 270 270 270 270 270 270 270 270 269 269 269 269 269 269 269 269 269 269 269 269 269 269 269 269 269 269 269 269 269 269 269 269 269 269 269 269 269 269 269 269 268 268 268 268 268 268 268 268 268 268 268 268 268 268 268 268 268 268 268 268 268 268 268 268 268 268 268 268 268 268 268 268 267 267 267 267 267 267 267 267 267 267 267 267 267 267 267 267 267 267 267 267 267 267 271 271 271 271 271 271 271 271 271 271 271 271 270 270 270 270 270 270 270 270 270 270 270 270 270 270 270 270 270 270 270 270 270 270 270 270 270 270 270 270 270 270 270 270 270 269 269 269 269 269 269 269 269 269 269 269 269 269 269 269 269 269 269 269 269 269 269 269 269 269 269 269 269 269 269 269 269 269 268 268 268 268 268 268 268 268 268 268 268 268 268 268 268 268 268 268 268 268 268 268 268 268 268 268 268 268 268 268 268 267 267 267 267 267 267 267 267 267 267 267 267 267 267 267 267 267 267 267 267 267 267 267 267 267 271 271 271 271 271 271 271 271 270 270 270 270 270 270 270 270 270 270 270 270 270 270 270 270 270 270 270 270 270 270 270 270 270 270 270 270 270 270 270 270 270 270 270 270 269 269 269 269 269 269 269 269 269 269 269 269 269 269 269 269 269 269 269 269 269 269 269 269 269 269 269 269 269 269 269 269 268 268 268 268 268 268 268 268 268 268 268 268 268 268 268 268 268 268 268 268 268 268 268 268 268 268 268 268 268 268 268 268 268 267 267 267 267 267 267 267 267 267 267 267 267 267 267 267 267 267 267 267 267 267 267 267 267 267 267 267 267 271 271 271 271 271 271 271 271 271 271 270 270 270 270 270 270 270 270 270 270 270 270 270 270 270 270 270 270 270 270 270 270 270 270 270 270 270 270 270 270 270 270 270 270 270 269 269 269 269 269 269 269 269 269 269 269 269 269 269 269 269 269 269 269 269 269 269 269 269 269 269 269 269 269 269 269 268 268 268 268 268 268 268 268 268 268 268 268 268 268 268 268 268 268 268 268 268 268 268 268 268 268 268 268 268 268 268 267 267 267 267 267 267 267 267 267 267 267 267 267 267 267 267 267 267 267 267 267 267 267 267 267 267 267 267 267 267 271 271 271 271 271 271 271 271 271 271 271 270 271 271 271 271 270 270 270 270 270 270 270 270 270 270 270 270 270 270 270 270 270 270 270 270 270 270 270 270 270 270 270 270 270 270 270 270 270 270 270 269 269 269 269 269 269 269 269 269 269 269 269 269 269 269 269 269 269 269 269 269 269 269 269 269 269 269 269 269 269 269 269 268 268 268 268 268 268 268 268 268 268 268 268 268 268 268 268 268 268 268 268 268 268 268 268 268 268 268 268 268 268 267 267 267 267 267 267 267 267 267 267 267 267 267 267 267 267 267 267 267 267 267 267 267 267 267 267 267 267 267 267 267 267 267 266 271 271 271 271 271 271 271 270 270 270 270 271 271 270 270 271 270 270 270 270 270 270 270 270 270 270 270 270 270 270 270 270 270 270 270 270 270 270 270 270 270 270 270 270 270 270 270 270 270 270 270 270 270 270 270 269 269 269 269 269 269 269 269 269 269 269 269 269 269 269 269 269 269 269 269 269 269 269 269 269 269 269 269 269 269 269 269 269 268 268 268 268 268 268 268 268 268 268 268 268 268 268 268 268 268 268 268 268 268 268 268 268 268 268 268 268 267 267 267 267 267 267 267 267 267 267 267 267 267 267 267 267 267 267 267 267 267 267 267 267 267 267 267 267 267 267 267 267 267 267 267 266 266 266 266 271 271 271 271 270 270 270 270 270 270 270 270 270 270 270 270 270 270 270 270 270 270 270 270 270 270 270 270 270 270 270 270 270 270 270 270 270 270 270 270 270 270 270 270 270 270 270 270 270 270 269 270 269 269 269 269 269 269 269 269 269 269 269 269 269 269 269 269 269 269 269 269 269 269 269 269 269 269 269 269 269 269 269 269 269 268 268 268 268 268 268 268 268 268 268 268 268 268 268 268 268 268 268 268 268 268 268 268 268 268 268 268 268 268 267 267 267 267 267 267 267 267 267 267 267 267 267 267 267 267 267 267 267 267 267 267 267 267 267 267 267 267 267 267 267 267 267 267 267 266 266 266 266 266 266 266 266 270 270 270 270 270 270 270 270 270 270 270 270 270 270 270 270 270 270 270 270 270 270 270 270 270 270 270 270 270 270 270 270 270 270 270 270 270 270 270 270 270 270 270 270 270 270 270 269 269 269 269 269 269 269 269 269 269 269 269 269 269 269 269 269 269 269 269 269 269 269 269 269 269 269 269 269 269 269 269 269 269 269 268 268 268 268 268 268 268 268 268 268 268 268 268 268 268 268 268 268 268 268 268 268 268 268 268 268 268 268 268 267 267 267 267 267 267 267 267 267 267 267 267 267 267 267 267 267 267 267 267 267 267 267 267 267 267 267 267 267 267 267 267 267 267 267 267 266 266 266 266 266 266 266 266 266 266 266 266 271 271 271 270 270 270 270 270 270 270 270 270 270 270 270 270 270 270 270 270 270 270 270 270 270 270 270 270 270 270 270 270 270 270 270 270 270 270 270 270 270 270 270 270 270 270 270 270 270 270 270 269 269 269 269 269 269 269 269 269 269 269 269 269 269 269 269 269 269 269 269 269 269 269 269 269 269 269 269 269 269 269 269 269 269 269 268 268 268 268 268 268 268 268 268 268 268 268 268 268 268 268 268 268 268 268 268 268 268 268 268 268 268 268 268 268 268 267 267 267 267 267 267 267 267 267 267 267 267 267 267 267 267 267 267 267 267 267 267 267 267 267 267 267 267 267 267 267 267 267 267 267 266 266 266 266 266 266 266 266 266 266 266 266 266 266 266 266 266 266 266 266 266 266 271 270 270 270 270 270 270 270 270 270 270 270 270 270 270 270 270 270 270 270 270 270 270 270 270 270 270 270 270 270 270 270 270 270 270 270 270 270 270 270 270 270 270 270 270 270 270 270 270 270 270 270 269 269 269 269 269 269 269 269 269 269 269 269 269 269 269 269 269 269 269 269 269 269 269 269 269 269 269 269 269 269 269 269 269 269 268 268 268 268 268 268 268 268 268 268 268 268 268 268 268 268 268 268 268 268 268 268 268 268 268 268 268 268 268 268 268 268 267 267 267 267 267 267 267 267 267 267 267 267 267 267 267 267 267 267 267 267 267 267 267 267 267 267 267 267 267 267 267 267 266 266 266 266 266 266 266 266 266 266 266 266 266 266 266 266 266 266 266 266 266 266 266 266 266 266 266 266 270 270 270 270 270 270 270 270 270 270 270 270 270 270 270 270 270 270 270 270 270 270 270 270 270 270 270 270 270 270 270 270 270 270 270 270 270 270 270 270 270 270 270 270 270 270 270 270 270 269 269 269 269 269 269 269 269 269 269 269 269 269 269 269 269 269 269 269 269 269 269 269 269 269 269 269 269 269 269 269 269 269 269 268 268 268 268 268 268 268 268 268 268 268 268 268 268 268 268 268 268 268 268 268 268 268 268 268 268 268 268 268 268 268 268 268 267 267 267 267 267 267 267 267 267 267 267 267 267 267 267 267 267 267 267 267 267 267 267 267 267 267 267 267 267 267 267 267 266 266 266 266 266 266 266 266 266 266 266 266 266 266 266 266 266 266 266 266 266 266 266 266 266 266 266 266 266 266 270 270 270 270 270 270 270 270 270 270 270 270 270 270 270 270 270 270 270 270 270 270 270 270 270 270 270 270 270 270 270 270 270 270 270 270 270 270 270 270 270 270 270 270 270 270 269 269 269 269 269 269 269 269 269 269 269 269 269 269 269 269 269 269 269 269 269 269 269 269 269 269 269 269 269 269 269 269 269 269 269 268 268 268 268 268 268 268 268 268 268 268 268 268 268 268 268 268 268 268 268 268 268 268 268 268 268 268 268 268 268 268 268 268 267 267 267 267 267 267 267 267 267 267 267 267 267 267 267 267 267 267 267 267 267 267 267 267 267 267 267 267 267 267 267 267 267 266 266 266 266 266 266 266 266 266 266 266 266 266 266 266 266 266 266 266 266 266 266 266 266 266 266 266 266 266 266 266 266 270 270 270 270 270 270 270 270 270 270 270 270 270 270 270 270 270 270 270 270 270 270 270 270 270 270 270 270 270 270 270 270 270 270 270 270 270 270 270 270 270 270 270 270 270 270 270 270 270 269 269 269 269 269 269 269 269 269 269 269 269 269 269 269 269 269 269 269 269 269 269 269 269 269 269 269 269 269 269 269 269 269 269 269 268 268 268 268 268 268 268 268 268 268 268 268 268 268 268 268 268 268 268 268 268 268 268 268 268 268 268 268 268 268 268 268 268 267 267 267 267 267 267 267 267 267 267 267 267 267 267 267 267 267 267 267 267 267 267 267 267 267 267 267 267 267 267 267 266 266 266 266 266 266 266 266 266 266 266 266 266 266 266 266 266 266 266 266 266 266 266 266 266 266 266 266 266 266 266 266 266 266 266 266 266 270 270 270 270 270 270 270 270 270 270 270 270 270 270 270 270 270 270 270 270 270 270 270 270 270 270 270 270 270 270 270 270 270 270 270 270 270 270 270 270 270 270 270 270 270 270 270 270 270 270 270 270 270 270 269 269 269 269 269 269 269 269 269 269 269 269 269 269 269 269 269 269 269 269 269 269 269 269 269 269 269 269 269 269 269 269 269 269 268 268 268 268 268 268 268 268 268 268 268 268 268 268 268 268 268 268 268 268 268 268 268 268 268 268 268 268 268 268 268 268 268 268 268 267 267 267 267 267 267 267 267 267 267 267 267 267 267 267 267 267 267 267 267 267 267 267 267 267 267 267 267 267 267 267 266 266 266 266 266 266 266 266 266 266 266 266 266 266 266 266 266 266 266 266 266 266 266 266 266 266 266 266 266 266 266 266 266 266 266 266 266 266 265 265 270 270 270 270 270 270 270 270 270 270 270 270 270 270 270 270 270 270 270 270 270 270 270 270 270 270 270 270 270 270 270 270 270 270 270 270 270 270 270 270 270 270 270 270 270 270 270 270 270 270 270 270 270 269 269 269 269 269 269 269 269 269 269 269 269 269 269 269 269 269 269 269 269 269 269 269 269 269 269 269 269 269 269 269 269 269 269 268 268 268 268 268 268 268 268 268 268 268 268 268 268 268 268 268 268 268 268 268 268 268 268 268 268 268 268 268 268 268 268 268 268 268 268 268 268 267 267 267 267 267 267 267 267 267 267 267 267 267 267 267 267 267 267 267 267 267 267 267 267 267 267 267 267 267 266 266 266 266 266 266 266 266 266 266 266 266 266 266 266 266 266 266 266 266 266 266 266 266 266 266 266 266 266 266 266 266 266 266 266 266 266 266 266 265 265 265 265 270 270 270 270 270 270 270 270 270 270 270 270 270 270 270 270 270 270 270 270 270 270 270 270 270 270 270 270 270 270 270 270 270 270 270 270 270 270 270 270 270 270 270 270 270 270 270 270 270 270 270 270 270 270 269 269 269 269 269 269 269 269 269 269 269 269 269 269 269 269 269 269 269 269 269 269 269 269 269 269 269 269 269 269 269 269 269 269 269 268 268 268 268 268 268 268 268 268 268 268 268 268 268 268 268 268 268 268 268 268 268 268 268 268 268 268 268 268 268 268 268 268 268 268 267 267 267 267 267 267 267 267 267 267 267 267 267 267 267 267 267 267 267 267 267 267 267 267 267 267 267 267 267 267 267 267 266 266 266 266 266 266 266 266 266 266 266 266 266 266 266 266 266 266 266 266 266 266 266 266 266 266 266 266 266 266 266 266 266 266 266 266 266 266 266 265 265 265 265 265 265 265 265 265 265 270 270 270 270 270 270 270 270 270 270 270 270 270 270 270 270 270 270 270 270 270 270 270 270 270 270 270 270 270 270 270 270 270 270 270 270 270 270 270 269 269 270 270 270 270 270 269 269 269 269 269 269 269 269 269 269 269 269 269 269 269 269 269 269 269 269 269 269 269 269 269 269 269 269 269 269 269 269 269 269 269 269 269 269 269 269 269 268 268 268 268 268 268 268 268 268 268 268 268 268 268 268 268 268 268 268 268 268 268 268 268 268 268 268 268 268 268 268 268 268 268 268 267 267 267 267 267 267 267 267 267 267 267 267 267 267 267 267 267 267 267 267 267 267 267 267 267 267 267 267 267 267 267 267 266 266 266 266 266 266 266 266 266 266 266 266 266 266 266 266 266 266 266 266 266 266 266 266 266 266 266 266 266 266 266 266 266 266 266 265 265 266 265 265 265 265 265 265 265 265 265 265 265 265 265 265 265 265 270 270 270 270 270 270 270 270 270 270 270 270 270 270 270 270 270 270 270 270 270 270 270 270 270 270 270 270 270 270 270 270 270 270 270 270 270 269 269 269 269 269 269 269 269 269 269 269 269 269 269 269 269 269 269 269 269 269 269 269 269 269 269 269 269 269 269 269 269 269 269 269 269 269 269 269 269 269 269 269 269 269 269 269 268 268 268 268 268 268 268 268 268 268 268 268 268 268 268 268 268 268 268 268 268 268 268 268 268 268 268 268 268 268 268 268 268 268 268 267 267 267 267 267 267 267 267 267 267 267 267 267 267 267 267 267 267 267 267 267 267 267 267 267 267 267 267 267 267 267 267 267 266 266 266 266 266 266 266 266 266 266 266 266 266 266 266 266 266 266 266 266 266 266 266 266 266 266 266 266 266 266 266 266 266 266 265 265 265 265 265 265 265 265 265 265 265 265 265 265 265 265 265 265 265 265 265 265 265 265 270 270 270 270 270 270 270 270 270 270 270 270 270 270 270 270 270 270 270 270 270 270 270 270 270 270 270 270 270 270 270 270 269 269 269 269 269 269 269 269 269 269 269 269 269 269 269 269 269 269 269 269 269 269 269 269 269 269 269 269 269 269 269 269 269 269 269 269 269 269 269 269 269 269 269 269 269 268 269 268 268 268 268 268 268 268 268 268 268 268 268 268 268 268 268 268 268 268 268 268 268 268 268 268 268 268 268 268 268 268 268 268 268 268 267 267 267 267 267 267 267 267 267 267 267 267 267 267 267 267 267 267 267 267 267 267 267 267 267 267 267 267 267 267 267 267 267 267 267 266 266 266 266 266 266 266 266 266 266 266 266 266 266 266 266 266 266 266 266 266 266 266 266 266 266 266 266 266 266 266 266 266 266 265 265 265 265 265 265 265 265 265 265 265 265 265 265 265 265 265 265 265 265 265 265 265 265 265 265 270 270 270 270 270 270 270 270 270 270 270 270 270 270 270 270 270 270 270 270 270 270 270 270 270 270 270 270 269 269 269 269 269 269 269 269 269 269 269 269 269 269 269 269 269 269 269 269 269 269 269 269 269 269 269 269 269 269 269 269 269 269 269 269 269 269 269 269 269 269 269 269 269 269 269 268 268 268 268 268 268 268 268 268 268 268 268 268 268 268 268 268 268 268 268 268 268 268 268 268 268 268 268 268 268 268 268 268 268 268 268 268 268 267 267 267 267 267 267 267 267 267 267 267 267 267 267 267 267 267 267 267 267 267 267 267 267 267 267 267 267 267 266 266 266 266 266 266 266 266 266 266 266 266 266 266 266 266 266 266 266 266 266 266 266 266 266 266 266 266 266 266 266 266 266 266 266 266 266 266 266 265 265 265 265 265 265 265 265 265 265 265 265 265 265 265 265 265 265 265 265 265 265 265 265 265 265 265 265 265 270 270 270 270 270 270 270 270 270 270 270 270 270 270 270 270 270 270 270 270 270 269 269 269 269 269 269 269 269 269 269 269 269 269 269 269 269 269 269 269 269 269 269 269 269 269 269 269 269 269 269 269 269 269 269 269 269 269 269 269 269 269 269 269 269 269 269 269 269 269 269 268 268 268 268 268 268 268 268 268 268 268 268 268 268 268 268 268 268 268 268 268 268 268 268 268 268 268 268 268 268 268 268 268 268 268 268 268 267 267 267 267 267 267 267 267 267 267 267 267 267 267 267 267 267 267 267 267 267 267 267 267 267 267 267 267 267 267 266 266 266 266 266 266 266 266 266 266 266 266 266 266 266 266 266 266 266 266 266 266 266 266 266 266 266 266 266 266 266 266 266 266 266 266 266 266 265 265 265 265 265 265 265 265 265 265 265 265 265 265 265 265 265 265 265 265 265 265 265 265 265 265 265 265 265 265 265 265 265 265 265 265 270 270 270 270 270 270 270 270 270 270 270 270 270 270 270 269 269 269 269 269 269 269 269 269 269 269 269 269 269 269 269 269 269 269 269 269 269 269 269 269 269 269 269 269 269 269 269 269 269 269 269 269 269 269 269 269 269 269 269 269 269 269 269 269 269 269 269 268 268 268 268 268 268 268 268 268 268 268 268 268 268 268 268 268 268 268 268 268 268 268 268 268 268 268 268 268 268 268 268 268 268 268 268 268 267 267 267 267 267 267 267 267 267 267 267 267 267 267 267 267 267 267 267 267 267 267 267 267 267 267 267 267 267 267 267 267 267 266 266 266 266 266 266 266 266 266 266 266 266 266 266 266 266 266 266 266 266 266 266 266 266 266 266 266 266 266 266 266 266 266 266 266 265 265 265 265 265 265 265 265 265 265 265 265 265 265 265 265 265 265 265 265 265 265 265 265 265 265 265 265 265 265 265 265 265 265 265 265 265 265 264 264 269 270 270 270 270 270 270 270 270 270 270 269 269 269 269 269 269 269 269 269 269 269 269 269 269 269 269 269 269 269 269 269 269 269 269 269 269 269 269 269 269 269 269 269 269 269 269 269 269 269 269 269 269 269 269 269 269 269 269 269 269 269 269 268 268 268 268 268 268 268 268 268 268 268 268 268 268 268 268 268 268 268 268 268 268 268 268 268 268 268 268 268 268 268 268 268 268 268 268 268 268 267 267 267 267 267 267 267 267 267 267 267 267 267 267 267 267 267 267 267 267 267 267 267 267 267 267 267 267 267 267 267 267 267 266 266 266 266 266 266 266 266 266 266 266 266 266 266 266 266 266 266 266 266 266 266 266 266 266 266 266 266 266 266 266 266 266 266 266 266 265 265 265 265 265 265 265 265 265 265 265 265 265 265 265 265 265 265 265 265 265 265 265 265 265 265 265 265 265 265 265 265 265 265 265 265 265 265 264 264 264 264 264 269 269 269 270 269 269 269 269 269 269 269 269 269 269 269 269 269 269 269 269 269 269 269 269 269 269 269 269 269 269 269 269 269 269 269 269 269 269 269 269 269 269 269 269 269 269 269 269 269 269 269 269 269 269 269 269 269 269 269 268 268 268 268 268 268 268 268 268 268 268 268 268 268 268 268 268 268 268 268 268 268 268 268 268 268 268 268 268 268 268 268 268 268 268 268 268 268 268 267 267 267 267 267 267 267 267 267 267 267 267 267 267 267 267 267 267 267 267 267 267 267 267 267 267 267 267 267 267 267 267 267 266 266 266 266 266 266 266 266 266 266 266 266 266 266 266 266 266 266 266 266 266 266 266 266 266 266 266 266 266 266 266 266 266 266 265 265 265 265 265 265 265 265 265 265 265 265 265 265 265 265 265 265 265 265 265 265 265 265 265 265 265 265 265 265 265 265 265 265 265 265 265 265 265 265 265 264 264 264 264 264 264 264 264 264 270 270 270 270 270 270 270 270 270 270 270 270 270 270 270 270 270 270 269 269 269 269 269 269 269 269 269 269 269 269 269 269 269 269 269 269 269 269 269 269 269 269 269 269 269 269 269 269 269 269 269 269 269 269 269 269 268 268 268 268 268 268 268 268 268 268 268 268 268 268 268 268 268 268 268 268 268 268 268 268 268 268 268 268 268 268 268 268 268 268 268 268 268 268 268 268 268 268 268 268 268 268 267 267 267 267 267 267 267 267 267 267 267 267 267 267 267 267 267 267 267 267 267 267 267 267 267 267 267 267 267 267 267 267 267 267 266 266 266 266 266 266 266 266 266 266 266 266 266 266 266 266 266 266 266 266 266 266 266 266 266 266 266 266 266 265 265 265 265 265 265 265 265 265 265 265 265 265 265 265 265 265 265 265 265 265 265 265 265 265 265 265 265 265 265 265 265 265 265 265 264 264 264 264 264 264 264 264 264 264 264 264 264 264 264 264 270 270 270 270 270 270 270 270 270 270 270 270 270 270 270 270 269 269 269 269 269 269 269 269 269 269 269 269 269 269 269 269 269 269 269 269 269 269 269 269 269 269 269 269 269 269 269 269 269 269 269 269 269 268 268 268 268 268 268 268 268 268 268 268 268 268 268 268 268 268 268 268 268 268 268 268 268 268 268 268 268 268 268 268 268 268 268 268 268 268 268 268 268 268 268 268 268 268 268 267 268 267 267 267 267 267 267 267 267 267 267 267 267 267 267 267 267 267 267 267 267 267 267 267 267 267 267 267 267 267 267 267 267 267 266 266 266 266 266 266 266 266 266 266 266 266 266 266 266 266 266 266 266 266 266 266 266 266 266 266 266 266 266 266 265 265 265 265 265 265 265 265 265 265 265 265 265 265 265 265 265 265 265 265 265 265 265 265 265 265 265 265 265 265 265 265 265 265 265 264 264 264 264 264 264 264 264 264 264 264 264 264 264 264 264 264 264 270 270 270 270 270 270 270 270 270 270 270 270 270 270 269 269 269 269 269 269 269 269 269 269 269 269 269 269 269 269 269 269 269 269 269 269 269 269 269 269 269 269 269 269 269 269 269 268 268 268 268 268 268 268 268 268 268 268 268 268 268 268 268 268 268 268 268 268 268 268 268 268 268 268 268 268 268 268 268 268 268 268 268 268 268 268 268 267 268 268 268 268 268 268 268 268 268 267 267 267 267 267 267 267 267 267 267 267 267 267 267 267 267 267 267 267 267 267 267 267 267 267 267 267 267 267 267 267 267 267 267 266 266 266 266 266 266 266 266 266 266 266 266 266 266 266 266 266 266 266 266 266 266 266 266 266 266 266 266 266 266 265 265 265 265 265 265 265 265 265 265 265 265 265 265 265 265 265 265 265 265 265 265 265 265 265 265 265 265 265 265 265 265 265 265 265 264 264 264 264 264 264 264 264 264 264 264 264 264 264 264 264 264 264 264 264 270 270 270 270 270 270 270 270 270 269 269 269 269 269 269 269 269 269 269 269 269 269 269 269 269 269 269 269 269 269 269 269 269 269 269 269 269 269 269 269 269 269 269 269 269 269 268 268 268 268 268 268 268 268 268 268 268 268 268 268 268 268 268 268 268 268 268 268 268 268 268 268 268 268 268 268 268 268 268 268 268 268 267 267 267 267 267 267 268 268 268 268 268 267 267 267 267 267 267 267 267 267 267 267 267 267 267 267 267 267 267 267 267 267 267 267 267 267 267 267 267 267 267 267 267 267 267 267 267 266 266 266 266 266 266 266 266 266 266 266 266 266 266 266 266 266 266 266 266 266 266 266 266 266 266 266 266 265 265 265 265 265 265 265 265 265 265 265 265 265 265 265 265 265 265 265 265 265 265 265 265 265 265 265 265 265 265 265 265 265 265 265 265 265 264 264 264 264 264 264 264 264 264 264 264 264 264 264 264 264 264 264 264 264 264 264 264 270 270 270 270 270 270 270 270 269 269 269 269 269 269 269 269 269 269 269 269 269 269 269 269 269 269 269 269 269 269 269 269 269 269 269 269 269 269 269 269 269 269 269 269 269 268 268 268 268 268 268 268 268 268 268 268 268 268 268 268 268 268 268 268 268 268 268 268 268 268 268 268 268 268 268 268 268 268 268 268 267 267 267 267 267 267 267 267 267 267 267 267 267 267 267 267 267 267 267 267 267 267 267 267 267 267 267 267 267 267 267 267 267 267 267 267 267 267 267 267 267 267 267 267 267 267 266 266 266 266 266 266 266 266 266 266 266 266 266 266 266 266 266 266 266 266 266 266 266 266 266 266 266 266 266 265 265 265 265 265 265 265 265 265 265 265 265 265 265 265 265 265 265 265 265 265 265 265 265 265 265 265 265 265 265 265 265 265 265 265 265 265 264 264 264 264 264 264 264 264 264 264 264 264 264 264 264 264 264 264 264 264 264 264 264 264 264 264 270 270 269 269 269 269 269 269 269 269 269 269 269 269 269 269 269 269 269 269 269 269 269 269 269 269 269 269 269 269 269 269 269 269 269 269 269 269 269 269 269 268 268 268 268 268 268 268 268 268 268 268 268 268 268 268 268 268 268 268 268 268 268 268 268 268 268 268 268 268 268 268 268 268 268 268 268 268 267 267 267 267 267 267 267 267 267 267 267 267 267 267 267 267 267 267 267 267 267 267 267 267 267 267 267 267 267 267 267 267 267 267 267 267 267 267 267 267 267 266 266 266 266 266 266 266 266 266 266 266 266 266 266 266 266 266 266 266 266 266 266 266 266 266 266 266 266 266 266 266 265 265 265 265 265 265 265 265 265 265 265 265 265 265 265 265 265 265 265 265 265 265 265 265 265 265 265 265 265 265 265 265 265 265 265 265 265 265 264 264 264 264 264 264 264 264 264 264 264 264 264 264 264 264 264 264 264 264 264 264 264 264 264 264 264 264 264 264 264 269 269 269 269 269 269 269 269 269 269 269 269 269 269 269 269 269 269 269 269 269 269 269 269 269 269 269 269 269 269 269 269 269 269 269 268 268 268 268 268 268 268 268 268 268 268 268 268 268 268 268 268 268 268 268 268 268 268 268 268 268 268 268 268 268 268 268 268 268 268 268 268 267 267 267 267 267 267 267 267 267 267 267 267 267 267 267 267 267 267 267 267 267 267 267 267 267 267 267 267 267 267 267 267 267 267 267 267 267 267 267 267 267 267 266 266 266 266 266 266 266 266 266 266 266 266 266 266 266 266 266 266 266 266 266 266 266 266 266 266 266 266 266 266 266 266 265 265 265 265 265 265 265 265 265 265 265 265 265 265 265 265 265 265 265 265 265 265 265 265 265 265 265 265 265 265 265 265 265 265 265 265 265 264 264 264 264 264 264 264 264 264 264 264 264 264 264 264 264 264 264 264 264 264 264 264 264 264 264 264 264 264 264 264 264 264 263 263 263 263 269 269 269 269 269 269 269 269 269 269 269 269 269 269 269 269 269 269 269 269 269 269 269 269 269 269 269 269 269 269 269 269 269 268 268 268 268 268 268 268 268 268 268 268 268 268 268 268 268 268 268 268 268 268 268 268 268 268 268 268 268 268 268 268 268 268 268 268 267 267 267 267 267 267 267 267 267 267 267 267 267 267 267 267 267 267 267 267 267 267 267 267 267 267 267 267 267 267 267 267 267 267 267 267 267 267 267 267 267 267 267 266 266 266 266 266 266 266 266 266 266 266 266 266 266 266 266 266 266 266 266 266 266 266 266 266 266 266 266 266 266 266 265 265 265 265 265 265 265 265 265 265 265 265 265 265 265 265 265 265 265 265 265 265 265 265 265 265 265 265 265 265 265 265 265 265 265 265 265 264 264 264 264 264 264 264 264 264 264 264 264 264 264 264 264 264 264 264 264 264 264 264 264 264 264 264 264 264 264 264 264 264 264 263 263 263 263 263 263 263 263 263 269 269 269 269 269 269 269 269 269 269 269 269 269 269 269 269 269 269 269 269 269 269 269 269 269 269 269 269 269 268 268 268 268 268 268 268 268 268 268 268 268 268 268 268 268 268 268 268 268 268 268 268 268 268 268 268 268 268 268 268 268 268 268 268 268 268 267 267 267 267 267 267 267 267 267 267 267 267 267 267 267 267 267 267 267 267 267 267 267 267 267 267 267 267 267 267 267 267 267 267 267 267 267 267 267 267 267 266 266 266 266 266 266 266 266 266 266 266 266 266 266 266 266 266 266 266 266 266 266 266 266 266 266 266 266 266 266 265 265 265 265 265 265 265 265 265 265 265 265 265 265 265 265 265 265 265 265 265 265 265 265 265 265 265 265 265 265 265 265 265 265 265 265 265 265 265 265 264 264 264 264 264 264 264 264 264 264 264 264 264 264 264 264 264 264 264 264 264 264 264 264 264 264 264 264 264 264 264 264 264 264 263 263 263 263 263 263 263 263 263 263 269 269 269 269 269 269 269 269 269 269 269 269 269 269 269 269 269 269 269 269 269 269 269 269 269 269 269 268 268 268 268 268 268 268 268 268 268 268 268 268 268 268 268 268 268 268 268 268 268 268 268 268 268 268 268 268 268 268 268 268 268 268 267 267 267 267 267 267 267 267 267 267 267 267 267 267 267 267 267 267 267 267 267 267 267 267 267 267 267 267 267 267 267 267 267 267 267 267 267 267 267 267 267 267 267 266 266 266 266 266 266 266 266 266 266 266 266 266 266 266 266 266 266 266 266 266 266 266 266 266 266 266 266 266 265 265 265 265 265 265 265 265 265 265 265 265 265 265 265 265 265 265 265 265 265 265 265 265 265 265 265 265 265 265 265 265 265 265 265 265 265 265 265 265 264 264 264 264 264 264 264 264 264 264 264 264 264 264 264 264 264 264 264 264 264 264 264 264 264 264 264 264 264 264 264 264 264 264 263 263 263 263 263 263 263 263 263 263 263 263 263 263 263 263 263 263 263 263 269 269 269 269 269 269 269 269 269 269 269 269 269 269 269 269 269 269 269 269 269 269 269 269 268 268 268 268 268 268 268 268 268 268 268 268 268 268 268 268 268 268 268 268 268 268 268 268 268 268 268 268 268 267 267 267 267 267 267 267 267 267 267 267 267 267 267 267 267 267 267 267 267 267 267 267 267 267 267 267 267 267 267 267 267 267 267 267 267 267 267 267 267 267 267 267 267 267 267 267 267 267 267 266 266 266 266 266 266 266 266 266 266 266 266 266 266 266 266 266 266 266 266 266 266 266 266 266 266 266 266 266 265 265 265 265 265 265 265 265 265 265 265 265 265 265 265 265 265 265 265 265 265 265 265 265 265 265 265 265 265 265 265 265 265 265 265 265 265 265 264 264 264 264 264 264 264 264 264 264 264 264 264 264 264 264 264 264 264 264 264 264 264 264 264 264 264 264 264 264 264 264 264 264 264 263 263 263 263 263 263 263 263 263 263 263 263 263 263 263 263 263 263 263 263 263 263 263 263 269 269 269 269 269 269 269 269 269 269 269 269 269 269 269 269 269 269 269 269 269 268 268 268 268 268 268 268 268 268 268 268 268 268 268 268 268 268 268 268 268 268 268 268 268 268 268 268 268 268 268 267 267 267 267 267 267 267 267 267 267 267 267 267 267 267 267 267 267 267 267 267 267 267 267 267 267 267 267 267 267 267 267 267 267 267 267 267 267 267 267 267 267 267 267 267 267 267 267 267 266 266 266 266 266 266 266 266 266 266 266 266 266 266 266 266 266 266 266 266 266 266 266 266 266 266 266 266 266 266 266 266 265 265 265 265 265 265 265 265 265 265 265 265 265 265 265 265 265 265 265 265 265 265 265 265 265 265 265 265 265 265 265 265 265 265 265 264 264 264 264 264 264 264 264 264 264 264 264 264 264 264 264 264 264 264 264 264 264 264 264 264 264 264 264 264 264 264 264 264 264 264 264 263 263 263 263 263 263 263 263 263 263 263 263 263 263 263 263 263 263 263 263 263 263 263 263 263 269 269 269 269 269 269 269 269 269 269 269 269 269 269 269 269 269 269 268 268 268 268 268 268 268 268 268 268 268 268 268 268 268 268 268 268 268 268 268 268 268 268 268 268 268 268 268 268 268 268 268 267 267 267 267 267 267 267 267 267 267 267 267 267 267 267 267 267 267 267 267 267 267 267 267 267 267 267 267 267 267 267 267 267 267 267 267 267 267 267 267 267 267 267 267 267 266 267 266 266 266 266 266 266 266 266 266 266 266 266 266 266 266 266 266 266 266 266 266 266 266 266 266 266 266 266 266 266 266 266 265 265 265 265 265 265 265 265 265 265 265 265 265 265 265 265 265 265 265 265 265 265 265 265 265 265 265 265 265 265 265 265 265 265 264 264 264 264 264 264 264 264 264 264 264 264 264 264 264 264 264 264 264 264 264 264 264 264 264 264 264 264 264 264 264 264 264 264 264 264 263 263 263 263 263 263 263 263 263 263 263 263 263 263 263 263 263 263 263 263 263 263 263 263 263 263 263 263 269 269 269 269 269 269 269 269 269 269 269 269 269 269 269 268 268 268 268 268 268 268 268 268 268 268 268 268 268 268 268 268 268 268 268 268 268 268 268 268 268 268 268 268 268 268 268 268 268 267 267 267 267 267 267 267 267 267 267 267 267 267 267 267 267 267 267 267 267 267 267 267 267 267 267 267 267 267 267 267 267 267 267 267 267 267 267 267 267 267 267 267 266 267 266 266 266 266 266 266 266 266 266 266 266 266 266 266 266 266 266 266 266 266 266 266 266 266 266 266 266 266 266 266 266 266 266 265 265 265 265 265 265 265 265 265 265 265 265 265 265 265 265 265 265 265 265 265 265 265 265 265 265 265 265 265 265 265 265 265 265 264 264 264 264 264 264 264 264 264 264 264 264 264 264 264 264 264 264 264 264 264 264 264 264 264 264 264 264 264 264 264 264 264 264 264 264 264 263 263 263 263 263 263 263 263 263 263 263 263 263 263 263 263 263 263 263 263 263 263 263 263 263 263 263 263 263 263 269 269 269 269 269 269 269 269 269 269 268 268 268 268 268 268 268 268 268 268 268 268 268 268 268 268 268 268 268 268 268 268 268 268 268 268 268 268 268 268 268 268 268 268 268 267 267 267 267 267 267 267 267 267 267 267 267 267 267 267 267 267 267 267 267 267 267 267 267 267 267 267 267 267 267 267 267 267 267 267 266 267 267 267 267 267 267 266 266 266 266 266 266 266 266 266 266 266 266 266 266 266 266 266 266 266 266 266 266 266 266 266 266 266 266 266 266 266 266 266 266 266 266 265 265 265 265 265 265 265 265 265 265 265 265 265 265 265 265 265 265 265 265 265 265 265 265 265 265 265 265 265 265 265 265 265 264 264 264 264 264 264 264 264 264 264 264 264 264 264 264 264 264 264 264 264 264 264 264 264 264 264 264 264 264 264 264 264 264 264 264 264 264 264 263 263 263 263 263 263 263 263 263 263 263 263 263 263 263 263 263 263 263 263 263 263 263 263 263 263 263 263 263 263 263 263 263 269 269 269 269 269 269 269 268 268 268 268 268 268 268 268 268 268 268 268 268 268 268 268 268 268 268 268 268 268 268 268 268 268 268 268 268 268 268 268 268 268 268 267 267 267 267 267 267 267 267 267 267 267 267 267 267 267 267 267 267 267 267 267 267 267 267 267 267 267 267 267 267 267 267 267 267 267 267 266 266 266 267 267 267 267 267 266 266 266 266 266 266 266 266 266 266 266 266 266 266 266 266 266 266 266 266 266 266 266 266 266 266 266 266 266 266 266 266 266 266 266 265 265 265 265 265 265 265 265 265 265 265 265 265 265 265 265 265 265 265 265 265 265 265 265 265 265 265 265 265 265 264 265 264 264 264 264 264 264 264 264 264 264 264 264 264 264 264 264 264 264 264 264 264 264 264 264 264 264 264 264 264 264 264 264 264 264 264 264 264 264 264 263 263 263 263 263 263 263 263 263 263 263 263 263 263 263 263 263 263 263 263 263 263 263 263 263 263 263 263 263 263 263 263 263 262 263 269 269 269 268 268 268 268 268 268 268 268 268 268 268 268 268 268 268 268 268 268 268 268 268 268 268 268 268 268 268 268 268 268 268 268 268 268 268 267 267 267 267 267 267 267 267 267 267 267 267 267 267 267 267 267 267 267 267 267 267 267 267 267 267 267 267 267 267 267 267 267 267 267 266 266 266 266 266 266 266 267 267 267 267 266 266 266 266 266 266 266 266 266 266 266 266 266 266 266 266 266 266 266 266 266 266 266 266 266 266 266 266 266 266 266 266 265 265 265 265 265 265 265 265 265 265 265 265 265 265 265 265 265 265 265 265 265 265 265 265 265 265 265 265 265 265 265 265 264 264 264 264 264 264 264 264 264 264 264 264 264 264 264 264 264 264 264 264 264 264 264 264 264 264 264 264 264 264 264 264 264 264 264 264 264 264 264 264 263 263 263 263 263 263 263 263 263 263 263 263 263 263 263 263 263 263 263 263 263 263 263 263 263 263 263 263 263 263 263 263 263 263 262 262 262 262 268 268 268 268 268 268 268 268 268 268 268 268 268 268 268 268 268 268 268 268 268 268 268 268 268 268 268 268 268 268 268 268 268 267 267 267 267 267 267 267 267 267 267 267 267 267 267 267 267 267 267 267 267 267 267 267 267 267 267 267 267 267 267 267 267 266 266 267 266 266 266 266 266 266 266 266 266 266 267 267 267 266 266 266 266 266 266 266 266 266 266 266 266 266 266 266 266 266 266 266 266 266 266 266 266 266 266 266 266 266 266 265 265 265 265 265 265 265 265 265 265 265 265 265 265 265 265 265 265 265 265 265 265 265 265 265 265 265 265 265 265 265 264 264 264 264 264 264 264 264 264 264 264 264 264 264 264 264 264 264 264 264 264 264 264 264 264 264 264 264 264 264 264 264 264 264 264 264 264 264 264 264 264 263 263 263 263 263 263 263 263 263 263 263 263 263 263 263 263 263 263 263 263 263 263 263 263 263 263 263 263 263 263 263 263 263 263 263 262 262 262 262 262 262 268 268 268 268 268 268 268 268 268 268 268 268 268 268 268 268 268 268 268 268 268 268 268 268 268 268 268 268 267 267 267 267 267 267 267 267 267 267 267 267 267 267 267 267 267 267 267 267 267 267 267 267 267 267 267 267 267 266 266 267 266 266 266 266 266 266 266 266 266 266 266 266 266 266 266 266 266 266 266 266 266 266 266 266 266 266 266 266 266 266 266 266 266 266 266 266 266 266 266 266 266 266 266 266 266 266 266 265 265 265 265 265 265 265 265 265 265 265 265 265 265 265 265 265 265 265 265 265 265 265 265 265 265 265 265 265 264 264 264 264 264 264 264 264 264 264 264 264 264 264 264 264 264 264 264 264 264 264 264 264 264 264 264 264 264 264 264 264 264 264 264 264 264 264 264 264 264 263 263 263 263 263 263 263 263 263 263 263 263 263 263 263 263 263 263 263 263 263 263 263 263 263 263 263 263 263 263 263 263 263 263 263 262 262 262 262 262 262 262 262 262 268 268 268 268 268 268 268 268 268 268 268 268 268 268 268 268 268 268 268 268 268 268 268 268 267 267 267 267 267 267 267 267 267 267 267 267 267 267 267 267 267 267 267 267 267 267 267 267 267 267 267 267 267 267 266 266 266 266 266 266 266 266 266 266 266 266 266 266 266 266 266 266 266 266 266 266 266 266 266 266 266 266 266 266 266 266 266 266 266 266 266 266 266 266 266 266 266 266 266 266 266 266 266 266 265 265 265 265 265 265 265 265 265 265 265 265 265 265 265 265 265 265 265 265 265 265 265 265 265 265 264 264 264 264 264 264 264 264 264 264 264 264 264 264 264 264 264 264 264 264 264 264 264 264 264 264 264 264 264 264 264 264 264 264 264 264 264 264 264 264 264 264 264 264 263 263 263 263 263 263 263 263 263 263 263 263 263 263 263 263 263 263 263 263 263 263 263 263 263 263 263 263 263 263 263 263 263 263 263 262 262 262 262 262 262 262 262 262 262 262 268 268 268 268 268 268 268 268 268 268 268 268 268 268 268 268 268 268 268 268 268 268 267 267 267 267 267 267 267 267 267 267 267 267 267 267 267 267 267 267 267 267 267 267 267 267 267 267 267 267 267 267 267 266 266 266 266 266 266 266 266 266 266 266 266 266 266 266 266 266 266 266 266 266 266 266 266 266 266 266 266 266 266 266 266 266 266 266 266 266 266 266 266 266 266 266 266 266 266 265 266 265 265 265 265 265 265 265 265 265 265 265 265 265 265 265 265 265 265 265 265 265 265 265 265 265 265 265 264 264 264 264 264 264 264 264 264 264 264 264 264 264 264 264 264 264 264 264 264 264 264 264 264 264 264 264 264 264 264 264 264 264 264 264 264 264 264 264 264 264 264 263 263 263 263 263 263 263 263 263 263 263 263 263 263 263 263 263 263 263 263 263 263 263 263 263 263 263 263 263 263 263 263 263 263 263 263 262 262 262 262 262 262 262 262 262 262 262 262 262 268 268 268 268 268 268 268 268 268 268 268 268 268 268 268 268 268 268 268 268 268 267 267 267 267 267 267 267 267 267 267 267 267 267 267 267 267 267 267 267 267 267 267 267 267 267 267 267 267 267 267 267 267 266 266 266 266 266 266 266 266 266 266 266 266 266 266 266 266 266 266 266 266 266 266 266 266 266 266 266 266 266 266 266 266 266 266 266 266 266 266 266 266 266 266 266 266 265 265 265 265 265 265 265 265 265 265 265 265 265 265 265 265 265 265 265 265 265 265 265 265 265 265 265 265 265 264 264 264 264 264 264 264 264 264 264 264 264 264 264 264 264 264 264 264 264 264 264 264 264 264 264 264 264 264 264 264 264 264 264 264 264 264 264 264 264 264 264 264 263 263 263 263 263 263 263 263 263 263 263 263 263 263 263 263 263 263 263 263 263 263 263 263 263 263 263 263 263 263 263 263 263 263 263 263 263 263 262 262 262 262 262 262 262 262 262 262 262 262 262 262 268 268 268 268 268 268 268 268 268 268 268 268 268 268 268 268 268 268 268 268 267 267 267 267 267 267 267 267 267 267 267 267 267 267 267 267 267 267 267 267 267 267 267 267 267 267 267 267 267 267 267 267 266 266 266 266 266 266 266 266 266 266 266 266 266 266 266 266 266 266 266 266 266 266 266 266 266 266 266 266 266 266 266 266 266 266 266 266 266 266 266 266 266 266 266 266 266 265 265 265 265 265 265 265 265 265 265 265 265 265 265 265 265 265 265 265 265 265 265 265 265 265 265 265 265 265 265 264 264 264 264 264 264 264 264 264 264 264 264 264 264 264 264 264 264 264 264 264 264 264 264 264 264 264 264 264 264 264 264 264 264 264 264 264 264 264 264 264 263 263 263 263 263 263 263 263 263 263 263 263 263 263 263 263 263 263 263 263 263 263 263 263 263 263 263 263 263 263 263 263 263 263 263 263 263 263 263 262 262 262 262 262 262 262 262 262 262 262 262 262 262 262 268 268 268 268 268 268 268 268 268 268 268 268 268 268 268 268 268 268 267 267 267 267 267 267 267 267 267 267 267 267 267 267 267 267 267 267 267 267 267 267 267 267 267 267 267 267 267 267 267 267 266 266 266 266 266 266 266 266 266 266 266 266 266 266 266 266 266 266 266 266 266 266 266 266 266 266 266 266 266 266 266 266 266 266 266 266 266 266 266 266 266 266 266 265 266 265 265 265 265 265 265 265 265 265 265 265 265 265 265 265 265 265 265 265 265 265 265 265 265 265 265 265 265 265 265 265 265 265 264 264 264 264 264 264 264 264 264 264 264 264 264 264 264 264 264 264 264 264 264 264 264 264 264 264 264 264 264 264 264 264 264 264 264 264 264 264 263 263 263 263 263 263 263 263 263 263 263 263 263 263 263 263 263 263 263 263 263 263 263 263 263 263 263 263 263 263 263 263 263 263 263 263 263 263 263 263 262 262 262 262 262 262 262 262 262 262 262 262 262 262 262 262 268 268 268 268 268 268 268 268 268 268 268 268 268 267 267 267 267 267 267 267 267 267 267 267 267 267 267 267 267 267 267 267 267 267 267 267 267 267 267 267 267 267 267 267 267 267 267 266 266 266 266 266 266 266 266 266 266 266 266 266 266 266 266 266 266 266 266 266 266 266 266 266 266 266 266 266 266 266 266 266 266 266 266 266 266 266 266 266 266 266 266 265 265 265 265 265 265 265 265 265 265 265 265 265 265 265 265 265 265 265 265 265 265 265 265 265 265 265 265 265 265 265 265 265 265 265 265 264 264 264 264 264 264 264 264 264 264 264 264 264 264 264 264 264 264 264 264 264 264 264 264 264 264 264 264 264 264 264 264 264 264 264 263 263 263 263 263 263 263 263 263 263 263 263 263 263 263 263 263 263 263 263 263 263 263 263 263 263 263 263 263 263 263 263 263 263 263 263 263 263 263 262 262 262 262 262 262 262 262 262 262 262 262 262 262 262 262 262 262 262 262 262 268 268 268 268 268 268 268 268 268 268 268 268 268 267 267 267 267 267 267 267 267 267 267 267 267 267 267 267 267 267 267 267 267 267 267 267 267 267 267 267 267 267 267 267 267 267 267 266 266 266 266 266 266 266 266 266 266 266 266 266 266 266 266 266 266 266 266 266 266 266 266 266 266 266 266 266 266 266 266 265 265 266 266 266 266 266 266 266 266 266 266 265 265 265 265 265 265 265 265 265 265 265 265 265 265 265 265 265 265 265 265 265 265 265 265 265 265 265 265 265 265 265 265 265 265 265 265 264 264 264 264 264 264 264 264 264 264 264 264 264 264 264 264 264 264 264 264 264 264 264 264 264 264 264 264 264 264 264 264 264 264 264 263 263 263 263 263 263 263 263 263 263 263 263 263 263 263 263 263 263 263 263 263 263 263 263 263 263 263 263 263 263 263 263 263 263 263 263 263 263 263 263 262 262 262 262 262 262 262 262 262 262 262 262 262 262 262 262 262 262 262 262 262 262 268 268 268 268 268 268 268 268 268 268 268 267 267 267 267 267 267 267 267 267 267 267 267 267 267 267 267 267 267 267 267 267 267 267 267 267 267 267 267 267 267 267 267 267 267 266 266 266 266 266 266 266 266 266 266 266 266 266 266 266 266 266 266 266 266 266 266 266 266 266 266 266 266 266 266 265 265 265 265 265 265 266 266 266 266 266 266 266 265 265 265 265 265 265 265 265 265 265 265 265 265 265 265 265 265 265 265 265 265 265 265 265 265 265 265 265 265 265 265 265 265 265 265 265 264 264 264 264 264 264 264 264 264 264 264 264 264 264 264 264 264 264 264 264 264 264 264 264 264 264 264 264 264 264 264 264 264 263 263 263 263 263 263 263 263 263 263 263 263 263 263 263 263 263 263 263 263 263 263 263 263 263 263 263 263 263 263 263 263 263 263 263 263 263 263 263 263 263 263 262 262 262 262 262 262 262 262 262 262 262 262 262 262 262 262 262 262 262 262 262 262 262 262 268 268 268 268 268 268 268 268 267 267 267 267 267 267 267 267 267 267 267 267 267 267 267 267 267 267 267 267 267 267 267 267 267 267 267 267 267 267 267 267 267 267 266 266 266 266 266 266 266 266 266 266 266 266 266 266 266 266 266 266 266 266 266 266 266 266 266 266 266 266 266 266 266 265 265 265 265 265 265 265 265 266 266 265 266 265 265 265 265 265 265 265 265 265 265 265 265 265 265 265 265 265 265 265 265 265 265 265 265 265 265 265 265 265 265 265 265 265 265 265 264 264 264 264 264 264 264 264 264 264 264 264 264 264 264 264 264 264 264 264 264 264 264 264 264 264 264 264 264 264 264 264 264 263 263 263 263 263 263 263 263 263 263 263 263 263 263 263 263 263 263 263 263 263 263 263 263 263 263 263 263 263 263 263 263 263 263 263 263 263 263 263 263 263 263 263 262 262 262 262 262 262 262 262 262 262 262 262 262 262 262 262 262 262 262 262 262 262 262 262 262 262 262 268 268 268 267 267 267 267 267 267 267 267 267 267 267 267 267 267 267 267 267 267 267 267 267 267 267 267 267 267 267 267 267 267 267 267 267 267 267 266 266 266 266 266 266 266 266 266 266 266 266 266 266 266 266 266 266 266 266 266 266 266 266 266 266 266 266 266 266 266 266 266 265 265 265 265 265 265 265 265 265 265 265 265 265 265 265 265 265 265 265 265 265 265 265 265 265 265 265 265 265 265 265 265 265 265 265 265 265 265 265 265 265 265 265 265 265 264 264 264 264 264 264 264 264 264 264 264 264 264 264 264 264 264 264 264 264 264 264 264 264 264 264 264 264 264 264 264 264 263 263 263 263 263 263 263 263 263 263 263 263 263 263 263 263 263 263 263 263 263 263 263 263 263 263 263 263 263 263 263 263 263 263 263 263 263 263 263 263 263 263 263 263 263 262 262 262 262 262 262 262 262 262 262 262 262 262 262 262 262 262 262 262 262 262 262 262 262 262 262 262 262 262 268 268 268 268 267 267 267 267 267 267 267 267 267 267 267 267 267 267 267 267 267 267 267 267 267 267 267 267 267 267 267 267 267 267 267 267 267 267 266 266 266 266 266 266 266 266 266 266 266 266 266 266 266 266 266 266 266 266 266 266 266 266 266 266 266 266 266 266 266 266 265 265 265 265 265 265 265 265 265 265 265 265 265 265 265 265 265 265 265 265 265 265 265 265 265 265 265 265 265 265 265 265 265 265 265 265 265 265 265 265 265 265 265 265 265 264 264 264 264 264 264 264 264 264 264 264 264 264 264 264 264 264 264 264 264 264 264 264 264 264 264 264 264 264 264 264 263 263 263 263 263 263 263 263 263 263 263 263 263 263 263 263 263 263 263 263 263 263 263 263 263 263 263 263 263 263 263 263 263 263 263 263 263 263 263 263 263 263 263 263 263 263 262 262 262 262 262 262 262 262 262 262 262 262 262 262 262 262 262 262 262 262 262 262 262 262 262 262 262 262 262 262 262 262 262 268 268 268 267 267 267 267 267 267 267 267 267 267 267 267 267 267 267 267 267 267 267 267 267 267 267 267 267 267 267 267 267 267 267 266 266 266 266 266 266 266 266 266 266 266 266 266 266 266 266 266 266 266 266 266 266 266 266 266 266 266 266 266 266 266 266 266 266 265 265 265 265 265 265 265 265 265 265 265 265 265 265 265 265 265 265 265 265 265 265 265 265 265 265 265 265 265 265 265 265 265 265 265 265 265 265 265 265 265 265 265 265 265 264 264 264 264 264 264 264 264 264 264 264 264 264 264 264 264 264 264 264 264 264 264 264 264 264 264 264 264 264 264 263 263 263 263 263 263 263 263 263 263 263 263 263 263 263 263 263 263 263 263 263 263 263 263 263 263 263 263 263 263 263 263 263 263 263 263 263 263 263 263 263 263 263 263 263 263 263 262 262 262 262 262 262 262 262 262 262 262 262 262 262 262 262 262 262 262 262 262 262 262 262 262 262 262 262 262 262 262 262 262 262 262 262 261 261 261 267 267 267 267 267 267 267 267 267 267 267 267 267 267 267 267 267 267 267 267 267 267 267 267 267 267 267 267 267 267 267 267 266 266 266 266 266 266 266 266 266 266 266 266 266 266 266 266 266 266 266 266 266 266 266 266 266 266 266 266 266 266 266 266 266 265 265 265 265 265 265 265 265 265 265 265 265 265 265 265 265 265 265 265 265 265 265 265 265 265 265 265 265 265 265 265 265 265 265 265 265 265 265 265 265 265 265 265 265 265 264 264 264 264 264 264 264 264 264 264 264 264 264 264 264 264 264 264 264 264 264 264 264 264 264 264 263 263 264 263 263 263 263 263 263 263 263 263 263 263 263 263 263 263 263 263 263 263 263 263 263 263 263 263 263 263 263 263 263 263 263 263 263 263 263 263 263 263 263 263 263 263 263 263 263 263 263 262 262 262 262 262 262 262 262 262 262 262 262 262 262 262 262 262 262 262 262 262 262 262 262 262 262 262 262 262 262 262 262 262 262 262 262 262 261 261 261 261 261 261 267 267 267 267 267 267 267 267 267 267 267 267 267 267 267 267 267 267 267 267 267 267 267 267 267 267 267 267 267 266 266 266 266 266 266 266 266 266 266 266 266 266 266 266 266 266 266 266 266 266 266 266 266 266 266 266 266 266 266 266 266 266 265 265 265 265 265 265 265 265 265 265 265 265 265 265 265 265 265 265 265 265 265 265 265 265 265 265 265 265 265 265 265 265 265 265 265 265 265 265 265 265 265 265 265 264 265 264 264 264 264 264 264 264 264 264 264 264 264 264 264 264 264 264 264 264 264 264 264 264 264 264 264 264 263 263 263 263 263 263 263 263 263 263 263 263 263 263 263 263 263 263 263 263 263 263 263 263 263 263 263 263 263 263 263 263 263 263 263 263 263 263 263 263 263 263 263 263 263 263 263 263 263 263 262 262 262 262 262 262 262 262 262 262 262 262 262 262 262 262 262 262 262 262 262 262 262 262 262 262 262 262 262 262 262 262 262 262 262 262 262 262 261 261 261 261 261 261 261 261 261 267 267 267 267 267 267 267 267 267 267 267 267 267 267 267 267 267 267 267 267 267 266 266 266 266 266 266 266 266 266 266 266 266 266 266 266 266 266 266 266 266 266 266 266 266 266 266 266 266 266 266 266 266 266 265 265 265 265 265 265 265 265 265 265 265 265 265 265 265 265 265 265 265 265 265 265 265 265 265 265 265 265 265 265 265 265 265 265 265 265 265 265 265 265 265 265 265 265 264 264 264 264 264 264 264 264 264 264 264 264 264 264 264 264 264 264 264 264 264 264 264 264 264 264 264 264 264 264 263 263 263 263 263 263 263 263 263 263 263 263 263 263 263 263 263 263 263 263 263 263 263 263 263 263 263 263 263 263 263 263 263 263 263 263 263 263 263 263 263 263 263 263 263 263 263 263 262 262 262 262 262 262 262 262 262 262 262 262 262 262 262 262 262 262 262 262 262 262 262 262 262 262 262 262 262 262 262 262 262 262 262 262 262 262 262 261 261 261 261 261 261 261 261 261 261 261 261 267 267 267 267 267 267 267 267 267 267 266 266 266 266 266 267 266 266 266 266 266 266 266 266 266 266 266 266 266 266 266 266 266 266 266 266 266 266 266 266 266 266 266 266 266 266 266 266 266 265 265 265 265 265 265 265 265 265 265 265 265 265 265 265 265 265 265 265 265 265 265 265 265 265 265 265 265 265 265 265 265 265 265 265 265 265 265 265 265 265 265 265 265 264 264 264 264 264 264 264 264 264 264 264 264 264 264 264 264 264 264 264 264 264 264 264 264 264 264 264 264 264 264 264 264 263 263 263 263 263 263 263 263 263 263 263 263 263 263 263 263 263 263 263 263 263 263 263 263 263 263 263 263 263 263 263 263 263 263 263 263 263 263 263 263 263 263 263 263 263 262 262 262 262 262 262 262 262 262 262 262 262 262 262 262 262 262 262 262 262 262 262 262 262 262 262 262 262 262 262 262 262 262 262 262 262 262 262 262 262 261 261 261 261 261 261 261 261 261 261 261 261 261 261 267 267 267 266 266 266 266 266 266 266 266 266 266 266 266 266 266 266 266 266 266 266 266 266 266 266 266 266 266 266 266 266 266 266 266 266 266 266 266 266 266 266 265 265 265 265 265 265 265 265 265 265 265 265 265 265 265 265 265 265 265 265 265 265 265 265 265 265 265 265 265 265 265 265 265 265 265 265 265 265 265 265 265 265 265 265 264 264 264 264 264 264 264 264 264 264 264 264 264 264 264 264 264 264 264 264 264 264 264 264 264 264 264 264 264 264 264 264 264 264 264 263 263 263 263 263 263 263 263 263 263 263 263 263 263 263 263 263 263 263 263 263 263 263 263 263 263 263 263 263 263 263 263 263 263 263 263 263 263 263 263 263 262 262 262 262 262 262 262 262 262 262 262 262 262 262 262 262 262 262 262 262 262 262 262 262 262 262 262 262 262 262 262 262 262 262 262 262 262 262 262 262 262 261 261 261 261 261 261 261 261 261 261 261 261 261 261 261 261 261 261 266 266 266 266 266 266 266 266 266 266 266 266 266 266 266 266 266 266 266 266 266 266 266 266 266 266 266 266 266 265 265 265 265 265 265 265 265 265 265 265 265 265 265 265 265 265 265 265 265 265 265 265 265 265 265 265 265 265 265 265 265 265 265 265 265 265 265 265 265 265 265 265 265 264 264 264 264 264 264 264 264 264 264 264 264 264 264 264 264 264 264 264 264 264 264 264 264 264 264 264 264 264 264 264 264 264 264 264 264 264 263 263 263 263 263 263 263 263 263 263 263 263 263 263 263 263 263 263 263 263 263 263 263 263 263 263 263 263 263 263 263 263 263 263 263 263 263 263 263 262 262 262 262 262 262 262 262 262 262 262 262 262 262 262 262 262 262 262 262 262 262 262 262 262 262 262 262 262 262 262 262 262 262 262 262 262 262 262 262 262 262 261 261 261 261 261 261 261 261 261 261 261 261 261 261 261 261 261 261 261 266 266 266 266 266 266 266 266 266 266 266 266 266 266 266 266 266 266 266 266 266 266 266 266 265 265 265 265 265 265 265 265 265 265 265 265 265 265 265 265 265 265 265 265 265 265 265 265 265 265 265 265 265 265 265 265 264 264 264 265 265 265 265 265 265 265 265 265 264 264 264 264 264 264 264 264 264 264 264 264 264 264 264 264 264 264 264 264 264 264 264 264 264 264 264 264 264 264 264 264 264 264 264 264 263 263 263 263 263 263 263 263 263 263 263 263 263 263 263 263 263 263 263 263 263 263 263 263 263 263 263 263 263 263 263 263 263 263 263 263 263 263 263 262 262 262 262 262 262 262 262 262 262 262 262 262 262 262 262 262 262 262 262 262 262 262 262 262 262 262 262 262 262 262 262 262 262 262 262 262 262 262 262 262 262 262 261 261 261 261 261 261 261 261 261 261 261 261 261 261 261 261 261 261 261 261 261 266 266 266 266 266 266 266 266 266 266 266 266 266 266 266 266 266 266 266 266 266 265 265 265 265 265 265 265 265 265 265 265 265 265 265 265 265 265 265 265 265 265 265 265 265 265 265 265 265 265 265 265 265 264 264 264 264 264 265 265 265 265 265 265 265 264 264 264 264 264 264 264 264 264 264 264 264 264 264 264 264 264 264 264 264 264 264 264 264 264 264 264 264 264 264 264 264 264 264 263 263 263 263 263 263 263 263 263 263 263 263 263 263 263 263 263 263 263 263 263 263 263 263 263 263 263 263 263 263 263 263 263 263 263 263 263 263 263 262 262 262 262 262 262 262 262 262 262 262 262 262 262 262 262 262 262 262 262 262 262 262 262 262 262 262 262 262 262 262 262 262 262 262 262 262 262 262 262 262 262 262 262 262 261 261 261 261 261 261 261 261 261 261 261 261 261 261 261 261 261 261 261 261 261 266 266 266 266 266 266 266 266 266 266 266 266 266 266 266 266 266 266 265 265 265 265 265 265 265 265 265 265 265 265 265 265 265 265 265 265 265 265 265 265 265 265 265 265 265 265 265 265 265 265 264 264 264 264 264 264 264 264 265 265 265 265 264 264 264 264 264 264 264 264 264 264 264 264 264 264 264 264 264 264 264 264 264 264 264 264 264 264 264 264 264 264 264 264 264 264 263 263 263 263 263 263 263 263 263 263 263 263 263 263 263 263 263 263 263 263 263 263 263 263 263 263 263 263 263 263 263 263 263 263 263 263 263 263 262 262 262 262 262 262 262 262 262 262 262 262 262 262 262 262 262 262 262 262 262 262 262 262 262 262 262 262 262 262 262 262 262 262 262 262 262 262 262 262 262 262 262 262 262 262 261 261 261 261 261 261 261 261 261 261 261 261 261 261 261 261 261 261 261 261 261 261 266 266 266 266 266 266 266 266 266 266 266 266 266 266 266 265 265 265 265 265 265 265 265 265 265 265 265 265 265 265 265 265 265 265 265 265 265 265 265 265 265 265 265 265 265 265 265 264 264 264 264 264 264 264 264 264 264 264 265 265 264 264 264 264 264 264 264 264 264 264 264 264 264 264 264 264 264 264 264 264 264 264 264 264 264 264 264 264 264 264 264 264 264 264 263 263 263 263 263 263 263 263 263 263 263 263 263 263 263 263 263 263 263 263 263 263 263 263 263 263 263 263 263 263 263 263 262 262 262 262 262 262 262 262 262 262 262 262 262 262 262 262 262 262 262 262 262 262 262 262 262 262 262 262 262 262 262 262 262 262 262 262 262 262 262 262 262 262 262 262 262 262 262 262 262 262 262 261 261 261 261 261 261 261 261 261 261 261 261 261 261 261 261 261 261 261 261 261 261 261 261 266 266 266 266 266 266 266 266 266 266 266 266 266 266 266 266 266 266 266 265 266 265 265 265 265 265 265 265 265 265 265 265 265 265 265 265 265 265 265 265 265 265 265 265 265 265 265 265 265 265 265 265 264 264 264 264 264 264 264 264 264 264 264 264 264 264 264 264 264 264 264 264 264 264 264 264 264 264 264 264 264 264 264 264 264 264 264 264 264 264 264 264 264 264 264 264 264 263 263 263 263 263 263 263 263 263 263 263 263 263 263 263 263 263 263 263 263 263 263 263 263 263 263 263 263 263 263 263 263 263 262 262 262 262 262 262 262 262 262 262 262 262 262 262 262 262 262 262 262 262 262 262 262 262 262 262 262 262 262 262 262 262 262 262 262 262 262 262 262 262 262 262 262 262 262 262 262 262 262 262 262 262 262 261 261 261 261 261 261 261 261 261 261 261 261 261 261 261 261 261 261 261 261 261 261 261 261 261 261 266 266 266 266 266 266 266 266 266 266 266 266 266 266 266 266 266 266 266 266 265 265 265 265 265 265 265 265 265 265 265 265 265 265 265 265 265 265 265 265 265 265 265 265 265 265 265 265 265 265 265 265 265 265 264 264 264 264 264 264 264 264 264 264 264 264 264 264 264 264 264 264 264 264 264 264 264 264 264 264 264 264 264 264 264 264 264 264 264 264 264 264 264 264 264 264 264 264 264 263 263 263 263 263 263 263 263 263 263 263 263 263 263 263 263 263 263 263 263 263 263 263 263 263 263 263 263 263 262 262 262 262 262 262 262 262 262 262 262 262 262 262 262 262 262 262 262 262 262 262 262 262 262 262 262 262 262 262 262 262 262 262 262 262 262 262 262 262 262 262 262 262 262 262 262 262 262 262 262 262 262 262 262 262 262 261 261 261 261 261 261 261 261 261 261 261 261 261 261 261 261 261 261 261 261 261 261 261 261 261 261 261 261 261 261 261 261 261 261 261 261 266 266 266 266 266 266 266 266 266 266 266 266 266 266 266 266 266 266 265 265 265 265 265 265 265 265 265 265 265 265 265 265 265 265 265 265 265 265 265 265 265 265 265 265 265 265 265 265 265 265 265 265 264 264 264 264 264 264 264 264 264 264 264 264 264 264 264 264 264 264 264 264 264 264 264 264 264 264 264 264 264 264 264 264 264 264 264 264 264 264 264 264 264 264 264 263 263 263 263 263 263 263 263 263 263 263 263 263 263 263 263 263 263 263 263 263 263 263 263 263 263 263 263 263 263 263 263 263 262 262 262 262 262 262 262 262 262 262 262 262 262 262 262 262 262 262 262 262 262 262 262 262 262 262 262 262 262 262 262 262 262 262 262 262 262 262 262 262 262 262 262 262 262 262 262 262 262 262 262 262 262 262 261 261 261 261 261 261 261 261 261 261 261 261 261 261 261 261 261 261 261 261 261 261 261 261 261 261 261 261 261 261 261 261 261 261 261 261 261 261 260 261 261 266 266 266 266 266 266 266 266 266 266 266 266 266 266 266 266 266 265 265 265 265 265 265 265 265 265 265 265 265 265 265 265 265 265 265 265 265 265 265 265 265 265 265 265 265 265 265 265 265 264 264 264 264 264 264 264 264 264 264 264 264 264 264 264 264 264 264 264 264 264 264 264 264 264 264 264 264 264 264 264 264 264 264 264 264 264 264 264 264 264 264 264 263 263 263 263 263 263 263 263 263 263 263 263 263 263 263 263 263 263 263 263 263 263 263 263 263 263 263 263 263 263 263 262 262 262 262 262 262 262 262 262 262 262 262 262 262 262 262 262 262 262 262 262 262 262 262 262 262 262 262 262 262 262 262 262 262 262 262 262 262 262 262 262 262 262 262 262 262 262 262 262 262 262 262 262 262 262 262 261 261 261 261 261 261 261 261 261 261 261 261 261 261 261 261 261 261 261 261 261 261 261 261 261 261 261 261 261 261 261 261 261 261 261 261 261 261 260 260 260 260 261 261 261 261 266 266 266 266 266 266 266 266 266 266 266 266 266 266 266 265 265 265 265 265 265 265 265 265 265 265 265 265 265 265 265 265 265 265 265 265 265 265 265 265 265 265 265 265 265 265 265 264 264 264 264 264 264 264 264 264 264 264 264 264 264 264 264 264 264 264 264 264 264 264 264 264 264 264 264 264 264 264 264 264 264 264 264 264 264 264 264 264 264 264 263 263 263 263 263 263 263 263 263 263 263 263 263 263 263 263 263 263 263 263 263 263 263 263 263 263 263 263 263 263 263 263 262 262 262 262 262 262 262 262 262 262 262 262 262 262 262 262 262 262 262 262 262 262 262 262 262 262 262 262 262 262 262 262 262 262 262 262 262 262 262 262 262 262 262 262 262 262 262 262 262 262 262 262 262 262 262 261 261 261 261 261 261 261 261 261 261 261 261 261 261 261 261 261 261 261 261 261 261 261 261 261 261 261 261 261 261 261 261 261 261 261 261 261 261 261 260 260 260 260 260 260 261 261 261 261 261 266 266 266 266 266 266 266 266 266 266 265 265 265 265 265 265 265 265 265 265 265 265 265 265 265 265 265 265 265 265 265 265 265 265 265 265 265 265 265 265 265 265 265 265 264 264 264 264 264 264 264 264 264 264 264 264 264 264 264 264 264 264 264 264 264 264 264 264 264 264 264 264 264 264 264 264 264 264 264 264 264 264 264 264 264 264 264 263 263 263 263 263 263 263 263 263 263 263 263 263 263 263 263 263 263 263 263 263 263 263 263 263 263 263 263 263 263 263 263 263 263 262 262 262 262 262 262 262 262 262 262 262 262 262 262 262 262 262 262 262 262 262 262 262 262 262 262 262 262 262 262 262 262 262 262 262 262 262 262 262 262 262 262 262 262 262 262 262 262 262 262 262 262 261 261 261 261 261 261 261 261 261 261 261 261 261 261 261 261 261 261 261 261 261 261 261 261 261 261 261 261 261 261 261 261 261 261 261 261 261 261 261 261 260 260 260 260 260 260 260 260 261 261 261 261 261 261 266 266 266 266 266 266 265 266 265 265 265 265 265 265 265 265 265 265 265 265 265 265 265 265 265 265 265 265 265 265 265 265 265 265 265 265 265 265 265 265 264 264 264 264 264 264 264 264 264 264 264 264 264 264 264 264 264 264 264 264 264 264 264 264 264 264 264 264 264 264 264 264 264 264 264 264 264 264 264 264 264 264 264 263 263 263 263 263 263 263 263 263 263 263 263 263 263 263 263 263 263 263 263 263 263 263 263 263 263 263 263 263 263 263 263 263 263 263 263 263 262 262 262 262 262 262 262 262 262 262 262 262 262 262 262 262 262 262 262 262 262 262 262 262 262 262 262 262 262 262 262 262 262 262 262 262 262 262 262 262 262 262 262 262 262 262 262 261 261 261 261 261 261 261 261 261 261 261 261 261 261 261 261 261 261 261 261 261 261 261 261 261 261 261 261 261 261 261 261 261 261 261 261 261 261 261 261 261 261 261 260 260 260 260 260 260 260 260 260 260 261 261 261 261 261 265 265 265 265 265 265 265 265 265 265 265 265 265 265 265 265 265 265 265 265 265 265 265 265 265 265 265 265 265 265 265 265 265 265 265 264 264 264 264 264 264 264 264 264 264 264 264 264 264 264 264 264 264 264 264 264 264 264 264 264 264 264 264 264 264 264 263 263 264 264 264 264 264 264 264 264 264 264 264 263 263 263 263 263 263 263 263 263 263 263 263 263 263 263 263 263 263 263 263 263 263 263 263 263 263 263 263 263 263 263 263 263 263 263 263 263 262 262 262 262 262 262 262 262 262 262 262 262 262 262 262 262 262 262 262 262 262 262 262 262 262 262 262 262 262 262 262 262 262 262 262 262 262 262 262 262 262 262 262 262 262 261 261 261 261 261 261 261 261 261 261 261 261 261 261 261 261 261 261 261 261 261 261 261 261 261 261 261 261 261 261 261 261 261 261 261 261 261 261 261 261 261 261 261 261 260 260 260 260 260 260 260 260 260 260 260 260 260 261 261 261 261 265 265 265 265 265 265 265 265 265 265 265 265 265 265 265 265 265 265 265 265 265 265 265 265 265 265 265 265 265 265 265 265 264 264 264 264 264 264 264 264 264 264 264 264 264 264 264 264 264 264 264 264 264 264 264 264 264 264 264 264 264 264 263 263 263 263 263 264 264 264 264 264 264 264 264 263 263 263 263 263 263 263 263 263 263 263 263 263 263 263 263 263 263 263 263 263 263 263 263 263 263 263 263 263 263 263 263 263 263 263 262 262 262 262 262 262 262 262 262 262 262 262 262 262 262 262 262 262 262 262 262 262 262 262 262 262 262 262 262 262 262 262 262 262 262 262 262 262 262 262 262 262 262 262 261 262 262 261 261 261 261 261 261 261 261 261 261 261 261 261 261 261 261 261 261 261 261 261 261 261 261 261 261 261 261 261 261 261 261 261 261 261 261 261 261 261 261 261 261 261 261 261 260 260 260 260 260 260 260 260 260 260 260 260 260 260 260 261 261 261 261 261 261 261 265 265 265 265 265 265 265 265 265 265 265 265 265 265 265 265 265 265 265 265 265 265 265 265 265 265 265 265 265 265 265 265 265 265 264 264 264 264 264 264 264 264 264 264 264 264 264 264 264 264 264 264 264 264 264 264 264 264 264 264 264 264 263 263 263 263 264 264 264 263 263 263 263 263 263 263 263 263 263 263 263 263 263 263 263 263 263 263 263 263 263 263 263 263 263 263 262 262 262 262 262 262 262 262 262 262 262 262 262 262 262 262 262 262 262 262 262 262 262 262 262 262 262 262 262 262 262 262 262 262 262 262 262 262 262 262 262 262 262 262 262 262 262 262 261 261 261 261 261 261 261 261 261 261 261 261 261 261 261 261 261 261 261 261 261 261 261 261 261 261 261 261 261 261 261 261 261 261 261 261 261 261 261 261 261 261 261 261 261 261 261 261 261 261 261 260 260 260 260 260 260 260 260 260 260 260 260 260 260 260 260 260 260 260 260 260 261 261 261 261 261 261 261 261 261 261 261 265 265 265 265 265 265 265 265 265 265 265 265 265 265 265 265 265 265 265 265 265 265 265 265 265 265 265 265 265 265 265 265 265 264 264 264 264 264 264 264 264 264 264 264 264 264 264 264 264 264 264 264 264 264 264 264 264 264 264 264 264 263 263 263 263 263 263 264 263 263 263 263 263 263 263 263 263 263 263 263 263 263 263 263 263 263 263 263 263 263 263 263 263 263 262 262 262 262 262 262 262 262 262 262 262 262 262 262 262 262 262 262 262 262 262 262 262 262 262 262 262 262 262 262 262 262 262 262 262 262 262 262 262 262 262 262 262 262 262 262 261 261 261 261 261 261 261 261 261 261 261 261 261 261 261 261 261 261 261 261 261 261 261 261 261 261 261 261 261 261 261 261 261 261 261 261 261 261 261 261 261 261 261 261 261 261 261 261 261 261 261 261 261 261 260 260 260 260 260 260 260 260 260 260 260 260 260 260 260 260 260 260 260 260 260 260 260 261 261 261 261 261 261 261 261 261 260 260 265 265 265 265 265 265 265 265 265 265 265 265 265 265 265 265 265 265 265 265 265 265 265 265 265 265 265 265 265 265 265 265 265 265 265 265 264 264 264 264 264 264 264 264 264 264 264 264 264 264 264 264 264 264 264 264 264 264 264 264 264 264 264 264 263 263 263 263 263 263 263 263 263 263 263 263 263 263 263 263 263 263 263 263 263 263 263 263 263 263 263 263 263 263 263 263 263 263 262 262 262 262 262 262 262 262 262 262 262 262 262 262 262 262 262 262 262 262 262 262 262 262 262 262 262 262 262 262 262 262 262 262 262 262 262 262 262 262 262 262 262 262 261 261 261 261 261 261 261 261 261 261 261 261 261 261 261 261 261 261 261 261 261 261 261 261 261 261 261 261 261 261 261 261 261 261 261 261 261 261 261 261 261 261 261 261 261 261 261 261 261 261 261 261 261 261 261 261 260 260 260 260 260 260 260 260 260 260 260 260 260 260 260 260 260 260 260 260 260 260 260 260 260 261 261 261 261 261 261 261 261 260 260 260 260 265 265 265 265 265 265 265 265 265 265 265 265 265 265 265 265 265 265 265 265 265 265 265 265 265 265 265 265 265 265 265 265 265 265 264 264 264 264 264 264 264 264 264 264 264 264 264 264 264 264 264 264 264 264 264 264 264 264 264 264 264 264 264 263 263 263 263 263 263 263 263 263 263 263 263 263 263 263 263 263 263 263 263 263 263 263 263 263 263 263 263 263 263 263 263 263 262 262 262 262 262 262 262 262 262 262 262 262 262 262 262 262 262 262 262 262 262 262 262 262 262 262 262 262 262 262 262 262 262 262 262 262 262 262 262 262 262 262 262 262 261 261 261 261 261 261 261 261 261 261 261 261 261 261 261 261 261 261 261 261 261 261 261 261 261 261 261 261 261 261 261 261 261 261 261 261 261 261 261 261 261 261 261 261 261 261 261 261 261 261 261 261 261 261 261 261 260 260 260 260 260 260 260 260 260 260 260 260 260 260 260 260 260 260 260 260 260 260 260 260 260 260 260 260 261 261 261 261 261 261 260 260 260 260 260 260 265 265 265 265 265 265 265 265 265 265 265 265 265 265 265 265 265 265 265 265 265 265 265 265 265 265 265 265 265 265 265 265 264 264 264 264 264 264 264 264 264 264 264 264 264 264 264 264 264 264 264 264 264 264 264 264 264 264 264 264 264 263 263 263 263 263 263 263 263 263 263 263 263 263 263 263 263 263 263 263 263 263 263 263 263 263 263 263 263 263 263 263 263 263 262 262 262 262 262 262 262 262 262 262 262 262 262 262 262 262 262 262 262 262 262 262 262 262 262 262 262 262 262 262 262 262 262 262 262 262 262 262 262 262 262 262 261 261 261 261 261 261 261 261 261 261 261 261 261 261 261 261 261 261 261 261 261 261 261 261 261 261 261 261 261 261 261 261 261 261 261 261 261 261 261 261 261 261 261 261 261 261 261 261 261 261 261 261 261 261 261 261 261 261 260 260 260 260 260 260 260 260 260 260 260 260 260 260 260 260 260 260 260 260 260 260 260 260 260 260 260 260 260 260 261 261 261 261 260 260 260 260 260 260 260 260 260 260 265 265 265 265 265 265 265 265 265 265 265 265 265 265 265 265 265 265 265 265 265 265 264 265 265 265 265 265 265 264 264 264 264 264 264 264 264 264 264 264 264 264 264 264 264 264 264 264 264 264 264 264 264 264 264 264 264 264 263 263 263 263 263 263 263 263 263 263 263 263 263 263 263 263 263 263 263 263 263 263 263 263 263 263 263 263 263 263 263 263 263 262 262 262 262 262 262 262 262 262 262 262 262 262 262 262 262 262 262 262 262 262 262 262 262 262 262 262 262 262 262 262 262 262 262 262 262 262 262 262 262 262 261 261 261 261 261 261 261 261 261 261 261 261 261 261 261 261 261 261 261 261 261 261 261 261 261 261 261 261 261 261 261 261 261 261 261 261 261 261 261 261 261 261 261 261 261 261 261 261 261 261 261 261 261 261 261 261 261 261 260 260 260 260 260 260 260 260 260 260 260 260 260 260 260 260 260 260 260 260 260 260 260 260 260 260 260 260 260 260 260 260 260 261 261 261 260 260 260 260 260 260 260 260 260 260 260 260 265 265 265 265 265 265 265 265 265 265 265 265 265 265 265 265 265 264 264 264 264 265 265 265 265 264 264 264 264 264 264 264 264 264 264 264 264 264 264 264 264 264 264 264 264 264 264 264 264 264 264 264 264 264 263 263 263 263 263 263 263 263 263 263 263 263 263 263 263 263 263 263 263 263 263 263 263 263 263 263 263 263 263 263 263 263 263 263 262 262 262 262 262 262 262 262 262 262 262 262 262 262 262 262 262 262 262 262 262 262 262 262 262 262 262 262 262 262 262 262 262 262 262 262 262 261 261 261 261 261 261 261 261 261 261 261 261 261 261 261 261 261 261 261 261 261 261 261 261 261 261 261 261 261 261 261 261 261 261 261 261 261 261 261 261 261 261 261 261 261 261 261 261 261 261 261 261 261 261 261 261 261 261 261 261 261 260 260 260 260 260 260 260 260 260 260 260 260 260 260 260 260 260 260 260 260 260 260 260 260 260 260 260 260 260 260 260 260 260 260 260 261 260 260 260 260 260 260 260 260 260 260 260 260 260 260 260 260 265 265 265 265 265 265 265 265 265 265 265 264 264 264 264 264 264 264 264 264 264 264 264 264 264 264 264 264 264 264 264 264 264 264 264 264 264 264 264 264 264 264 264 264 264 264 264 264 264 263 263 263 263 263 263 263 263 263 263 263 263 263 263 263 263 263 263 263 263 263 263 263 263 263 263 263 263 263 263 263 263 263 263 263 262 262 262 262 262 262 262 262 262 262 262 262 262 262 262 262 262 262 262 262 262 262 262 262 262 262 262 262 262 262 262 262 262 262 262 262 261 261 261 261 261 261 261 261 261 261 261 261 261 261 261 261 261 261 261 261 261 261 261 261 261 261 261 261 261 261 261 261 261 261 261 261 261 261 261 261 261 261 261 261 261 261 261 261 261 261 261 261 261 261 261 261 261 261 261 261 261 260 260 260 260 260 260 260 260 260 260 260 260 260 260 260 260 260 260 260 260 260 260 260 260 260 260 260 260 260 260 260 260 260 260 260 260 260 260 260 260 260 260 260 260 260 260 260 260 260 260 260 260 260 260 260 260 265 265 264 264 264 264 264 264 264 264 264 264 264 264 264 264 264 264 264 264 264 264 264 264 264 264 264 264 264 264 264 264 264 264 264 264 264 264 264 264 264 264 264 264 264 264 263 263 263 263 263 263 263 263 263 263 263 263 263 263 263 263 263 263 263 263 263 263 263 263 263 263 263 263 263 263 263 263 263 263 263 262 262 262 262 262 262 262 262 262 262 262 262 262 262 262 262 262 262 262 262 262 262 262 262 262 262 262 262 262 262 262 262 262 262 262 261 261 261 261 261 261 261 261 261 261 261 261 261 261 261 261 261 261 261 261 261 261 261 261 261 261 261 261 261 261 261 261 261 261 261 261 261 261 261 261 261 261 261 261 261 261 261 261 261 261 261 261 261 261 261 261 261 261 261 261 261 260 260 260 260 260 260 260 260 260 260 260 260 260 260 260 260 260 260 260 260 260 260 260 260 260 260 260 260 260 260 260 260 260 260 260 260 260 260 260 259 259 260 260 260 260 260 260 260 260 260 260 260 260 260 260 260 260 260 260 260 264 264 264 264 264 264 264 264 264 264 264 264 264 264 264 264 264 264 264 264 264 264 264 264 264 264 264 264 264 264 264 264 264 264 264 263 263 263 263 263 263 263 263 263 263 263 263 263 263 263 263 263 263 263 263 263 263 263 263 263 263 263 263 263 263 263 263 263 263 263 262 262 262 262 262 262 262 262 262 262 262 262 262 262 262 262 262 262 262 262 262 262 262 262 262 262 262 262 262 262 262 262 261 261 261 261 261 261 261 261 261 261 261 261 261 261 261 261 261 261 261 261 261 261 261 261 261 261 261 261 261 261 261 261 261 261 261 261 261 261 261 261 261 261 261 261 261 261 261 261 261 261 261 261 261 261 261 261 260 261 261 261 260 261 261 260 260 260 260 260 260 260 260 260 260 260 260 260 260 260 260 260 260 260 260 260 260 260 260 260 260 260 260 260 260 260 260 260 260 260 260 260 260 260 260 259 259 259 259 260 260 260 260 260 260 260 260 260 260 260 260 260 260 260 260 260 260 260 260 260 264 264 264 264 264 264 264 264 264 264 264 264 264 264 264 264 264 264 264 264 264 264 264 264 264 264 264 264 264 264 264 264 263 263 263 263 263 263 263 263 263 263 263 263 263 263 263 263 263 263 263 263 263 263 263 263 263 263 263 263 263 263 263 263 263 263 263 262 262 262 262 262 262 262 262 262 262 262 262 262 262 262 262 262 262 262 262 262 262 262 262 262 262 262 262 262 262 261 261 261 261 261 261 261 261 261 261 261 261 261 261 261 261 261 261 261 261 261 261 261 261 261 261 261 261 261 261 261 261 261 261 261 261 261 261 261 261 261 261 261 261 261 261 261 261 261 261 261 261 261 261 261 261 261 261 261 260 260 260 260 260 260 260 260 260 260 260 260 260 260 260 260 260 260 260 260 260 260 260 260 260 260 260 260 260 260 260 260 260 260 260 260 260 260 260 260 260 260 260 260 260 260 259 259 259 259 259 259 260 260 260 260 260 260 260 260 260 260 260 260 260 260 260 260 260 260 260 260 260 260 259 259 264 264 264 264 264 264 264 264 264 264 264 264 264 264 264 264 264 264 264 264 264 264 264 264 264 264 264 264 264 264 263 263 263 263 263 263 263 263 263 263 263 263 263 263 263 263 263 263 263 263 263 263 263 263 263 263 263 263 263 263 263 263 263 263 263 263 262 262 262 262 262 262 262 262 262 262 262 262 262 262 262 262 262 262 262 262 262 262 262 262 261 261 261 261 261 261 261 261 261 261 261 261 261 261 261 261 261 261 261 261 261 261 261 261 261 261 261 261 261 261 261 261 261 261 261 261 261 261 261 261 261 261 261 261 261 261 261 261 261 261 261 261 261 261 261 261 261 261 261 261 261 261 261 260 260 260 260 260 260 260 260 260 260 260 260 260 260 260 260 260 260 260 260 260 260 260 260 260 260 260 260 260 260 260 260 260 260 260 260 260 260 260 260 260 260 260 260 260 260 260 259 259 259 259 259 259 259 259 260 260 260 260 260 260 260 260 260 260 260 260 260 260 260 260 260 260 260 260 260 259 259 259 259 259 259 259 259 259 264 264 264 264 264 264 264 264 264 264 264 264 264 264 264 264 264 264 264 264 264 264 264 264 264 264 264 263 263 263 263 263 263 263 263 263 263 263 263 263 263 263 263 263 263 263 263 263 263 263 263 263 263 263 263 263 262 262 263 263 263 263 263 263 262 262 262 262 262 262 262 262 262 262 262 262 262 262 262 262 262 262 262 262 262 262 262 262 261 261 261 261 261 261 261 261 261 261 261 261 261 261 261 261 261 261 261 261 261 261 261 261 261 261 261 261 261 261 261 261 261 261 261 261 261 261 261 261 261 261 261 261 261 261 261 261 261 261 261 261 261 261 261 261 261 261 261 261 261 261 260 260 260 260 260 260 260 260 260 260 260 260 260 260 260 260 260 260 260 260 260 260 260 260 260 260 260 260 260 260 260 260 260 260 260 260 260 260 260 260 260 260 260 260 260 260 260 260 259 259 259 259 259 259 259 259 259 259 260 260 260 260 260 260 260 260 260 260 260 260 260 260 260 260 260 260 260 260 259 259 259 259 259 259 259 259 259 259 259 259 259 259 264 264 264 264 264 264 264 264 264 264 264 264 264 264 264 264 264 264 264 264 264 264 264 264 264 263 263 263 263 263 263 263 263 263 263 263 263 263 263 263 263 263 263 263 263 263 263 263 263 263 263 263 263 263 262 262 262 262 263 263 263 263 262 262 262 262 262 262 262 262 262 262 262 262 262 262 262 262 262 262 262 262 262 262 262 262 262 261 261 261 261 261 261 261 261 261 261 261 261 261 261 261 261 261 261 261 261 261 261 261 261 261 261 261 261 261 261 261 261 261 261 261 261 261 261 261 261 261 261 260 260 260 260 260 260 261 261 261 261 261 261 261 261 261 261 261 261 260 260 260 260 260 260 260 260 260 260 260 260 260 260 260 260 260 260 260 260 260 260 260 260 260 260 260 260 260 260 260 260 260 260 260 260 260 260 260 260 260 260 260 260 260 260 260 260 259 259 259 259 259 259 259 259 259 259 259 259 259 260 260 260 260 260 260 260 260 260 260 260 260 260 260 260 260 260 260 260 259 259 259 259 259 259 259 259 259 259 259 259 259 259 259 259 259 259 259 264 264 264 264 264 264 264 264 264 264 264 264 264 264 264 264 264 264 264 264 263 264 263 263 263 263 263 263 263 263 263 263 263 263 263 263 263 263 263 263 263 263 263 263 263 263 263 263 263 263 263 262 262 262 262 262 262 263 263 262 262 262 262 262 262 262 262 262 262 262 262 262 262 262 262 262 262 262 262 262 262 262 262 262 262 261 261 261 261 261 261 261 261 261 261 261 261 261 261 261 261 261 261 261 261 261 261 261 261 261 261 261 261 261 261 261 261 261 261 261 261 261 261 261 261 260 261 260 261 260 260 260 260 260 260 260 260 260 260 260 260 260 261 260 260 260 260 260 260 260 260 260 260 260 260 260 260 260 260 260 260 260 260 260 260 260 260 260 260 260 260 260 260 260 260 260 260 260 260 260 260 260 260 260 260 260 260 260 260 260 260 260 259 259 259 259 259 259 259 259 259 259 259 259 259 259 259 260 260 260 260 260 260 260 260 260 260 260 260 260 260 260 260 260 259 259 259 259 259 259 259 259 259 259 259 259 259 259 259 259 259 259 259 259 259 259 259 259 259 258 264 263 264 264 264 264 264 264 264 264 264 264 264 264 264 264 263 263 263 263 263 263 263 263 263 263 263 263 263 263 263 263 263 263 263 263 263 263 263 263 263 263 263 263 263 263 262 262 262 262 262 262 262 262 262 263 262 262 262 262 262 262 262 262 262 262 262 262 262 262 262 262 262 262 262 262 262 262 262 262 262 262 261 261 261 261 261 261 261 261 261 261 261 261 261 261 261 261 261 261 261 261 261 261 261 261 261 261 261 261 261 261 261 261 261 261 261 261 261 261 261 261 261 261 261 261 261 261 261 261 261 260 260 260 260 260 260 260 260 260 260 260 260 260 260 260 260 260 260 260 260 260 260 260 260 260 260 260 260 260 260 260 260 260 260 260 260 260 260 260 260 260 260 260 260 260 260 260 260 260 260 260 260 260 260 260 260 260 259 259 259 259 259 259 259 259 259 259 259 259 259 259 259 259 259 260 260 260 260 260 260 260 260 260 260 260 260 260 260 260 260 259 259 259 259 259 259 259 259 259 259 259 259 259 259 259 259 259 259 259 259 259 259 259 259 259 259 258 263 263 264 264 264 264 264 264 264 264 263 263 263 263 263 263 263 263 263 263 263 263 263 263 263 263 263 263 263 263 263 263 263 263 263 263 263 263 263 263 263 262 262 262 262 262 262 262 262 262 262 262 262 262 262 262 262 262 262 262 262 262 262 262 262 262 262 262 262 262 262 262 262 262 262 262 262 262 261 261 261 261 261 261 261 261 261 261 261 261 261 261 261 261 261 261 261 261 261 261 261 261 261 261 261 261 261 261 261 261 261 261 261 261 261 261 261 261 260 260 261 261 261 261 261 261 261 261 260 260 260 260 260 260 260 260 260 260 260 260 260 260 260 260 260 260 260 260 260 260 260 260 260 260 260 260 260 260 260 260 260 260 260 260 260 260 260 260 260 260 260 260 260 260 260 260 260 260 260 260 260 260 260 259 259 259 259 259 259 259 259 259 259 259 259 259 259 259 259 259 259 259 260 260 260 260 260 260 260 260 260 260 260 260 260 260 260 260 259 259 259 259 259 259 259 259 259 259 259 259 259 259 259 259 259 259 259 259 259 259 259 259 258 258 258 258 263 263 263 263 263 263 263 263 263 263 263 263 263 263 263 263 263 263 263 263 263 263 263 263 263 263 263 263 263 263 263 263 263 263 263 263 262 262 262 262 262 262 262 262 262 262 262 262 262 262 262 262 262 262 262 262 262 262 262 262 262 262 262 262 262 262 262 262 262 262 262 262 262 261 261 261 261 261 261 261 261 261 261 261 261 261 261 261 261 261 261 261 261 261 261 261 261 261 261 261 261 261 261 261 261 261 261 261 261 261 261 261 261 260 260 260 260 260 260 261 261 261 261 261 261 261 261 260 260 260 260 260 260 260 260 260 260 260 260 260 260 260 260 260 260 260 260 260 260 260 260 260 260 260 260 260 260 260 260 260 260 260 260 260 260 260 260 260 260 260 260 260 260 259 260 260 260 260 259 259 259 259 259 259 259 259 259 259 259 259 259 259 259 259 259 259 259 259 259 260 260 260 260 260 260 260 260 260 260 260 260 260 259 259 259 259 259 259 259 259 259 259 259 259 259 259 259 259 259 259 259 259 259 259 259 259 259 259 258 258 258 258 258 258 263 263 263 263 263 263 263 263 263 263 263 263 263 263 263 263 263 263 263 263 263 263 263 263 263 263 263 263 263 263 263 262 262 262 262 262 262 262 262 262 262 262 262 262 262 262 262 262 262 262 262 262 262 262 262 262 262 262 262 262 262 262 262 262 262 262 262 262 261 261 261 261 261 261 261 261 261 261 261 261 261 261 261 261 261 261 261 261 261 261 261 261 261 261 261 261 261 261 261 261 261 261 261 261 261 261 261 261 261 261 260 260 260 260 260 260 260 260 261 261 261 261 261 261 260 260 260 260 260 260 260 260 260 260 260 260 260 260 260 260 260 260 260 260 260 260 260 260 260 260 260 260 260 260 260 260 260 260 260 260 260 260 260 260 260 260 260 260 259 259 259 259 259 259 259 259 259 259 259 259 259 259 259 259 259 259 259 259 259 259 259 259 259 259 259 259 260 260 260 260 260 260 260 260 260 260 260 260 259 259 259 259 259 259 259 259 259 259 259 259 259 259 259 259 259 259 259 259 259 259 259 259 259 259 258 258 258 258 258 258 258 263 263 263 263 263 263 263 263 263 263 263 263 263 263 263 263 263 263 263 263 263 263 263 263 263 262 262 262 262 262 262 262 262 262 262 262 262 262 262 262 262 262 262 262 262 262 262 262 262 262 262 262 262 262 262 262 262 262 262 262 262 262 262 262 261 261 261 261 261 261 261 261 261 261 261 261 261 261 261 261 261 261 261 261 261 261 261 261 261 261 261 261 261 261 261 261 261 261 261 261 261 261 261 261 261 261 260 260 260 260 260 260 260 260 260 260 260 260 260 260 260 260 260 260 260 260 260 260 260 260 260 260 260 260 260 260 260 260 260 260 260 260 260 260 260 260 260 260 260 260 260 260 260 260 260 260 260 260 260 260 260 260 260 260 259 259 259 259 259 259 259 259 259 259 259 259 259 259 259 259 259 259 259 259 259 259 259 259 259 259 259 259 259 260 260 260 260 260 260 260 260 260 260 259 259 259 259 259 259 259 259 259 259 259 259 259 259 259 259 259 259 259 259 259 259 259 259 259 259 259 258 258 258 258 258 258 258 258 258 263 263 263 263 263 263 263 263 263 263 263 263 263 263 263 263 263 263 263 262 262 262 262 262 262 262 262 262 262 262 262 262 262 262 262 262 262 262 262 262 262 262 262 262 262 262 262 262 262 262 262 262 262 262 262 262 262 262 262 261 261 261 261 261 261 261 261 261 261 261 261 261 261 261 261 261 261 261 261 261 261 261 261 261 261 261 261 261 261 261 261 261 261 261 261 261 261 261 261 261 261 261 261 261 260 260 260 260 260 260 260 260 260 260 260 260 260 260 260 260 260 260 260 260 260 260 260 260 260 260 260 260 260 260 260 260 260 260 260 260 260 260 260 260 260 260 260 260 260 260 260 260 260 260 260 260 260 260 260 259 259 259 259 259 259 259 259 259 259 259 259 259 259 259 259 259 259 259 259 259 259 259 259 259 259 259 259 259 259 259 260 260 260 260 260 260 260 260 260 259 259 259 259 259 259 259 259 259 259 259 259 259 259 259 259 259 259 259 259 259 259 259 259 259 259 259 258 258 258 258 258 258 258 258 258 258 258 258 258 263 263 262 262 262 262 262 262 262 262 262 262 262 262 262 262 262 262 262 262 262 262 262 262 262 262 262 262 262 262 262 262 262 262 262 262 262 262 262 262 262 262 262 262 262 262 262 262 262 262 262 262 261 261 261 261 261 261 261 261 261 261 261 261 261 261 261 261 261 261 261 261 261 261 261 261 261 261 261 261 261 261 261 261 261 261 261 261 261 261 261 261 261 261 261 261 260 260 260 260 260 260 260 260 260 260 260 260 260 260 260 260 260 260 260 260 260 260 260 260 260 260 260 260 260 260 260 260 260 260 260 260 260 260 260 260 260 260 260 260 260 260 260 260 260 260 260 260 260 260 260 260 259 259 259 259 259 259 259 259 259 259 259 259 259 259 259 259 259 259 259 259 259 259 259 259 259 259 259 259 259 259 259 259 259 259 260 260 260 260 260 260 260 259 259 259 259 259 259 259 259 259 259 259 259 259 259 259 259 259 259 259 259 259 259 259 259 259 259 259 259 258 258 258 258 258 258 258 258 258 258 258 258 258 258 258 257 257 257 257 257 257 262 262 262 262 262 262 262 262 262 262 262 262 262 262 262 262 262 262 262 262 262 262 262 262 262 262 262 262 261 261 261 261 261 261 261 261 261 261 261 261 261 261 261 261 261 261 261 261 261 261 261 261 261 261 261 261 260 260 260 261 261 261 261 261 261 261 261 261 261 261 261 261 261 261 261 261 260 260 260 260 260 260 260 260 260 260 260 260 260 260 260 260 260 260 260 260 260 260 260 260 260 260 260 260 260 260 260 260 260 260 260 260 260 260 260 260 260 260 260 260 260 260 260 260 260 260 260 260 260 260 260 259 259 259 259 259 259 259 259 259 259 259 259 259 259 259 259 259 259 259 259 259 259 259 259 259 259 259 259 259 259 259 259 259 259 259 259 259 259 260 260 260 260 260 260 259 259 259 259 259 259 259 259 259 259 259 259 259 259 259 259 259 259 259 259 259 259 259 259 259 259 259 258 258 258 258 258 258 258 258 258 258 258 258 258 258 258 258 258 257 257 257 257 257 257 257 257 257 257 257 257 262 262 262 262 262 262 262 262 262 262 262 262 261 262 261 261 261 261 261 262 262 262 262 261 261 261 261 261 261 261 261 261 261 261 261 261 261 261 261 261 261 261 261 261 261 261 261 261 260 260 261 261 261 261 261 260 261 260 260 260 260 261 261 261 261 261 261 261 261 260 260 260 260 260 260 260 260 260 260 260 260 260 260 260 260 260 260 260 260 260 260 260 260 260 260 260 260 260 260 260 260 260 260 260 260 260 260 260 260 260 260 260 260 260 260 260 260 260 260 260 260 260 260 260 260 260 260 260 260 259 259 259 259 259 259 259 259 259 259 259 259 259 259 259 259 259 259 259 259 259 259 259 259 259 259 259 259 259 259 259 259 259 259 259 259 259 259 259 259 260 260 260 259 259 259 259 259 259 259 259 259 259 259 259 259 259 259 259 259 259 259 259 259 259 259 259 259 259 259 259 259 258 258 258 258 258 258 258 258 258 258 258 258 258 258 258 258 258 258 257 257 257 257 257 257 257 257 257 257 257 257 257 257 257 257 256 262 262 262 262 262 262 262 262 262 262 262 261 261 261 261 261 261 261 261 261 261 261 261 261 261 261 261 261 261 261 261 261 261 261 261 261 261 261 261 261 261 260 260 260 260 260 261 260 260 261 261 261 261 261 260 261 260 260 260 260 260 260 260 261 260 261 260 260 260 260 260 260 260 260 260 260 260 260 260 260 260 260 260 260 260 260 260 260 260 260 260 260 260 260 260 260 260 260 260 260 260 260 260 260 260 260 260 260 260 260 260 260 260 260 260 260 260 260 260 260 260 260 260 260 260 259 259 259 259 259 259 259 259 259 259 259 259 259 259 259 259 259 259 259 259 259 259 259 259 259 259 259 259 259 259 259 259 259 259 259 259 259 259 259 259 259 259 258 259 260 259 259 259 259 259 259 259 259 259 259 259 259 259 259 259 259 259 259 259 259 259 259 259 259 259 259 259 259 259 258 258 258 258 258 258 258 258 258 258 258 258 258 258 258 258 258 258 258 257 257 257 257 257 257 257 257 257 257 257 257 257 257 257 257 256 256 256 256 256 256 262 262 262 262 262 262 262 262 262 262 262 262 262 261 261 261 261 261 261 261 261 261 261 261 261 261 261 261 261 261 261 261 261 261 261 261 261 261 261 261 261 261 261 260 261 260 260 260 261 261 260 260 261 261 261 261 260 260 261 260 260 260 260 260 260 260 260 260 260 260 260 260 260 260 260 260 260 260 260 260 260 260 260 260 260 260 260 260 260 260 260 260 260 260 260 260 260 260 260 260 260 260 260 260 260 260 260 260 260 260 260 260 260 260 260 260 260 260 260 260 260 260 260 260 260 260 260 259 259 259 259 259 259 259 259 259 259 259 259 259 259 259 259 259 259 259 259 259 259 259 259 259 259 259 259 259 259 259 259 259 259 259 259 259 259 259 259 258 258 258 258 259 259 259 259 259 259 259 259 259 259 259 259 259 259 259 259 259 259 259 259 259 259 259 259 259 259 259 259 259 259 258 258 258 258 258 258 258 258 258 258 258 258 258 258 258 258 258 258 258 258 257 257 257 257 257 257 257 257 257 257 257 257 257 257 257 257 256 256 256 256 256 256 263 263 263 263 262 262 262 262 262 261 262 262 262 261 262 261 261 261 261 261 261 261 261 261 261 261 261 261 261 261 261 261 261 261 261 261 261 261 261 261 260 261 261 261 261 261 261 261 261 260 260 260 260 260 260 260 260 261 260 260 260 260 260 260 260 260 260 260 260 260 260 260 260 260 260 260 260 260 260 260 260 260 260 260 260 260 260 260 260 260 260 260 260 260 260 260 260 260 260 260 260 260 260 260 260 260 260 260 260 260 260 260 260 260 260 260 260 260 260 260 260 260 260 260 260 260 260 259 259 259 259 259 259 259 259 259 259 259 259 259 259 259 259 259 259 259 259 259 259 259 259 259 259 259 259 259 259 259 259 259 259 259 259 259 259 259 259 259 258 258 258 258 258 258 259 259 259 259 259 259 259 259 259 259 259 259 259 259 259 259 259 259 259 259 259 259 259 259 259 259 259 259 259 258 258 258 258 258 258 258 258 258 258 258 258 258 258 258 258 258 258 258 258 258 257 257 257 257 257 257 257 257 257 257 257 257 257 257 257 256 256 256 256 256 256 256 256 256 256 256 263 263 263 263 263 262 262 262 262 262 262 262 262 262 262 261 261 261 261 261 261 262 261 261 261 261 261 261 261 261 261 261 261 261 261 262 261 261 261 261 261 261 261 261 261 261 261 261 261 261 260 261 260 261 261 260 260 261 261 260 260 260 260 260 260 260 260 260 260 260 260 260 260 260 260 260 260 260 260 260 260 260 260 260 260 260 260 260 260 260 260 260 260 260 260 260 260 260 260 260 260 260 260 260 260 260 260 260 260 260 260 260 260 260 260 260 260 260 260 260 260 260 260 260 260 260 260 260 260 260 259 259 259 259 259 259 259 259 259 259 259 259 259 259 259 259 259 259 259 259 259 259 259 259 259 259 259 259 259 259 259 259 259 259 259 259 259 259 259 259 259 259 259 259 258 258 258 258 258 258 259 259 259 259 259 259 259 259 259 259 259 259 259 259 259 259 259 259 259 259 259 259 259 259 259 259 259 259 258 258 258 258 258 258 258 258 258 258 258 258 258 258 258 258 258 258 258 258 258 258 257 257 257 257 257 257 257 257 257 257 257 257 257 257 256 256 256 256 256 256 256 256 256 256 256 256 256 256 263 263 263 263 263 262 262 262 262 262 262 262 262 262 262 262 261 262 262 262 261 261 261 261 261 261 261 261 261 261 261 261 262 261 261 262 261 261 261 262 262 261 261 261 261 261 260 261 261 261 260 261 260 261 261 260 260 261 261 261 260 260 260 260 260 260 260 260 260 260 260 260 260 260 260 260 260 260 260 260 260 260 260 260 260 260 260 260 260 260 260 260 260 260 260 260 260 259 259 259 259 259 259 259 259 259 260 260 260 260 260 260 260 260 260 260 260 260 260 260 260 260 260 260 260 259 259 260 259 259 259 259 259 259 259 259 259 259 259 259 259 259 259 259 259 259 259 259 259 259 259 259 259 259 259 259 259 259 259 259 259 259 259 259 259 259 259 259 259 259 259 259 259 258 258 258 258 258 258 258 259 259 259 259 259 259 259 259 259 259 259 259 259 259 259 259 259 259 259 259 259 259 259 259 259 259 259 258 258 258 258 258 258 258 258 258 258 258 258 258 258 258 258 258 258 258 258 258 258 258 257 257 257 257 257 257 257 257 257 257 257 257 256 256 256 256 256 256 256 256 256 256 256 256 256 256 256 256 256 262 262 263 262 263 262 262 262 262 262 262 262 262 262 262 262 262 262 262 262 262 262 262 262 262 261 261 261 262 262 261 261 261 261 261 261 261 261 261 261 261 261 261 262 261 261 261 261 261 261 261 261 261 261 261 261 261 260 260 261 261 261 261 261 261 261 261 260 260 261 260 260 260 260 260 261 260 260 260 260 260 260 260 260 260 260 260 260 260 260 260 260 260 260 260 260 260 260 260 260 260 260 260 260 260 259 259 259 259 260 260 260 259 259 259 259 259 259 259 259 259 260 260 260 260 260 260 260 260 260 260 260 260 260 259 259 259 259 259 259 259 259 259 259 259 259 259 259 259 259 259 259 259 259 259 259 259 259 259 259 259 259 259 259 259 259 259 259 259 259 259 259 259 259 259 259 259 259 259 259 259 259 259 259 259 258 258 258 258 258 258 259 259 259 259 259 259 259 259 259 259 259 259 259 259 259 259 259 259 259 259 259 259 259 259 259 258 258 258 258 258 258 258 258 258 258 258 258 258 258 258 258 258 258 258 258 258 258 258 258 258 257 257 257 257 257 257 257 257 257 257 257 256 256 256 256 256 256 256 256 256 256 256 256 256 256 256 256 256 256 256 256 256 262 262 262 262 262 262 262 262 262 262 262 262 262 262 262 262 262 262 262 262 262 262 262 262 262 262 262 262 262 262 261 261 261 261 261 261 261 261 261 261 261 261 261 261 261 261 261 261 261 261 261 261 261 261 261 261 261 261 261 261 261 261 261 261 261 261 261 261 261 261 261 261 261 261 261 261 261 261 261 261 261 261 261 261 260 260 260 260 260 260 260 260 260 260 260 260 260 260 260 260 260 260 260 260 260 260 260 260 260 260 260 260 260 260 260 260 260 260 260 260 260 260 260 259 259 259 259 259 259 259 260 260 260 260 260 260 260 260 259 259 259 259 259 259 259 259 259 259 259 259 259 259 259 259 259 259 259 259 259 259 259 259 259 259 259 259 259 259 259 259 259 259 259 259 259 259 259 259 259 259 259 259 259 259 259 259 259 259 259 259 259 259 258 258 258 258 258 258 259 259 259 259 259 259 259 259 259 259 259 259 259 259 259 259 259 259 259 259 259 259 259 259 258 258 258 258 258 258 258 258 258 258 258 258 258 258 258 258 258 258 258 258 258 258 258 258 258 257 257 257 257 257 257 257 257 257 257 257 256 256 256 256 256 256 256 256 256 256 256 256 256 256 256 256 256 256 256 256 256 255 256 262 262 262 262 262 262 262 262 262 262 262 262 262 262 262 262 262 262 262 262 262 262 262 262 262 262 262 261 261 261 261 261 261 261 261 261 261 261 261 261 261 261 261 261 261 261 261 261 261 261 261 261 261 261 261 261 261 261 261 261 261 261 261 261 262 261 261 261 261 261 261 261 261 261 261 261 261 261 261 261 261 261 261 261 261 261 261 260 260 260 260 260 260 260 260 260 260 260 260 260 260 260 260 260 260 260 260 260 260 260 260 260 260 260 260 260 260 259 259 259 259 259 259 260 260 260 259 259 259 259 259 259 259 260 259 260 260 259 259 259 259 259 259 259 259 259 259 259 259 259 259 259 259 259 259 259 259 259 259 259 259 259 259 259 259 259 259 259 259 259 259 259 259 259 259 259 259 259 259 259 259 259 259 259 259 259 259 259 259 259 259 259 258 258 258 258 258 258 258 259 259 259 259 259 259 259 259 259 259 259 259 259 259 259 259 259 259 259 259 259 259 259 258 258 258 258 258 258 258 258 258 258 258 258 258 258 258 258 258 258 258 258 258 258 258 258 258 257 257 257 257 257 257 257 257 257 257 257 256 256 256 256 255 256 255 256 255 255 255 255 255 255 255 255 255 255 256 256 255 255 255 255 262 262 262 262 262 262 262 262 262 262 262 262 262 262 262 262 262 262 262 262 262 262 262 262 262 262 262 261 261 261 261 261 261 261 261 261 261 261 261 261 261 261 261 261 261 261 261 261 261 261 261 261 261 261 261 261 261 261 261 261 261 261 261 261 261 261 261 261 261 261 261 261 261 260 260 260 260 260 260 261 261 261 260 260 260 260 260 261 260 260 260 260 260 260 260 260 260 260 260 260 260 260 260 260 260 260 260 260 260 260 260 260 260 260 260 260 260 260 260 259 259 259 259 259 259 259 259 259 259 259 259 259 259 259 259 259 259 259 259 259 259 259 259 259 259 259 259 259 259 259 259 259 259 259 259 259 259 259 259 259 259 259 259 259 259 259 259 259 259 259 259 259 259 259 259 259 259 259 259 259 259 259 259 259 259 259 259 259 259 259 259 259 258 258 258 258 258 258 258 258 258 259 259 259 259 259 259 259 259 259 259 259 259 259 259 259 259 259 259 259 259 259 259 258 258 258 258 258 258 258 258 258 258 258 258 258 258 258 258 258 258 258 258 258 258 258 258 258 257 257 257 257 257 257 257 257 257 257 257 256 256 256 256 256 256 256 256 256 255 255 256 256 255 255 255 255 255 255 255 255 255 255 255 255 262 262 262 262 262 262 262 262 262 262 262 262 262 262 262 262 262 262 262 262 262 262 262 262 262 262 262 262 262 261 261 261 261 261 261 261 261 261 261 261 261 261 261 261 261 261 261 261 261 261 261 261 261 261 261 261 261 261 261 261 261 261 261 261 261 261 261 261 261 261 261 261 261 261 261 261 261 261 260 260 260 260 260 260 260 260 260 260 260 260 260 260 260 260 260 260 260 260 260 260 260 260 260 260 260 260 260 260 260 260 260 260 260 260 260 260 260 260 260 260 260 260 260 260 260 260 260 259 259 259 259 259 259 259 259 259 259 259 259 259 259 259 259 259 259 259 259 259 259 259 259 259 259 259 259 259 259 259 259 259 259 259 259 259 259 259 259 259 259 259 259 259 259 259 259 259 259 259 259 259 259 259 259 259 259 259 259 259 259 259 259 258 258 258 258 258 258 258 258 258 258 258 258 258 258 258 259 259 259 259 259 259 259 259 259 259 259 259 259 259 259 259 259 259 259 259 258 258 258 258 258 258 258 258 258 258 258 258 258 258 258 258 258 258 258 258 258 258 258 258 258 258 257 257 257 257 257 257 257 257 257 257 257 256 256 256 256 256 256 257 257 256 256 256 256 257 256 256 255 255 255 255 255 255 255 255 255 255 255 262 262 262 262 262 262 262 262 262 262 262 262 262 262 262 262 262 262 262 262 262 262 262 262 262 262 262 262 262 262 262 261 261 261 261 261 261 261 261 261 261 261 261 261 261 261 261 261 261 261 261 261 261 261 261 261 261 261 261 261 261 261 261 261 261 261 261 261 261 261 261 261 261 261 260 260 261 261 261 260 260 261 260 260 260 260 260 260 260 260 260 260 260 260 260 260 260 260 260 260 260 260 260 260 260 260 260 260 260 260 260 260 260 260 260 260 260 260 260 260 260 260 260 260 260 260 260 260 260 260 260 260 260 259 259 259 259 259 259 259 259 259 259 259 259 259 259 259 259 259 259 259 259 259 259 259 259 259 259 259 259 259 259 259 259 259 259 259 259 259 259 259 259 259 259 259 259 259 259 259 259 259 259 259 259 259 259 259 259 258 258 259 258 258 259 258 258 258 258 258 258 258 258 258 258 258 258 258 258 258 259 259 259 259 259 259 259 259 259 259 259 259 259 259 259 259 259 259 259 258 258 258 258 258 258 258 258 258 258 258 258 258 258 258 258 258 258 258 258 258 258 258 258 258 257 257 257 257 257 257 257 257 257 257 257 257 256 256 256 256 256 256 256 256 256 256 256 256 256 257 256 256 255 256 256 256 255 255 255 256 262 262 262 262 262 262 262 262 262 262 262 262 262 262 262 262 262 262 262 262 262 262 262 262 262 262 262 262 261 261 261 261 261 261 261 261 261 261 261 261 261 261 261 261 261 261 261 261 261 261 261 261 261 261 261 261 261 261 261 260 260 261 261 261 261 261 261 260 260 261 260 260 260 260 260 260 260 260 261 261 261 260 260 260 260 260 260 260 260 260 260 260 260 260 260 260 260 260 260 260 260 260 260 260 260 260 260 260 260 260 260 260 260 260 260 260 260 260 260 260 260 260 260 260 260 260 260 260 260 260 260 260 260 260 260 260 259 259 259 259 259 259 259 259 259 259 259 259 259 259 259 259 259 259 259 259 259 259 259 259 259 259 259 259 259 259 259 259 259 259 259 259 259 259 259 259 259 259 259 259 259 259 259 259 259 259 259 259 258 258 258 258 258 258 258 258 258 258 258 258 258 258 258 258 258 258 258 258 258 258 258 259 259 259 259 259 259 259 259 259 258 258 258 259 259 259 259 259 259 258 258 258 258 258 258 258 258 258 258 258 258 258 258 258 258 258 258 258 258 258 258 258 258 258 258 257 257 257 257 257 257 257 257 257 257 257 257 256 256 256 256 256 256 256 256 256 256 256 256 256 256 256 256 256 256 256 256 256 262 262 262 262 262 262 262 262 262 262 262 262 262 262 262 262 262 262 262 262 262 262 261 261 261 261 261 261 261 261 261 261 261 261 261 261 261 261 261 261 261 261 261 261 261 261 261 261 261 261 261 261 261 261 261 261 261 260 260 260 261 261 261 261 261 261 260 260 260 260 260 260 260 260 260 260 260 260 260 260 260 260 260 260 260 260 260 260 260 260 260 260 260 260 260 260 260 260 260 260 260 260 260 260 260 260 260 260 260 260 260 260 260 260 260 260 260 260 260 260 260 260 260 260 260 260 260 260 260 260 259 259 259 259 259 259 259 259 259 259 259 259 259 259 259 259 259 259 259 259 259 259 259 259 259 259 259 259 259 259 259 259 259 259 259 259 259 259 259 259 259 259 259 259 259 259 259 259 259 259 259 259 259 259 259 258 258 258 258 258 258 258 258 258 258 258 258 258 258 258 258 258 258 258 258 258 258 258 258 258 259 259 259 259 259 259 259 259 259 258 258 258 258 259 259 259 259 258 258 258 258 258 258 258 258 258 258 258 258 258 258 258 258 258 258 258 258 258 258 258 258 258 258 258 257 257 257 257 257 257 257 257 257 257 257 257 256 256 256 256 256 256 256 256 256 256 256 256 256 256 256 256 256 256 256 256 256 262 262 262 262 262 262 262 262 262 262 262 262 262 262 262 262 262 262 262 262 261 261 261 261 261 261 261 261 261 261 261 261 261 261 261 261 261 261 261 261 261 261 261 261 261 261 261 261 261 261 261 261 261 261 260 261 261 260 260 261 261 261 261 261 261 261 260 260 260 260 260 260 260 260 260 260 260 260 260 260 260 260 260 260 260 260 260 260 260 260 260 260 260 260 260 260 260 260 260 260 260 260 260 260 260 260 260 260 260 260 260 260 260 260 260 260 260 260 260 260 260 260 260 260 260 260 260 259 259 259 259 259 259 259 259 259 259 259 259 259 259 259 259 259 259 259 259 259 259 259 259 259 259 259 259 259 259 259 259 259 259 259 259 259 259 259 259 259 259 259 259 259 259 259 259 259 259 259 259 259 259 259 259 258 258 258 258 258 258 258 258 258 258 258 258 258 258 258 258 258 258 258 258 258 258 258 258 258 258 259 259 259 259 259 259 259 259 259 259 258 258 258 258 258 258 258 258 258 258 258 258 258 258 258 258 258 258 258 258 258 258 258 258 258 258 258 258 258 258 258 258 258 257 257 257 257 257 257 257 257 257 257 257 257 257 256 256 256 256 256 256 256 256 256 256 256 256 256 256 256 256 256 256 255 255 256 262 262 262 262 262 262 262 262 262 262 262 262 262 262 262 262 262 262 262 262 261 261 261 261 261 261 261 261 261 261 261 261 261 261 261 261 261 261 261 261 261 261 261 261 261 261 261 261 261 261 261 261 260 260 260 260 261 260 260 261 261 261 261 261 261 261 261 260 260 260 260 260 260 260 260 260 260 260 260 260 260 260 260 260 260 260 260 260 260 260 260 260 260 260 260 260 260 260 260 260 260 260 260 260 260 260 260 260 260 260 260 260 260 260 260 260 260 260 260 260 260 260 260 260 259 259 259 259 259 259 259 259 259 259 259 259 259 259 259 259 259 259 259 259 259 259 259 259 259 259 259 259 259 259 259 259 259 259 259 259 259 259 259 259 259 259 259 259 259 259 259 259 259 259 259 259 259 259 259 259 259 258 258 258 258 258 258 258 258 258 258 258 258 258 258 258 258 258 258 258 258 258 258 258 258 258 258 258 258 259 259 259 259 259 259 259 259 259 259 258 258 258 258 258 258 258 258 258 258 258 258 258 258 258 258 258 258 258 258 258 258 258 258 258 258 258 258 258 258 258 258 257 257 257 257 257 257 257 257 257 257 257 257 257 257 256 256 256 256 256 256 256 256 256 256 256 256 256 256 256 256 256 255 255 255 255 255 262 262 262 262 262 262 262 262 262 262 262 262 262 262 262 262 262 262 262 261 261 261 261 261 261 261 261 261 261 261 261 261 261 261 261 261 261 261 261 261 261 261 261 261 261 261 261 261 260 260 260 261 260 260 260 260 260 260 261 261 261 261 261 261 260 260 260 260 260 260 260 260 260 260 260 260 260 260 260 260 260 260 260 260 260 260 260 260 260 260 260 260 260 260 260 260 260 260 260 260 260 260 260 260 260 260 260 260 260 260 260 260 260 260 260 260 260 260 260 260 260 259 259 259 259 259 259 259 259 259 259 259 259 259 259 259 259 259 259 259 259 259 259 259 259 259 259 259 259 259 259 259 259 259 259 259 259 259 259 259 259 259 259 259 259 259 259 259 259 259 259 259 259 259 259 259 259 259 258 258 258 258 258 258 258 258 258 258 258 258 258 258 258 258 258 258 258 258 258 258 258 258 258 258 258 258 258 258 259 259 259 259 259 259 259 259 259 259 258 258 258 258 258 258 258 258 258 258 258 258 258 258 258 258 258 258 258 258 258 258 258 258 258 258 258 258 258 258 258 257 257 257 257 257 257 257 257 257 257 257 257 257 257 257 257 256 256 256 256 256 256 256 256 256 256 256 256 256 256 256 256 255 255 255 255 262 262 262 262 262 262 261 262 262 262 262 262 262 262 262 262 261 261 261 261 261 261 261 261 261 261 261 261 261 261 261 261 261 261 261 261 261 261 261 261 261 261 261 261 261 261 260 260 260 260 260 260 260 260 260 260 260 261 261 261 261 261 261 260 260 260 260 260 260 260 260 260 260 260 260 260 260 260 260 260 260 260 260 260 260 260 260 260 260 260 260 260 260 260 260 260 260 260 260 260 260 260 260 260 260 260 260 260 260 260 260 260 260 260 260 260 259 259 259 259 259 259 259 259 259 259 259 259 259 259 259 259 259 259 259 259 259 259 259 259 259 259 259 259 259 259 259 259 259 259 259 259 259 259 259 259 259 259 259 259 259 259 259 259 259 259 259 259 259 259 259 259 259 259 259 258 258 258 258 258 258 258 258 258 258 258 258 258 258 258 258 258 258 258 258 258 258 258 258 258 258 258 258 258 258 258 258 259 259 259 259 259 259 259 259 259 259 258 258 258 258 258 258 258 258 258 258 258 258 258 258 258 258 258 258 258 258 258 258 258 258 258 258 258 258 258 257 257 257 257 257 257 257 257 257 257 257 257 257 257 257 257 257 256 256 256 256 256 256 256 256 256 256 256 256 256 256 256 256 256 255 255 255 262 262 262 261 261 261 261 261 262 262 262 262 262 262 262 261 261 261 261 261 261 261 261 261 261 261 261 261 261 261 261 261 261 261 261 261 261 261 261 261 261 261 261 261 261 261 261 260 260 260 260 260 260 260 260 260 260 260 261 261 261 260 260 260 260 260 260 260 260 260 260 260 260 260 260 260 260 260 260 260 260 260 260 260 260 260 260 260 260 260 260 260 260 260 260 260 260 260 260 260 260 260 260 260 260 260 260 260 260 260 259 260 260 259 259 259 259 259 259 259 259 259 259 259 259 259 259 259 259 259 259 259 259 259 259 259 259 259 259 259 259 259 259 259 259 259 259 259 259 259 259 259 259 259 259 259 259 259 259 259 259 259 259 259 259 259 259 259 259 259 259 259 259 258 258 258 258 258 258 258 258 258 258 258 258 258 258 258 258 258 258 258 258 258 258 258 258 258 258 258 258 258 258 258 258 258 258 258 259 259 259 259 259 259 259 259 259 259 259 258 258 258 258 258 258 258 258 258 258 258 258 258 258 258 258 258 258 258 258 258 258 258 258 258 258 258 257 257 257 257 257 257 257 257 257 257 257 257 257 257 257 257 257 257 256 256 256 256 256 256 256 256 256 256 256 256 256 256 256 256 256 255 255 262 261 261 261 261 261 261 261 262 262 262 262 261 261 261 261 261 261 261 261 261 261 261 261 261 261 261 261 261 261 261 261 261 261 261 261 261 261 261 261 261 261 261 261 261 260 260 260 260 260 260 260 260 260 260 260 260 260 261 261 260 260 260 260 260 260 260 260 260 260 260 260 260 260 260 260 260 260 260 260 260 260 260 260 260 260 260 260 260 260 260 260 260 260 260 260 260 260 260 260 260 260 260 260 260 260 260 260 259 260 259 259 259 259 259 259 259 259 259 259 259 259 259 259 259 259 259 259 259 259 259 259 259 259 259 259 259 259 259 259 259 259 259 259 259 259 259 259 259 259 259 259 259 259 259 259 259 259 259 259 259 259 259 259 259 259 259 259 259 259 258 258 258 258 258 258 258 258 258 258 258 258 258 258 258 258 258 258 258 258 258 258 258 258 258 258 258 258 258 258 258 258 258 258 258 258 258 258 259 259 259 259 259 259 259 259 259 259 259 258 258 258 258 258 258 258 258 258 258 258 258 258 258 258 258 258 258 258 258 258 258 258 258 258 257 257 257 257 257 257 257 257 257 257 257 257 257 257 257 257 257 257 257 256 256 256 256 256 256 256 256 256 256 256 256 256 256 256 256 256 255 255 255 261 261 261 261 261 261 261 261 262 262 261 261 261 261 261 261 261 261 261 261 261 261 261 261 261 261 261 261 261 261 261 261 261 261 261 261 261 261 261 261 261 261 261 261 260 260 260 260 260 260 260 260 260 260 260 260 260 260 260 260 260 260 260 260 260 260 260 260 260 260 260 260 260 260 260 260 260 260 260 260 260 260 260 260 260 260 260 260 260 260 260 260 260 260 260 260 260 260 260 260 260 260 260 260 260 260 259 260 259 259 259 259 259 259 259 259 259 259 259 259 259 259 259 259 259 259 259 259 259 259 259 259 259 259 259 259 259 259 259 259 259 259 259 259 259 259 259 259 259 259 259 259 259 259 259 259 259 259 259 259 259 259 259 259 259 259 259 258 258 258 258 258 258 258 258 258 258 258 258 258 258 258 258 258 258 258 258 258 258 258 258 258 258 258 258 258 258 258 258 258 258 258 258 258 258 258 258 258 259 259 259 259 259 259 259 259 259 259 258 258 258 258 258 258 258 258 258 258 258 258 258 258 258 258 258 258 258 258 258 258 258 258 257 257 257 257 257 257 257 257 257 257 257 257 257 257 257 257 257 257 257 257 256 256 256 256 256 256 256 256 256 256 256 256 256 256 256 256 255 255 255 255 261 261 261 261 261 261 261 261 261 261 261 261 261 261 261 261 261 261 261 261 261 261 261 261 261 261 261 261 261 261 261 261 261 261 261 261 261 261 261 261 261 261 260 260 260 260 260 260 260 260 260 260 260 260 260 260 260 260 260 260 260 260 260 260 260 260 260 260 260 260 260 260 260 260 260 260 260 260 260 260 260 260 260 260 260 260 260 260 260 260 260 260 260 260 260 260 260 260 260 260 260 260 260 260 260 260 259 259 259 259 259 259 259 259 259 259 259 259 259 259 259 259 259 259 259 259 259 259 259 259 259 259 259 259 259 259 259 259 259 259 259 259 259 259 259 259 259 259 259 259 259 259 259 259 259 259 259 259 259 259 259 259 259 259 258 258 258 258 258 258 258 258 258 258 258 258 258 258 258 258 258 258 258 258 258 258 258 258 258 258 258 258 258 258 258 258 258 258 258 258 258 258 258 258 258 258 258 258 259 259 259 259 259 259 259 259 259 259 258 258 258 258 258 258 258 258 258 258 258 258 258 258 258 258 258 258 258 258 258 257 258 257 257 257 257 257 257 257 257 257 257 257 257 257 257 257 257 257 257 257 256 256 256 256 256 256 256 256 256 256 256 256 256 256 256 256 255 255 255 255 255 255 261 261 261 261 261 261 261 261 261 261 261 261 261 261 261 261 261 261 261 261 261 261 261 261 261 261 261 261 261 261 261 261 261 261 261 261 261 261 261 261 260 260 260 260 260 260 260 260 260 260 260 260 260 260 260 260 260 260 260 260 260 260 260 260 260 260 260 260 260 260 260 260 260 260 260 260 260 260 260 260 260 260 260 260 260 260 260 260 260 260 260 260 260 260 260 260 260 260 260 260 260 259 259 260 259 259 259 259 259 259 259 259 259 259 259 259 259 259 259 259 259 259 259 259 259 259 259 259 259 259 259 259 259 259 259 259 259 259 259 259 259 259 259 259 259 259 259 259 259 259 259 259 258 259 259 259 259 259 259 258 258 259 258 258 258 258 258 258 258 258 258 258 258 258 258 258 258 258 258 258 258 258 258 258 258 258 258 258 258 258 258 258 258 258 258 258 258 258 258 258 258 258 258 258 258 258 258 258 258 259 259 259 259 259 259 259 259 259 258 258 258 258 258 258 258 258 258 258 258 258 258 258 258 258 258 258 258 258 257 257 257 257 257 257 257 257 257 257 257 257 257 257 257 257 257 257 257 257 257 257 257 256 256 256 256 256 256 256 256 256 256 256 256 256 256 255 255 255 255 255 255 255 261 261 261 261 261 261 261 261 261 261 261 261 261 261 261 261 261 261 261 261 261 261 261 261 261 261 261 261 261 261 261 261 261 261 261 261 261 261 260 260 260 260 260 260 260 260 260 260 260 260 260 260 260 260 260 260 260 260 260 260 260 260 260 260 260 260 260 260 260 260 260 260 260 260 260 260 260 260 260 260 260 260 260 260 260 260 260 260 260 260 260 260 260 260 260 260 260 260 259 259 259 259 259 259 259 259 259 259 259 259 259 259 259 259 259 259 259 259 259 259 259 259 259 259 259 259 259 259 259 259 259 259 259 259 259 259 259 259 259 259 259 259 259 259 259 259 259 259 259 259 259 258 259 259 259 259 259 259 258 258 258 258 258 258 258 258 258 258 258 258 258 258 258 258 258 258 258 258 258 258 258 258 258 258 258 258 258 258 258 258 258 258 258 258 258 258 258 258 258 258 258 258 258 258 258 258 258 258 259 259 259 259 259 259 259 259 258 258 258 258 258 258 258 258 258 258 258 258 258 258 258 258 258 258 258 258 257 257 257 257 257 257 257 257 257 257 257 257 257 257 257 257 257 257 257 257 257 257 257 256 256 256 256 256 256 256 256 256 256 256 256 256 256 256 255 256 261 261 261 261 261 261 261 261 261 261 261 261 261 261 261 261 261 261 261 261 261 261 261 261 261 261 261 261 261 261 261 261 261 261 261 260 260 260 260 260 260 260 260 260 260 260 260 260 260 260 260 260 260 260 260 260 260 260 260 260 260 260 260 260 260 260 260 260 260 260 260 260 260 260 260 260 260 260 260 260 260 260 260 260 260 260 260 260 260 260 260 260 260 260 260 260 260 259 259 259 259 259 259 259 259 259 259 259 259 259 259 259 259 259 259 259 259 259 259 259 259 259 259 259 259 259 259 259 259 259 259 259 259 259 259 259 259 259 259 259 259 259 259 259 259 259 259 259 259 259 258 258 259 259 259 259 259 259 258 258 258 258 258 258 258 258 258 258 258 258 258 258 258 258 258 258 258 258 258 258 258 258 258 258 258 258 258 258 258 258 258 258 258 258 258 258 258 258 258 258 258 258 258 258 258 258 258 258 259 259 259 259 259 259 258 258 258 258 258 258 258 258 258 258 258 258 258 258 258 258 258 258 258 258 258 258 258 257 257 257 257 257 257 257 257 257 257 257 257 257 257 257 257 257 257 257 257 257 257 256 256 256 256 256 256 256 256 256 256 256 256 261 261 261 261 261 261 261 261 261 261 261 261 261 261 261 261 261 261 261 261 261 261 261 261 261 261 261 261 261 261 261 261 260 260 260 260 260 260 260 260 260 260 260 260 260 260 260 260 260 260 260 260 260 260 260 260 260 260 260 260 260 260 260 260 260 260 260 260 260 260 260 260 260 260 260 260 260 260 260 260 260 260 260 260 260 260 260 260 260 260 260 259 259 259 260 259 259 259 259 259 259 259 259 259 259 259 259 259 259 259 259 259 259 259 259 259 259 259 259 259 259 259 259 259 259 259 259 259 259 259 259 259 259 259 259 259 259 259 259 259 259 259 259 259 259 259 259 259 258 258 258 259 259 259 259 259 259 259 258 258 258 258 258 258 258 258 258 258 258 258 258 258 258 258 258 258 258 258 258 258 258 258 258 258 258 258 258 258 258 258 258 258 258 258 258 258 258 258 258 258 257 257 257 257 257 257 257 258 259 259 259 259 258 258 258 258 258 258 258 258 258 258 258 258 258 258 258 258 258 258 258 258 258 258 258 258 258 257 257 257 257 257 257 257 257 257 257 257 257 257 257 257 257 257 257 257 257 257 256 256 256 256 256 256 256 256 256 256 256 256 256 256 261 261 261 261 261 261 261 261 261 261 261 261 261 261 261 261 261 261 261 261 261 261 261 261 261 261 261 261 261 261 260 260 260 260 260 260 260 260 260 260 260 260 260 260 260 260 260 260 260 260 260 260 260 260 260 260 260 260 260 260 260 260 260 260 260 260 260 260 260 260 260 260 260 260 260 260 260 260 260 260 260 260 260 260 260 260 260 260 260 259 259 259 259 259 259 259 259 259 259 259 259 259 259 259 259 259 259 259 259 259 259 259 259 259 259 259 259 259 259 259 259 259 259 259 259 259 259 259 259 259 259 259 259 259 259 259 259 259 259 259 259 259 259 259 259 259 258 258 258 259 259 259 259 259 259 259 259 258 258 258 258 258 258 258 258 258 258 258 258 258 258 258 258 258 258 258 258 258 258 258 258 258 258 258 258 258 258 258 258 258 258 258 258 258 258 258 258 258 258 257 257 257 257 257 257 257 257 257 259 258 259 258 258 258 258 258 258 258 258 258 258 258 258 258 258 258 258 258 258 258 258 258 258 258 258 258 258 257 257 257 257 257 257 257 257 257 257 257 257 257 257 257 257 257 257 257 257 257 256 256 256 256 256 256 256 256 256 256 256 256 256 256 256 256 261 261 261 261 261 261 261 261 261 261 261 261 261 261 261 261 261 261 261 261 261 261 261 261 261 261 261 261 261 261 261 261 261 261 261 261 260 260 260 260 260 260 260 260 260 260 260 260 260 260 260 260 260 260 260 260 260 260 260 260 260 260 260 260 260 260 260 260 260 260 260 260 260 260 260 260 260 260 260 260 260 260 260 260 260 260 259 259 260 259 259 259 259 259 259 259 259 259 259 259 259 259 259 259 259 259 259 259 259 259 259 259 259 259 259 259 259 259 259 259 259 259 259 259 259 259 259 259 259 259 259 259 259 259 259 259 259 259 259 259 259 259 259 259 259 259 258 259 259 259 259 259 259 259 258 258 258 258 258 258 258 258 258 258 258 258 258 258 258 258 258 258 258 258 258 258 258 258 258 258 258 258 258 258 258 258 258 258 258 258 258 258 258 258 258 257 257 257 257 257 257 257 257 257 257 257 257 257 257 259 259 259 259 259 259 259 259 259 258 258 258 258 258 258 258 258 258 258 258 258 258 258 258 258 258 258 258 258 258 258 258 258 257 257 257 257 257 257 257 257 257 257 257 257 257 257 257 257 257 256 256 256 256 256 256 256 256 256 256 256 256 256 256 256 256 256 256 256 261 261 261 261 261 261 261 261 261 261 261 261 261 261 261 261 261 261 261 261 261 261 261 261 261 261 261 261 261 261 261 261 261 261 261 261 260 260 260 260 260 260 260 260 260 260 260 260 260 260 260 260 260 260 260 260 260 260 260 260 260 260 260 260 260 260 260 260 260 260 260 260 260 260 260 260 260 260 260 260 260 260 260 260 260 260 260 260 259 259 259 259 259 259 259 259 259 259 259 259 259 259 259 259 259 259 259 259 259 259 259 259 259 259 259 259 259 259 259 259 259 259 259 259 259 259 259 259 259 259 259 259 259 259 259 259 259 259 259 259 259 259 259 259 259 259 258 259 259 259 259 258 258 258 258 258 258 258 258 258 258 258 258 258 258 258 258 258 258 258 258 258 258 258 258 258 258 258 258 258 258 258 258 258 258 258 258 258 258 258 258 258 258 258 258 258 257 257 257 257 257 257 257 257 257 257 257 257 257 257 257 259 258 259 259 259 259 259 259 258 258 258 258 258 258 258 258 258 258 258 258 258 258 258 258 258 258 258 258 258 258 258 258 257 257 257 257 257 257 257 257 257 257 257 257 257 257 257 257 257 257 256 256 256 256 256 256 256 256 256 256 256 256 256 256 256 256 256 256 255 261 261 261 261 261 261 261 261 261 261 261 261 261 261 261 261 261 261 261 261 261 261 261 261 261 261 261 261 261 261 261 261 261 261 261 261 260 260 260 260 260 260 260 260 260 260 260 260 260 260 260 260 260 260 260 260 260 260 260 260 260 260 260 260 260 260 260 260 260 260 260 260 260 260 260 260 260 260 260 260 260 260 260 260 260 260 260 260 259 259 259 259 259 259 259 259 259 259 259 259 259 259 259 259 259 259 259 259 259 259 259 259 259 259 259 259 259 259 259 259 259 259 259 259 259 259 259 259 259 259 259 259 259 259 259 259 259 259 259 259 259 259 259 259 259 259 259 258 258 258 259 258 258 258 258 258 258 258 258 258 258 258 258 258 258 258 258 258 258 258 258 258 258 258 258 258 258 258 258 258 258 258 258 258 258 258 258 258 258 258 258 258 258 258 258 258 257 257 257 257 257 257 257 257 257 257 257 257 257 257 257 257 257 258 258 258 258 258 258 259 258 258 258 258 258 258 258 258 258 258 258 258 258 258 258 258 258 258 258 258 258 258 258 258 258 258 257 257 257 257 257 257 257 257 257 257 257 257 257 257 257 257 257 256 256 256 256 256 256 256 256 256 256 256 256 256 256 256 256 256 256 256 261 261 261 261 261 261 261 261 261 261 261 261 261 261 261 261 261 261 261 261 261 261 261 261 261 260 260 260 260 260 260 260 260 260 260 260 260 260 260 260 260 260 260 260 260 260 260 260 260 260 260 260 260 260 260 260 260 260 260 260 260 260 260 260 260 260 260 260 260 260 260 260 260 260 260 260 260 260 260 259 259 259 259 259 259 259 259 259 259 259 259 259 259 259 259 259 259 259 259 259 259 259 259 259 259 259 259 259 259 259 259 259 259 259 259 259 259 259 259 259 259 259 259 259 259 259 259 259 259 259 259 259 259 259 259 259 259 259 258 258 258 258 258 258 258 258 258 258 258 258 258 258 258 258 258 258 258 258 258 258 258 258 258 258 258 258 258 258 258 258 258 258 258 258 258 258 258 258 258 258 258 258 258 258 258 258 257 257 257 257 257 257 257 257 257 257 257 257 257 257 257 257 257 257 258 258 258 258 258 258 258 258 258 258 258 258 258 258 258 258 258 258 258 258 258 258 258 258 258 258 258 258 258 258 258 258 258 258 257 257 257 257 257 257 257 257 257 257 257 257 257 257 257 257 256 256 256 256 256 256 256 256 256 256 256 256 256 256 256 256 256 256 255 261 261 261 261 261 261 261 261 261 261 261 261 261 261 261 261 261 261 261 260 261 260 260 260 260 260 260 260 260 260 260 260 260 260 260 260 260 260 260 260 260 260 260 260 260 260 260 260 260 260 260 260 260 260 260 260 260 260 260 260 260 260 260 260 260 260 260 260 260 260 260 260 260 260 259 259 259 259 259 259 259 259 259 259 259 259 259 259 259 259 259 259 259 259 259 259 259 259 259 259 259 259 259 259 259 259 259 259 259 259 259 259 259 259 259 259 259 259 259 259 259 259 259 259 259 259 259 259 259 259 259 259 259 259 258 258 258 258 258 258 258 258 258 258 258 258 258 258 258 258 258 258 258 258 258 258 258 258 258 258 258 258 258 258 258 258 258 258 258 258 258 258 258 258 258 258 258 258 258 258 258 258 258 257 257 257 257 257 257 257 257 257 257 257 257 257 257 257 257 257 257 257 258 258 258 258 258 258 258 258 258 258 258 258 258 258 258 258 258 258 258 258 258 258 258 258 258 258 258 258 258 258 258 258 258 257 257 257 257 257 257 257 257 257 257 257 257 257 257 257 257 257 256 256 256 256 256 256 256 256 256 256 256 256 256 256 256 256 255 255 255 255 255 255 255 255 261 261 261 261 261 261 261 261 261 261 261 261 261 261 261 261 260 260 260 260 260 260 260 260 260 260 260 260 260 260 260 260 260 260 260 260 260 260 260 260 260 260 260 260 260 260 260 260 260 260 260 260 260 260 260 260 260 260 260 260 260 260 260 260 260 260 260 260 260 259 259 259 259 259 259 259 259 259 259 259 259 259 259 259 259 259 259 259 259 259 259 259 259 259 259 259 259 259 259 259 259 259 259 259 259 259 259 259 259 259 259 259 259 259 259 259 259 259 259 259 259 259 259 259 259 259 259 259 259 259 259 259 258 258 258 258 258 258 258 258 258 258 258 258 258 258 258 258 258 258 258 258 258 258 258 258 258 258 258 258 258 258 258 258 258 258 258 258 258 258 258 258 258 258 258 258 258 258 258 258 257 257 257 257 257 257 257 257 257 257 257 257 257 257 257 257 257 257 257 257 257 258 258 258 258 258 258 258 258 258 258 258 258 258 258 258 258 258 258 258 258 258 258 258 258 258 258 258 258 258 258 258 258 257 257 257 257 257 257 257 257 257 257 257 257 257 257 257 257 257 257 256 256 256 256 256 256 256 256 256 256 256 256 256 256 256 256 256 255 255 255 255 255 255 255 255 255 255 255 255 261 261 261 261 261 261 261 261 261 261 261 261 261 261 260 260 260 260 260 260 260 260 260 260 260 260 260 260 260 260 260 260 260 260 260 260 260 260 260 260 260 260 260 260 260 260 260 260 260 260 260 260 260 260 260 260 260 260 260 260 260 260 260 260 260 260 260 260 259 259 259 259 259 259 259 259 259 259 259 259 259 259 259 259 259 259 259 259 259 259 259 259 259 259 259 259 259 259 259 259 259 259 259 259 259 259 259 259 259 259 259 259 259 259 259 259 259 259 259 259 259 259 259 259 259 259 259 259 259 258 258 258 258 258 258 258 258 258 258 258 258 258 258 258 258 258 258 258 258 258 258 258 258 258 258 258 258 258 258 258 258 258 258 258 258 258 258 258 258 258 258 258 258 258 258 258 258 258 258 258 257 257 257 257 257 257 257 257 257 257 257 257 257 257 257 257 257 257 257 257 257 257 257 258 258 258 258 258 258 258 258 258 258 258 258 258 258 258 258 258 258 258 258 258 258 258 258 258 258 258 258 258 258 258 258 257 257 257 257 257 257 257 257 257 257 257 257 257 257 257 257 257 256 256 256 256 256 256 256 256 256 256 256 256 256 256 256 256 256 255 255 255 255 255 255 255 255 255 255 255 255 255 255 255 255 261 261 261 261 261 261 261 261 261 261 261 261 261 261 261 261 260 260 260 260 260 260 260 260 260 260 260 260 260 260 260 260 260 260 260 260 260 260 260 260 260 260 260 260 260 260 260 260 260 260 260 260 260 260 260 260 260 260 260 260 260 260 260 260 260 260 260 259 259 259 259 259 259 259 259 259 259 259 259 259 259 259 259 259 259 259 259 259 259 259 259 259 259 259 259 259 259 259 259 259 259 259 259 259 259 259 259 259 259 259 259 259 259 259 259 259 259 259 259 259 259 259 259 259 259 259 259 259 258 258 258 258 258 258 258 258 258 258 258 258 258 258 258 258 258 258 258 258 258 258 258 258 258 258 258 258 258 258 258 258 258 258 258 258 258 258 258 258 258 258 258 258 258 258 258 258 258 258 258 258 258 257 257 257 257 257 257 257 257 257 257 257 257 257 257 257 257 257 257 257 257 257 257 257 257 258 258 258 258 258 258 258 258 258 258 258 258 258 258 258 258 258 258 258 258 258 258 258 258 258 258 258 258 258 258 258 257 257 257 257 257 257 257 257 257 257 257 257 257 257 257 257 257 256 256 256 256 256 256 256 256 256 256 256 256 256 256 256 256 256 256 255 255 255 255 255 255 255 255 255 255 255 255 255 255 255 255 255 255 255 261 260 261 261 260 261 260 260 261 261 261 261 261 261 261 261 260 260 260 260 260 260 260 260 260 260 260 260 260 260 260 260 260 260 260 260 260 260 260 260 260 260 260 260 260 260 260 260 260 260 260 260 260 260 260 260 260 259 260 260 260 260 260 260 260 260 260 259 259 259 259 259 259 259 259 259 259 259 259 259 259 259 259 259 259 259 259 259 259 259 259 259 259 259 259 259 259 259 259 259 259 259 259 259 259 259 259 259 259 259 259 259 259 259 259 259 259 259 259 259 259 259 259 259 259 259 259 259 259 259 258 258 258 258 258 258 258 258 258 258 258 258 258 258 258 258 258 258 258 258 258 258 258 258 258 258 258 258 258 258 258 258 258 258 258 258 258 258 258 258 258 258 258 258 258 258 258 258 258 257 258 257 257 257 257 257 257 257 257 257 257 257 257 257 257 257 257 257 257 257 257 257 257 257 257 257 257 257 258 258 258 258 258 258 258 258 258 258 258 258 258 258 258 258 258 258 258 258 258 258 258 258 258 258 258 258 258 257 257 257 257 257 257 257 257 257 257 257 257 257 257 257 257 257 257 256 256 256 256 256 256 256 256 256 256 256 256 256 256 256 256 256 256 256 255 255 255 255 255 255 255 255 255 255 255 255 255 255 255 255 255 255 255 255 261 261 261 260 260 260 260 260 260 260 260 260 261 261 261 261 261 260 260 260 260 260 260 260 260 260 260 260 260 260 260 260 260 260 260 260 260 260 260 260 260 260 260 260 260 260 260 260 260 260 260 260 260 260 260 260 259 259 259 259 260 260 260 260 260 260 260 259 259 259 259 259 259 259 259 259 259 259 259 259 259 259 259 259 259 259 259 259 259 259 259 259 259 259 259 259 259 259 259 259 259 259 259 259 259 259 259 259 259 259 259 259 259 259 259 259 259 259 259 259 259 259 259 259 259 259 259 259 259 259 258 258 258 258 258 258 258 258 258 258 258 258 258 258 258 258 258 258 258 258 258 258 258 258 258 258 258 258 258 258 258 258 258 258 258 258 258 258 258 258 258 258 258 258 258 258 258 258 258 258 258 257 257 257 257 257 257 257 257 257 257 257 257 257 257 257 257 257 257 257 257 257 257 257 257 257 257 257 257 257 258 258 258 258 258 258 258 258 258 258 258 258 258 258 258 258 258 258 258 258 258 258 258 258 258 258 258 258 258 258 257 257 257 257 257 257 257 257 257 257 257 257 257 257 257 257 257 256 256 256 256 256 256 256 256 256 256 256 256 256 256 256 256 256 256 255 255 255 255 255 255 255 255 255 255 255 255 255 255 255 255 255 255 255 255 254 254 261 261 261 261 261 261 260 260 260 260 260 260 260 260 260 260 260 260 260 260 260 260 260 260 260 260 260 260 260 260 260 260 260 260 260 260 260 260 260 260 260 260 260 260 260 260 260 260 260 260 260 260 260 259 259 259 259 259 259 260 260 260 260 259 259 259 259 259 259 259 259 259 259 259 259 259 259 259 259 259 259 259 259 259 259 259 259 259 259 259 259 259 259 259 259 259 259 259 259 259 259 259 259 259 259 259 259 259 259 259 259 259 259 259 259 259 259 259 259 259 259 259 259 259 259 259 259 258 258 258 258 258 258 258 258 258 258 258 258 258 258 258 258 258 258 258 258 258 258 258 258 258 258 258 258 258 258 258 258 258 258 258 258 258 258 258 258 258 258 258 258 258 258 258 258 258 258 258 257 257 257 257 257 257 257 257 257 257 257 257 257 257 257 257 257 257 257 257 257 257 257 257 257 257 257 257 257 257 257 258 258 258 258 258 258 258 258 258 258 258 258 258 258 258 258 258 258 258 258 258 258 258 258 258 258 258 258 258 257 257 257 257 257 257 257 257 257 257 257 257 257 257 257 257 256 256 256 256 256 256 256 256 256 256 256 256 256 256 256 256 256 255 255 255 255 255 255 255 255 255 255 255 255 255 255 255 255 255 255 255 255 255 255 254 254 254 261 261 261 261 261 261 261 260 260 260 260 260 260 260 260 260 260 260 260 260 260 260 260 260 260 260 260 260 260 260 260 260 260 260 260 260 260 260 260 260 260 260 260 260 259 259 259 259 259 259 259 259 260 260 260 259 259 259 259 259 259 259 259 259 259 259 259 259 259 259 259 259 259 259 259 259 259 259 259 259 259 259 259 259 259 259 259 259 259 259 259 259 259 259 259 259 259 259 259 259 259 259 259 259 259 259 259 259 259 259 259 259 259 259 259 259 259 258 258 258 258 258 258 258 258 258 258 258 258 258 258 258 258 258 258 258 258 258 258 258 258 258 258 258 258 258 258 258 258 258 258 258 258 258 258 258 258 258 258 258 258 258 258 258 258 258 258 258 258 257 257 257 257 257 257 257 257 257 257 257 257 257 257 257 257 257 257 257 257 257 257 257 257 257 257 257 257 257 257 257 257 257 258 258 258 258 258 258 258 258 258 258 258 258 258 258 258 258 258 258 258 258 258 258 258 258 258 258 258 257 257 257 257 257 257 257 257 257 257 257 257 257 257 257 257 257 257 256 256 256 256 256 256 256 256 256 256 256 256 256 256 255 255 255 255 255 255 255 255 255 255 255 255 255 255 255 255 255 255 255 255 255 255 255 255 254 254 254 254 261 261 261 260 260 260 260 260 260 260 260 260 260 260 260 260 260 260 260 260 260 260 260 260 260 260 260 260 260 260 260 260 260 260 260 259 259 259 259 259 259 259 259 259 259 259 260 259 259 259 259 259 259 259 259 259 259 259 259 259 259 259 259 259 259 259 259 259 259 259 259 259 259 259 259 259 259 259 259 259 259 259 259 259 259 259 259 259 259 259 259 259 259 259 259 259 259 259 259 259 259 259 259 259 259 259 259 259 258 258 258 258 258 258 258 258 258 258 258 258 258 258 258 258 258 258 258 258 258 258 258 258 258 258 258 258 258 258 258 258 258 258 258 258 258 258 258 258 258 258 258 258 258 258 258 258 258 258 258 258 258 258 257 257 257 257 257 257 257 257 257 257 257 257 257 257 257 257 257 257 257 257 257 257 257 257 257 257 257 257 257 257 257 257 257 257 258 258 258 258 258 258 258 258 258 258 258 258 258 258 258 258 258 258 258 258 258 258 258 258 258 258 257 257 257 257 257 257 257 257 257 257 257 257 257 257 257 257 257 257 257 256 256 256 256 256 256 256 256 256 256 256 256 256 255 255 255 255 255 255 255 255 255 255 255 255 255 255 255 255 255 255 255 255 254 254 254 254 254 254 254 254 254 260 260 260 260 260 260 260 260 260 260 260 260 260 260 260 260 260 260 260 260 260 260 260 260 260 260 260 260 260 259 259 259 259 259 259 259 259 259 259 259 259 259 259 259 259 259 259 259 259 259 259 259 259 259 259 259 259 259 259 259 259 259 259 259 259 259 259 259 259 259 259 259 259 259 259 259 259 259 259 259 259 259 259 259 259 259 259 259 259 259 259 259 259 259 259 259 259 259 259 259 259 258 258 258 258 258 258 258 258 258 258 258 258 258 258 258 258 258 258 258 258 258 258 258 258 258 258 258 258 258 258 258 258 258 258 258 258 258 258 258 258 258 258 258 258 258 258 258 258 258 258 258 258 258 258 258 258 257 257 257 257 257 257 257 257 257 257 257 257 257 257 257 257 257 257 257 257 257 257 257 257 257 257 257 257 257 257 257 257 257 257 257 258 258 258 258 258 258 258 258 258 258 258 258 258 258 258 258 257 257 257 257 257 257 257 257 257 257 257 257 257 257 257 257 257 257 257 257 257 257 257 257 257 257 257 257 257 256 256 256 256 256 256 256 256 256 256 256 256 255 255 255 255 255 255 255 255 255 255 255 255 255 255 255 255 255 255 255 255 255 254 254 254 254 255 255 260 260 260 260 260 260 260 260 260 260 260 260 260 260 260 260 260 260 260 260 260 259 259 259 259 259 259 259 259 259 259 259 259 259 259 259 259 259 259 259 259 259 259 259 259 259 259 259 259 259 259 259 259 259 259 259 259 259 259 259 259 259 259 259 259 259 259 259 259 259 259 259 259 259 259 259 259 259 259 259 259 259 259 259 259 259 259 259 259 259 259 259 259 258 258 258 258 258 258 258 258 258 258 258 258 258 258 258 258 258 258 258 258 258 258 258 258 258 258 258 258 258 258 258 258 258 258 258 258 258 258 258 258 258 258 258 258 258 258 258 258 258 258 258 258 258 258 258 257 257 257 257 257 257 257 257 257 257 257 257 257 257 257 257 257 257 257 257 257 257 257 257 257 257 257 257 257 257 257 257 257 257 257 257 256 256 258 258 258 258 258 258 258 258 258 258 258 258 258 258 257 257 257 257 257 257 257 257 257 257 257 257 257 257 257 257 257 257 257 257 257 257 257 257 257 257 257 257 257 257 256 256 256 256 256 256 256 256 256 255 255 256 255 255 255 255 255 255 255 255 255 255 255 255 255 255 255 255 255 255 255 255 255 255 254 254 255 260 260 260 260 260 260 260 260 260 260 260 260 260 260 260 260 259 259 259 259 259 259 259 259 259 259 259 259 259 259 259 259 259 259 259 259 259 259 259 259 259 259 259 259 259 259 259 259 259 259 259 259 259 259 259 259 259 259 259 259 259 259 259 259 259 259 259 259 259 259 259 259 259 259 259 259 259 259 259 259 259 259 258 258 259 259 258 258 258 258 258 258 258 258 258 258 258 258 258 258 258 258 258 258 258 258 258 258 258 258 258 258 258 258 258 258 258 258 258 258 258 258 258 258 258 258 258 258 258 258 258 258 258 258 258 258 258 258 258 258 258 258 257 257 257 257 257 257 257 257 257 257 257 257 257 257 257 257 257 257 257 257 257 257 257 257 257 257 257 257 257 257 257 257 257 257 257 257 257 257 257 257 257 256 258 258 258 258 258 258 258 258 258 258 258 258 258 258 258 258 257 257 257 257 257 257 257 257 257 257 257 257 257 257 257 257 257 257 257 257 257 257 257 257 257 257 257 257 256 256 256 256 256 256 256 256 256 256 255 255 255 255 255 255 255 255 255 255 255 255 255 255 255 255 255 255 254 254 260 260 260 260 260 260 260 260 260 260 260 260 260 259 259 259 259 259 259 259 259 259 259 259 259 259 259 259 259 259 259 259 259 259 259 259 259 259 259 259 259 259 259 259 259 259 259 259 259 259 259 259 259 259 259 259 259 259 259 259 259 259 259 259 259 259 259 259 259 259 259 259 259 259 259 259 259 259 258 258 258 258 258 259 259 258 258 258 258 258 258 258 258 258 258 258 258 258 258 258 258 258 258 258 258 258 258 258 258 258 258 258 258 258 258 258 258 258 258 258 258 258 258 258 258 258 258 258 258 258 258 258 258 258 258 258 258 258 258 257 257 257 257 257 257 257 257 257 257 257 257 257 257 257 257 257 257 257 257 257 257 257 257 257 257 257 257 257 257 257 257 257 257 257 257 257 257 257 257 257 257 257 257 258 258 258 258 258 258 258 258 258 258 258 258 258 258 258 258 257 257 257 257 257 257 257 257 257 257 257 257 257 257 257 257 257 257 257 257 257 257 257 257 257 257 257 257 256 256 256 256 256 256 256 256 256 256 256 255 255 255 255 255 255 255 255 255 260 260 260 260 260 259 259 259 259 259 259 259 259 259 259 259 259 259 259 259 259 259 259 259 259 259 259 259 259 259 259 259 259 259 259 259 259 259 259 259 259 259 259 259 259 259 259 259 259 259 259 259 259 259 259 259 259 259 259 259 259 259 259 259 259 259 259 259 259 259 258 258 258 258 258 258 258 258 258 258 258 258 258 258 258 258 258 258 258 258 258 258 258 258 258 258 258 258 258 258 258 258 258 258 258 258 258 258 258 258 258 258 258 258 258 258 258 258 258 258 258 258 258 258 258 258 258 258 257 258 258 258 257 257 257 257 257 257 257 257 257 257 257 257 257 257 257 257 257 257 257 257 257 257 257 257 257 257 257 257 257 257 257 257 257 257 257 257 257 257 257 257 257 257 257 257 256 257 258 258 258 258 258 258 258 258 258 258 258 258 258 258 258 258 257 257 257 257 257 257 257 257 257 257 257 257 257 257 257 257 257 257 257 257 257 257 257 257 257 257 257 256 256 256 256 256 256 256 256 256 256 256 256 256 255 255 255 255 255 255 255 260 260 260 260 259 259 259 259 259 259 259 259 259 259 259 259 259 259 259 259 259 259 259 259 259 259 259 259 259 259 259 259 259 259 259 259 259 259 259 259 259 259 259 259 259 259 259 259 259 259 259 259 259 259 259 259 259 259 259 259 259 259 259 259 259 259 258 258 258 258 258 258 258 258 258 258 258 258 258 258 258 258 258 258 258 258 258 258 258 258 258 258 258 258 258 258 258 258 258 258 258 258 258 258 258 258 258 258 258 258 258 258 258 258 258 258 258 258 258 258 258 258 258 258 258 258 258 257 257 257 257 257 257 257 257 257 257 257 257 257 257 257 257 257 257 257 257 257 257 257 257 257 257 257 257 257 257 257 257 257 257 257 257 257 257 257 257 257 257 257 257 257 257 257 257 256 256 256 258 258 258 258 258 258 258 258 258 258 258 258 258 258 258 257 257 257 257 257 257 257 257 257 257 257 257 257 257 257 257 257 257 257 257 257 257 257 257 257 257 257 257 257 256 256 256 256 256 256 256 256 256 256 256 256 255 255 255 255 255 255 255 260 259 259 259 259 259 259 259 259 259 259 259 259 259 259 259 259 259 259 259 259 259 259 259 259 259 259 259 259 259 259 259 259 259 259 259 259 259 259 259 259 259 259 259 259 259 259 259 259 259 259 259 259 259 259 259 259 259 259 259 259 258 258 258 258 258 258 258 258 258 258 258 258 258 258 258 258 258 258 258 258 258 258 258 258 258 258 258 258 258 258 258 258 258 258 258 258 258 258 258 258 258 258 258 258 258 258 258 258 258 258 258 258 258 258 258 258 258 258 258 258 258 258 258 258 258 257 257 257 257 257 257 257 257 257 257 257 257 257 257 257 257 257 257 257 257 257 257 256 257 257 257 257 257 257 257 257 257 257 257 257 257 257 257 257 257 257 257 257 257 257 257 257 257 256 256 256 256 258 258 258 258 258 258 258 258 258 258 258 258 258 257 257 257 257 257 257 257 257 257 257 257 257 257 257 257 257 257 257 257 257 257 257 257 257 257 257 257 257 257 257 257 256 256 256 256 256 256 256 256 256 256 256 256 255 255 255 255 255 255 255 259 259 259 259 259 259 259 259 259 259 259 259 259 259 259 259 259 259 259 259 259 259 259 259 259 259 259 259 259 259 259 259 259 259 259 259 259 259 259 259 259 259 259 259 259 259 259 259 259 259 259 259 259 259 259 259 259 259 259 259 258 258 258 258 258 258 258 258 258 258 258 258 258 258 258 258 258 258 258 258 258 258 258 258 258 258 258 258 258 258 258 258 258 258 258 258 258 258 258 258 258 258 258 258 258 258 258 258 258 258 258 258 258 258 258 258 258 258 258 258 258 258 258 258 258 257 257 257 257 257 257 257 257 257 257 257 257 257 257 257 257 257 257 257 257 257 257 257 256 256 257 257 257 257 257 257 257 257 257 257 257 257 257 257 257 257 257 257 257 257 257 257 257 257 256 256 256 256 258 258 258 258 258 258 258 258 258 258 257 257 257 257 257 257 257 257 257 257 257 257 257 257 257 257 257 257 257 257 257 257 257 257 257 257 257 257 257 257 257 257 257 256 256 256 256 256 256 256 256 256 256 256 256 255 255 255 255 255 255 255 255 260 259 259 259 259 259 259 259 259 259 259 259 259 259 259 259 259 259 259 259 259 259 259 259 259 259 259 259 259 259 259 259 259 259 259 259 259 259 259 259 259 259 259 259 259 259 259 259 259 259 259 259 259 259 259 259 259 259 259 259 259 258 258 258 258 258 258 258 258 258 258 258 258 258 258 258 258 258 258 258 258 258 258 258 258 258 258 258 258 258 258 258 258 258 258 258 258 258 258 258 258 258 258 258 258 258 258 258 258 258 258 258 258 258 258 258 258 258 258 258 258 258 258 258 258 258 258 258 257 257 257 257 257 257 257 257 257 257 257 257 257 257 257 257 257 257 257 257 257 257 257 257 257 256 256 257 257 257 257 257 257 257 257 257 257 257 257 257 257 257 257 257 257 257 257 257 256 256 256 256 256 256 258 258 258 258 258 258 258 258 257 257 257 257 257 257 257 257 257 257 257 257 257 257 257 257 257 257 257 257 257 257 257 257 257 257 257 257 257 257 257 257 257 257 256 256 256 256 256 256 256 256 256 256 256 256 255 255 255 255 255 255 255 255 255 255 259 259 259 259 259 259 259 259 259 259 259 259 259 259 259 259 259 259 259 259 259 259 259 259 259 259 259 259 259 259 259 259 259 259 259 259 259 259 259 259 259 259 259 259 259 259 259 259 259 259 259 259 259 259 259 259 259 258 258 258 258 258 258 258 258 258 258 258 258 258 258 258 258 258 258 258 258 258 258 258 258 258 258 258 258 258 258 258 258 258 258 258 258 258 258 258 258 258 258 258 258 258 258 258 258 258 258 258 258 258 258 258 258 258 258 258 258 258 258 258 258 258 258 257 257 257 257 257 257 257 257 257 257 257 257 257 257 257 257 257 257 257 257 257 257 257 257 257 257 257 257 257 256 256 256 257 257 257 257 257 257 257 257 257 257 257 257 257 257 257 257 257 257 257 256 256 256 256 256 256 256 258 258 258 258 258 258 258 257 257 257 257 257 257 257 257 257 257 257 257 257 257 257 257 257 257 257 257 257 257 257 257 257 257 257 257 257 257 257 257 256 256 256 256 256 256 256 256 256 256 256 256 256 256 255 255 255 255 255 255 255 255 255 255 255 254 254 259 259 259 259 259 259 259 259 259 259 259 259 259 259 259 259 259 259 259 259 259 259 259 259 259 259 259 259 259 259 259 259 259 259 259 259 259 259 259 259 259 259 259 259 259 259 259 259 259 259 259 258 259 258 258 258 258 258 258 258 258 258 258 258 258 258 258 258 258 258 258 258 258 258 258 258 258 258 258 258 258 258 258 258 258 258 258 258 258 258 258 258 258 258 258 258 258 258 258 258 258 258 258 258 258 258 258 258 258 258 258 258 258 258 258 258 258 258 258 258 258 257 257 257 257 257 257 257 257 257 257 257 257 257 257 257 257 257 257 257 257 257 257 257 257 257 257 257 257 257 257 257 257 256 256 256 256 256 257 257 257 257 257 257 257 257 257 257 257 257 257 257 256 256 256 256 256 256 256 256 256 256 256 258 258 258 258 258 258 258 257 257 257 257 257 257 257 257 257 257 257 257 257 257 257 257 257 257 257 257 257 257 257 257 257 257 257 257 257 257 256 256 256 256 256 256 256 256 256 256 256 256 256 256 256 255 255 255 255 255 255 255 255 255 255 255 255 255 254 259 259 259 259 259 259 259 259 259 259 259 259 259 259 259 259 259 259 259 259 259 259 259 259 259 259 259 259 259 259 259 259 259 259 259 259 259 259 259 259 259 259 259 259 259 259 259 259 258 258 258 258 258 258 258 258 258 258 258 258 258 258 258 258 258 258 258 258 258 258 258 258 258 258 258 258 258 258 258 258 258 258 258 258 258 258 258 258 258 258 258 258 258 258 258 258 258 258 258 258 258 258 258 258 258 258 258 258 258 258 258 258 258 258 257 257 257 257 257 257 257 257 257 257 257 257 257 257 257 257 257 257 257 257 257 257 257 257 257 257 257 257 257 257 257 257 257 257 257 257 257 257 257 257 256 256 256 257 257 257 257 257 257 257 257 257 257 256 256 256 256 256 256 256 256 256 256 256 256 256 256 256 258 258 258 258 258 257 257 257 257 257 257 257 257 257 257 257 257 257 257 257 257 257 257 257 257 257 257 257 257 257 257 257 257 257 257 257 256 256 256 256 256 256 256 256 256 256 256 256 256 256 256 255 256 255 255 255 255 255 255 255 255 255 255 255 255 254 254 259 259 259 259 259 259 259 259 259 259 259 259 259 259 259 259 259 259 259 259 259 259 259 259 259 259 259 259 259 259 259 259 259 259 259 259 259 259 259 259 259 259 259 259 259 259 259 258 258 258 258 258 258 258 258 258 258 258 258 258 258 258 258 258 258 258 258 258 258 258 258 258 258 258 258 258 258 258 258 258 258 258 258 258 258 258 258 258 258 258 258 258 258 258 258 258 258 258 258 258 258 258 258 258 258 258 258 258 258 258 258 258 258 258 257 257 257 257 257 257 257 257 257 257 257 257 257 257 257 257 257 257 257 257 257 257 257 257 257 257 257 257 257 257 257 257 257 257 257 257 257 257 257 257 257 257 256 256 256 256 257 257 257 257 257 257 257 257 256 256 256 256 256 256 256 256 256 256 256 256 256 256 256 256 258 258 258 257 257 257 257 257 257 257 257 257 257 257 257 257 257 257 257 257 257 257 257 257 257 257 257 257 257 257 257 257 257 257 257 257 257 256 256 256 256 256 256 256 256 256 256 256 256 256 256 256 256 256 255 255 255 255 255 255 255 255 255 255 254 254 254 259 259 259 259 259 259 259 259 259 259 259 259 259 259 259 259 259 259 259 259 259 259 259 259 259 259 259 259 259 259 259 259 259 259 259 259 259 259 259 259 259 259 258 258 258 258 258 258 258 258 258 258 258 258 258 258 258 258 258 258 258 258 258 258 258 258 258 258 258 258 258 258 258 258 258 258 258 258 258 258 258 258 258 258 258 258 258 258 258 258 258 258 258 258 258 258 258 258 258 258 258 258 258 258 258 258 258 258 258 258 257 257 257 257 257 257 257 257 257 257 257 257 257 257 257 257 257 257 257 257 257 257 257 257 257 257 257 257 257 257 257 257 257 257 257 257 257 257 257 257 257 257 257 256 256 256 256 256 257 257 257 257 257 257 256 256 256 256 256 256 256 256 256 256 256 256 256 256 256 256 256 258 257 257 257 257 257 257 257 257 257 257 257 257 257 257 257 257 257 257 257 257 257 257 257 257 257 257 257 257 257 257 257 257 257 257 257 257 257 256 256 256 256 256 256 256 256 256 256 256 256 256 256 256 256 255 255 255 255 255 255 255 255 255 254 254 254 254 254 259 259 259 259 259 259 259 259 259 259 259 259 259 259 259 259 259 259 259 259 259 259 259 259 259 259 259 259 259 259 259 259 258 258 259 259 259 259 259 259 259 259 259 258 258 258 258 258 258 258 258 258 258 258 258 258 258 258 258 258 258 258 258 258 258 258 258 258 258 258 258 258 258 258 258 258 258 258 258 258 258 258 258 258 258 258 258 258 258 258 258 258 258 258 258 258 258 258 258 258 258 258 258 258 258 258 258 258 258 258 257 257 257 257 257 257 257 257 257 257 257 257 257 257 257 257 257 257 257 257 257 257 257 257 257 257 257 257 257 257 257 257 257 257 257 257 257 257 257 257 257 257 257 257 257 256 256 256 256 256 256 256 257 257 257 257 256 256 256 256 256 256 256 256 256 256 256 256 256 256 256 256 256 256 257 257 257 257 257 257 257 257 257 257 257 257 257 257 257 257 257 257 257 257 257 257 257 257 257 257 257 257 257 257 257 257 257 257 257 257 257 257 257 256 256 256 256 256 256 256 256 256 256 256 256 256 255 255 255 255 255 255 255 255 255 255 255 255 254 254 254 254 254 254 254 254 254 254 254 254 254 254 254 254 254 254 254 254 254 254 259 259 259 259 259 259 259 259 259 259 259 259 259 259 259 259 259 259 259 259 259 259 259 259 259 259 258 258 258 258 258 259 259 259 259 259 259 258 258 258 258 258 258 258 258 258 258 258 258 258 258 258 258 258 258 258 258 258 258 258 258 258 258 258 258 258 258 258 258 258 258 258 258 258 258 258 258 258 258 258 258 258 258 258 258 258 258 258 258 258 258 258 258 258 258 258 258 258 258 258 258 258 258 258 258 257 257 257 257 257 257 257 257 257 257 257 257 257 257 257 257 257 257 257 257 257 257 257 257 257 257 257 257 257 256 257 257 257 257 257 257 257 257 257 257 257 256 256 256 256 256 256 256 256 256 256 256 256 256 256 256 256 256 256 256 256 256 256 256 256 256 256 256 256 256 256 256 256 256 256 256 258 257 257 257 257 257 257 257 257 257 257 257 257 257 257 257 257 257 257 257 257 257 257 257 257 257 257 257 257 257 257 257 257 257 257 257 257 257 256 256 256 256 256 256 256 256 256 256 256 256 256 255 255 255 255 255 255 255 255 255 255 255 255 255 254 254 254 254 254 254 254 254 254 254 254 254 254 254 254 254 254 254 254 254 254 254 254 254 254 259 259 259 259 259 259 259 259 259 259 259 259 259 259 259 259 259 259 259 259 259 259 259 259 258 258 258 258 258 258 258 258 259 259 259 259 258 258 258 258 258 258 258 258 258 258 258 258 258 258 258 258 258 258 258 258 258 258 258 258 258 258 258 258 258 258 258 258 258 258 258 258 258 258 258 258 258 258 258 258 258 258 258 258 258 258 258 258 258 258 258 258 258 258 258 258 258 258 258 257 257 257 257 257 257 257 257 257 257 257 257 257 257 257 257 257 257 257 257 257 257 257 257 257 257 257 257 257 257 257 257 257 257 257 257 256 256 257 257 257 257 257 256 257 257 257 257 256 256 256 256 256 256 256 256 256 256 256 256 256 256 256 256 256 256 256 256 256 256 256 256 256 256 256 256 256 256 256 256 256 256 256 257 257 257 257 257 257 257 257 257 257 257 257 257 257 257 257 257 257 257 257 257 257 257 257 257 257 257 257 257 257 257 257 257 257 257 256 256 256 256 256 256 256 256 256 256 256 256 256 256 256 255 255 255 255 255 255 255 255 255 255 255 255 255 255 254 254 254 254 254 254 254 254 254 254 254 254 254 254 254 254 254 254 254 254 254 254 254 254 254 254 253 259 259 259 259 259 259 259 259 259 259 259 259 259 259 259 259 259 259 259 259 259 258 258 258 258 258 258 258 258 258 258 259 259 258 258 258 258 258 258 258 258 258 258 258 258 258 258 258 258 258 258 258 258 258 258 258 258 258 258 258 258 258 258 258 258 258 258 258 258 258 258 258 258 258 258 258 258 258 258 258 258 258 258 258 258 258 258 258 258 258 258 258 258 258 258 257 258 257 257 257 257 257 257 257 257 257 257 257 257 257 257 257 257 257 257 257 257 257 257 257 257 257 257 257 257 257 257 257 257 257 257 257 257 256 256 257 257 257 257 257 257 257 257 257 257 256 256 256 256 256 256 256 256 256 256 256 256 256 256 256 256 256 256 256 256 256 256 256 256 256 256 256 256 256 256 256 256 256 256 256 256 257 257 257 257 257 257 257 257 257 257 257 257 257 257 257 257 257 257 257 257 257 257 257 257 257 257 257 257 257 257 257 257 257 257 257 256 256 256 256 256 256 256 256 256 256 256 256 256 256 256 255 255 255 255 255 255 255 255 255 255 255 255 255 255 254 254 254 254 254 254 254 254 254 254 254 254 254 254 254 254 254 254 254 254 254 254 254 254 254 254 254 253 259 259 259 259 259 259 259 259 259 259 259 259 259 259 259 259 259 259 259 259 258 258 258 258 258 258 258 258 258 258 258 258 258 258 258 258 258 258 258 258 258 258 258 258 258 258 258 258 258 258 258 258 258 258 258 258 258 258 258 258 258 258 258 258 258 258 258 258 258 258 258 258 258 258 258 258 258 258 258 258 258 258 258 258 258 258 258 258 258 258 258 258 258 258 258 258 257 257 257 257 257 257 257 257 257 257 257 257 257 257 257 257 257 257 257 257 257 257 257 257 257 257 257 257 257 257 257 257 257 257 257 257 257 257 256 256 256 257 257 257 256 256 257 257 257 257 256 256 256 256 256 256 256 256 256 256 256 256 256 256 256 256 256 256 256 256 256 256 256 256 256 256 256 256 256 256 256 256 256 256 256 256 256 257 257 257 257 257 257 257 257 257 257 257 257 257 257 257 257 257 257 257 257 257 257 257 257 257 257 257 257 257 257 257 257 257 257 256 256 256 256 256 256 256 256 256 256 256 256 256 256 256 256 255 255 255 255 255 255 255 255 255 255 255 255 255 255 254 254 254 254 254 254 254 254 254 254 254 254 254 254 254 253 254 254 254 254 254 254 254 254 254 254 253 253 253 259 259 259 259 259 259 259 259 259 259 259 259 259 259 259 259 259 259 259 258 258 258 258 258 258 258 258 258 258 258 258 258 258 258 258 258 258 258 258 258 258 258 258 258 258 258 258 258 258 258 258 258 258 258 258 258 258 258 258 258 258 258 258 258 258 258 258 258 258 258 258 258 258 258 258 258 258 258 258 258 258 258 258 258 258 258 258 258 258 258 258 258 258 257 257 257 257 257 257 257 257 257 257 257 257 257 257 257 257 257 257 257 257 257 257 257 257 257 257 257 257 257 257 257 257 257 257 257 257 257 257 257 257 257 257 257 256 256 257 257 257 257 256 256 256 257 256 256 256 256 256 256 256 256 256 256 256 256 256 256 256 256 256 256 256 256 256 256 256 256 256 256 256 256 256 256 256 256 256 256 256 256 256 256 257 257 257 257 257 257 257 257 257 257 257 257 257 257 257 257 257 257 257 257 257 257 257 257 257 257 257 257 257 257 257 257 257 256 256 256 256 256 256 256 256 256 256 256 256 256 256 256 256 256 255 255 255 255 255 255 255 255 255 255 255 255 255 255 255 254 254 254 254 254 254 254 254 254 254 254 254 254 254 254 253 253 254 254 254 254 254 254 254 253 253 253 253 259 259 259 259 259 259 259 259 259 259 259 259 259 259 258 258 258 258 258 258 258 258 258 258 258 258 258 258 258 258 258 258 258 258 258 258 258 258 258 258 258 258 258 258 258 258 258 258 258 258 258 258 258 258 258 258 258 258 258 258 258 258 258 258 258 258 258 258 258 258 258 258 258 258 258 258 258 258 258 258 258 258 258 258 258 258 258 258 258 257 257 257 257 257 257 257 257 257 257 257 257 257 257 257 257 257 257 257 257 257 257 257 257 257 257 257 257 257 257 257 257 257 257 257 257 257 257 257 257 257 257 257 257 257 256 256 256 256 256 256 256 256 256 256 256 256 256 256 256 256 256 256 256 256 256 256 256 256 256 256 256 256 256 256 256 256 256 256 256 256 256 256 256 256 256 256 256 256 256 256 256 256 257 257 257 257 257 257 257 257 257 257 257 257 257 257 257 257 257 257 257 257 257 257 257 257 257 257 257 257 257 257 257 257 256 256 256 256 256 256 256 256 256 256 256 256 256 256 256 256 256 256 255 255 255 255 255 255 255 255 255 255 255 255 255 255 255 255 254 254 254 254 254 254 254 254 254 254 254 254 254 254 253 253 253 254 254 254 254 254 254 254 253 253 253 259 259 259 259 259 259 259 259 259 259 259 259 259 259 258 258 258 258 258 258 258 258 258 258 258 258 258 258 258 258 258 258 258 258 258 258 258 258 258 258 258 258 258 258 258 258 258 258 258 258 258 258 258 258 258 258 258 258 258 258 258 258 258 258 258 258 258 258 258 258 258 258 258 258 258 258 258 258 258 258 258 258 258 258 258 258 258 257 257 257 257 257 257 257 257 257 257 257 257 257 257 257 257 257 257 257 257 257 257 257 257 257 257 257 257 257 257 257 257 257 257 257 257 257 257 257 257 257 257 256 256 257 257 257 257 256 256 256 256 256 256 256 256 256 256 256 256 256 256 256 256 256 256 256 256 256 256 256 256 256 256 256 256 256 256 256 255 256 256 256 256 256 256 256 256 256 256 256 256 256 256 256 256 256 257 257 257 257 257 257 257 257 257 257 257 257 257 257 257 257 257 257 257 257 257 257 257 257 257 257 257 257 257 257 257 256 256 256 256 256 256 256 256 256 256 256 256 256 256 256 256 256 256 256 255 255 255 255 255 255 255 255 255 255 255 255 255 255 255 255 254 254 254 254 254 254 254 254 254 254 254 254 254 254 254 253 253 254 254 254 254 254 254 254 253 253 253 253 246 246 246 246 259 259 259 259 259 259 259 259 258 259 259 258 258 258 258 258 258 258 258 258 258 258 258 258 258 258 258 258 258 258 258 258 258 258 258 258 258 258 258 258 258 258 258 258 258 258 258 258 258 258 258 258 258 258 258 258 258 258 258 258 257 257 257 257 257 257 257 257 257 258 258 257 258 258 258 258 258 258 258 258 258 258 258 258 257 257 257 257 257 257 257 257 257 257 257 257 257 257 257 257 257 257 257 257 257 257 257 257 257 257 257 257 257 257 257 257 257 257 257 257 257 257 257 257 257 257 257 257 257 257 257 257 257 257 256 256 256 256 256 256 256 256 256 256 256 256 256 256 256 256 256 256 256 256 256 256 256 256 256 256 256 256 256 256 256 255 255 256 256 256 256 256 256 256 256 256 256 256 256 256 256 256 256 257 257 257 257 257 257 257 257 257 257 257 257 257 257 257 257 257 257 257 257 257 257 257 257 257 257 257 257 257 257 257 256 256 256 256 256 256 256 256 256 256 256 256 256 256 256 256 256 256 256 255 255 255 255 255 255 255 255 255 255 255 255 255 255 255 255 254 254 254 254 254 254 254 254 254 254 254 254 254 254 254 253 253 253 254 254 253 253 253 253 253 253 253 253 247 247 247 247 247 247 246 246 259 259 259 259 259 259 259 258 258 258 258 258 258 258 258 258 258 258 258 258 258 258 258 258 258 258 258 258 258 258 258 258 258 258 258 258 258 258 258 258 258 258 258 258 258 258 258 258 258 258 258 258 258 258 258 258 258 258 258 258 258 258 257 257 257 257 257 257 257 257 257 257 257 257 257 258 258 258 258 258 258 257 257 257 257 257 257 257 257 257 257 257 257 257 257 257 257 257 257 257 257 257 257 257 257 257 257 257 257 257 257 257 257 257 257 257 257 257 257 257 257 257 256 256 257 257 257 257 257 257 257 257 257 257 257 256 256 256 256 256 256 256 256 256 256 257 256 256 256 256 256 256 256 256 256 256 256 256 256 256 256 256 256 256 256 256 256 255 255 256 256 256 256 256 256 256 256 256 256 256 256 256 256 256 257 257 257 257 257 257 257 257 257 257 257 257 257 257 257 257 257 257 257 257 257 257 257 257 257 257 257 257 257 256 256 256 256 256 256 256 256 256 256 256 256 256 256 256 256 256 256 256 256 256 255 255 255 255 255 255 255 255 255 255 255 255 255 255 255 255 255 255 254 254 254 254 254 254 254 254 255 254 254 254 254 253 253 253 253 253 253 253 253 253 253 253 253 247 247 247 247 247 247 247 247 246 246 259 259 259 259 259 259 259 258 258 258 258 258 258 258 258 258 258 258 258 258 258 258 258 258 258 258 258 258 258 258 258 258 258 258 258 258 258 258 258 258 258 258 258 258 258 258 258 258 258 258 258 258 258 258 258 258 258 258 258 257 257 257 257 257 257 258 257 257 257 257 257 257 257 257 257 257 257 257 257 257 257 257 257 257 257 257 257 257 257 257 257 257 257 257 257 257 257 257 257 257 257 257 257 257 257 257 257 257 257 257 257 257 257 257 257 257 257 257 257 257 257 257 257 256 256 256 257 257 257 257 257 257 257 257 257 257 257 256 256 256 256 256 256 256 256 256 256 256 256 256 256 256 256 256 256 256 256 256 256 256 256 256 256 256 256 256 256 256 256 256 256 255 256 256 256 256 256 256 256 256 256 256 256 256 256 256 257 257 257 257 257 257 257 257 257 257 257 257 257 257 257 257 257 257 257 257 257 257 257 257 257 257 257 257 256 256 256 256 256 256 256 256 256 256 256 256 256 256 256 256 256 256 256 256 256 256 255 255 255 255 255 255 255 255 255 255 255 255 255 255 255 255 255 255 254 254 254 254 254 254 254 254 254 254 254 253 253 253 253 253 253 253 253 253 253 253 253 253 253 247 247 247 247 247 248 247 247 247 247 246 246 245 259 259 259 259 259 258 258 258 258 258 258 258 258 258 258 258 258 258 258 258 258 258 258 258 258 258 258 258 258 258 258 258 258 258 258 258 258 258 258 258 258 258 258 258 258 258 258 258 258 258 258 258 258 258 258 258 258 257 257 257 257 257 257 257 258 258 257 257 257 257 257 257 257 257 257 257 257 257 257 257 257 257 257 257 257 257 257 257 257 257 257 257 257 257 257 257 257 257 257 257 257 257 257 257 257 257 257 257 257 257 257 257 257 257 257 257 257 257 257 257 257 256 256 256 256 256 256 257 257 257 257 257 257 257 257 257 256 256 256 256 256 256 256 256 256 256 256 256 256 256 256 256 256 256 256 256 256 256 256 256 256 256 256 256 256 256 256 256 256 256 256 255 255 255 256 256 256 256 256 256 256 256 256 256 256 256 257 257 257 257 257 257 257 257 257 257 257 257 257 257 257 257 257 257 257 257 257 257 257 257 257 257 257 256 256 256 256 256 256 256 256 256 256 256 256 256 256 256 256 256 256 256 256 256 256 256 255 255 255 255 255 255 255 255 255 255 255 255 255 255 255 254 255 254 254 254 254 254 254 254 254 254 254 254 254 253 253 253 253 253 254 254 254 254 253 253 253 253 253 253 247 247 247 248 248 248 248 248 247 247 247 247 246 245 245 259 259 259 258 258 258 258 258 258 258 258 258 258 258 258 258 258 258 258 258 258 258 258 258 258 258 258 258 258 258 258 258 258 258 258 258 258 258 258 258 258 258 258 258 258 258 258 258 258 258 258 258 258 258 258 258 258 257 257 257 257 257 257 257 258 257 258 257 257 257 257 257 257 257 257 257 257 257 257 257 257 257 257 257 257 257 257 257 257 257 257 257 257 257 257 257 257 257 257 257 257 257 257 257 257 257 257 257 257 257 257 257 257 257 257 257 257 257 257 257 256 256 256 256 256 257 257 256 257 257 257 257 257 257 257 256 256 257 256 256 256 256 256 256 256 256 256 256 256 256 256 256 256 256 256 256 256 256 256 256 256 256 256 256 256 256 256 256 256 256 256 255 255 255 255 255 255 255 255 255 256 256 256 256 256 255 255 257 257 257 257 257 257 257 257 257 257 257 256 256 257 257 257 257 257 257 257 257 257 257 257 257 257 256 256 256 256 256 256 256 256 256 256 256 256 256 256 256 256 256 256 256 256 256 256 256 256 255 255 255 255 255 255 255 255 255 255 255 255 255 255 255 255 254 254 254 254 254 254 254 254 254 254 254 254 254 253 253 253 253 254 254 254 254 254 253 253 253 253 253 253 253 248 248 247 247 247 247 247 247 247 247 247 248 248 248 248 247 248 248 247 246 245 245 245 258 258 258 258 258 258 258 258 258 258 258 258 258 258 258 258 258 258 257 258 258 258 258 258 258 258 258 258 258 258 258 258 258 258 258 258 258 258 258 258 258 258 258 258 258 258 258 258 258 258 258 258 258 258 257 257 257 257 257 257 257 257 257 257 257 257 257 258 258 257 257 257 257 257 257 257 257 257 257 257 257 257 257 257 257 257 257 257 257 257 257 257 257 257 257 257 257 257 257 257 257 257 257 257 257 257 257 257 257 257 257 257 257 257 257 257 257 256 256 256 256 256 257 257 256 257 257 257 257 257 256 257 257 257 256 256 256 257 256 256 256 256 256 256 256 256 256 256 256 256 256 256 256 256 256 256 256 256 256 256 256 256 256 256 256 256 256 255 255 255 255 255 256 255 255 255 255 255 255 255 255 255 255 255 255 255 257 257 256 256 256 256 256 256 256 256 256 256 256 256 256 257 257 257 257 257 257 257 257 257 257 256 257 256 256 256 256 256 256 256 256 256 256 256 256 256 256 256 256 256 256 256 256 256 256 256 255 255 255 255 255 255 255 255 255 255 255 255 255 255 255 255 255 254 254 254 254 254 254 254 254 254 254 254 254 253 254 253 254 254 254 254 253 253 253 253 253 253 253 253 253 253 253 253 252 252 252 252 252 248 248 248 248 248 248 248 248 248 248 247 248 248 247 248 248 248 248 248 248 248 247 247 246 246 245 245 245 259 258 258 258 258 258 258 258 258 258 258 258 258 258 258 258 258 258 258 258 258 257 257 257 257 257 258 258 257 258 258 258 258 258 258 258 258 258 258 258 258 258 258 258 258 258 258 258 258 258 258 258 258 257 257 258 257 257 257 257 257 257 257 257 257 257 257 257 257 258 257 257 257 257 257 257 257 257 257 257 257 257 257 257 257 257 257 257 257 257 257 257 257 257 257 257 257 257 257 257 257 257 257 257 257 257 257 257 257 257 257 257 257 257 257 257 256 256 256 256 256 256 256 256 256 256 257 257 257 256 256 256 256 257 256 256 256 256 256 256 257 257 256 256 256 256 256 256 256 256 256 256 256 256 256 256 256 256 255 256 256 256 256 256 256 256 256 256 256 256 256 256 256 255 255 256 255 255 255 255 255 255 255 255 255 255 255 255 255 256 256 256 256 256 256 256 257 256 256 256 256 256 256 256 256 257 257 257 257 257 257 257 256 256 256 256 256 256 256 256 256 256 256 256 256 256 256 256 256 256 256 256 256 256 256 256 256 256 256 255 255 255 255 255 255 255 255 255 255 255 255 255 255 255 255 255 255 255 254 254 254 254 254 254 254 254 254 254 253 254 253 253 254 254 254 254 253 253 253 253 253 253 253 253 253 253 253 252 252 253 253 252 252 252 251 251 251 251 252 252 252 252 251 251 251 251 251 251 248 248 249 248 248 249 248 248 249 248 248 248 248 248 248 248 248 248 248 248 248 248 247 246 246 246 245 245 245 258 258 258 258 258 258 258 258 258 258 258 258 258 258 258 258 258 257 257 258 258 258 257 257 257 257 257 257 258 258 258 258 258 258 258 258 258 257 258 258 258 258 258 258 258 258 258 257 257 257 257 257 257 257 257 257 257 257 257 257 257 257 257 257 257 257 257 257 257 257 257 257 257 257 257 257 257 257 257 257 257 257 257 257 257 257 257 257 257 257 257 257 257 257 257 257 257 257 257 257 257 257 257 257 257 257 257 257 257 257 257 257 257 257 256 256 256 256 256 256 256 257 257 257 257 256 256 256 256 256 256 256 256 256 256 256 256 257 256 257 257 256 256 256 256 256 256 256 256 256 256 256 256 256 256 256 255 255 256 256 256 256 256 256 256 256 256 256 256 256 256 255 255 255 256 256 255 255 256 255 255 255 255 255 255 255 255 255 257 257 257 257 257 257 257 256 257 256 257 257 256 256 256 256 256 256 257 257 257 257 257 256 256 256 256 256 256 256 256 256 256 256 256 256 256 256 256 256 256 256 256 256 256 256 256 256 256 256 255 255 255 255 255 255 255 255 255 255 255 255 255 255 255 255 255 255 255 255 255 255 255 254 254 254 254 254 254 254 254 253 253 254 254 254 254 254 253 254 253 253 253 253 253 253 253 253 253 253 253 253 253 253 252 253 253 252 252 252 252 252 252 252 252 252 252 251 251 251 251 251 251 251 251 251 251 251 248 249 249 249 249 249 249 249 249 249 249 249 248 248 249 248 248 248 248 248 248 248 247 247 247 246 246 246 246 246 246 258 258 258 258 258 258 258 258 258 258 258 258 258 258 257 258 257 257 257 257 258 258 258 257 257 257 257 257 257 257 257 258 258 258 258 258 258 257 257 258 258 258 258 258 258 257 257 257 257 258 257 258 258 257 257 257 257 257 257 257 257 257 257 257 257 257 257 257 257 257 257 257 257 257 257 257 257 257 257 257 257 257 257 257 257 257 257 257 257 257 257 257 257 257 257 257 257 257 257 257 257 257 257 257 257 257 257 257 257 257 257 257 257 256 256 256 256 257 256 256 256 256 256 256 256 256 256 256 256 256 256 256 256 256 256 256 256 256 257 256 256 256 256 256 256 256 256 256 256 256 256 256 256 256 256 256 256 256 256 255 256 256 256 256 256 256 256 256 256 256 256 255 255 255 255 256 256 255 256 256 255 255 255 255 255 255 255 255 255 257 257 257 257 257 257 257 257 257 257 257 257 256 256 256 256 256 256 256 257 257 257 257 256 256 256 256 256 256 256 256 256 256 256 256 256 256 256 256 256 256 256 256 256 256 256 256 256 256 256 255 255 255 255 255 255 255 255 255 255 255 255 255 255 255 255 255 255 255 255 255 254 255 254 254 254 254 254 254 254 254 254 253 254 254 254 254 254 254 253 253 253 253 253 253 253 253 253 253 253 253 253 253 253 253 253 253 252 252 252 252 252 252 252 252 252 252 252 252 252 251 251 252 251 251 251 251 251 251 251 251 251 251 250 248 249 249 249 249 249 249 249 249 249 249 249 249 249 249 249 248 249 249 248 248 248 248 248 247 246 246 246 246 246 246 246 246 258 258 258 258 258 258 258 258 258 258 258 258 258 258 258 258 257 257 258 257 257 258 258 258 257 257 257 258 257 257 257 257 257 257 257 258 258 257 257 257 257 258 258 258 258 257 257 257 257 257 257 257 257 257 257 257 257 257 257 257 257 257 257 257 257 257 257 257 257 257 257 257 257 257 257 257 257 257 257 257 257 257 257 257 257 257 257 257 257 257 257 257 257 257 257 257 257 257 257 257 257 257 257 257 257 257 257 257 257 257 257 257 257 257 257 256 256 256 256 256 257 256 256 256 256 256 256 256 256 256 256 256 256 256 256 256 256 256 256 256 256 256 256 256 256 256 256 256 256 256 256 256 256 256 256 256 256 256 256 256 255 256 256 256 256 256 256 256 256 255 255 255 255 255 255 255 255 255 256 255 256 256 256 255 255 255 255 255 255 255 255 257 257 257 257 257 257 257 257 257 257 257 256 256 256 256 256 256 256 256 256 256 256 256 256 256 256 256 256 256 256 256 256 256 256 256 256 256 256 256 256 256 256 256 256 256 256 255 255 256 256 255 255 255 255 255 255 255 255 255 255 255 255 255 255 255 255 255 255 255 254 254 254 254 254 254 254 254 254 254 254 254 254 253 253 253 254 254 253 253 253 253 253 253 253 253 253 253 253 253 253 253 253 253 253 253 252 252 253 252 252 252 252 252 252 252 252 252 252 252 251 251 252 252 251 252 252 252 252 251 251 251 251 251 251 250 250 251 251 250 250 248 249 249 249 249 249 249 249 249 249 249 249 249 249 249 249 249 249 249 248 248 248 248 248 248 248 247 246 246 246 246 246 246 246 246 246 246 258 258 258 258 258 258 258 258 258 258 258 258 258 258 258 258 258 258 258 258 258 258 258 258 258 258 258 258 258 258 257 257 257 257 257 257 257 257 257 257 257 257 257 258 258 257 257 257 257 257 257 257 257 257 257 257 257 257 257 257 257 257 257 257 257 257 257 257 257 257 257 257 257 257 257 257 257 257 257 257 257 257 257 257 257 257 257 257 257 257 257 257 257 257 257 257 257 257 257 257 257 257 257 257 257 257 257 257 257 257 257 257 257 257 257 257 256 256 256 256 256 256 257 256 256 256 256 256 256 256 256 256 256 256 256 256 256 256 256 256 256 256 256 256 256 256 256 256 256 256 256 256 256 256 256 256 256 255 256 256 256 255 255 256 256 256 256 256 256 256 256 256 255 255 255 255 255 255 255 256 256 256 256 255 256 256 256 255 255 255 255 255 255 257 257 257 257 257 257 257 257 257 257 257 257 256 256 256 256 256 256 256 256 256 256 256 256 256 256 256 256 256 256 256 256 256 256 256 256 256 256 256 256 256 256 256 256 256 256 255 255 256 256 255 255 255 255 255 255 255 255 255 255 255 255 255 255 255 255 255 255 254 254 254 254 254 254 254 254 254 254 254 254 254 254 253 253 253 254 254 253 253 253 253 253 253 253 253 253 253 253 253 253 253 253 253 253 253 252 253 253 254 253 252 253 253 252 253 253 252 252 251 251 252 252 252 252 252 252 252 251 251 251 251 251 251 251 251 250 251 251 251 250 248 249 249 249 249 249 249 249 249 249 249 249 249 249 249 248 249 249 248 249 249 248 248 248 248 247 247 246 246 246 246 246 246 246 246 246 246 246 246 246 258 258 258 258 258 258 258 258 258 258 258 258 258 258 258 258 258 257 258 258 258 258 257 258 258 258 258 257 258 258 258 258 258 257 257 257 257 257 257 257 257 257 257 257 258 258 257 257 257 257 257 257 257 257 257 257 257 257 257 257 257 257 257 257 257 257 257 257 257 257 257 257 257 257 257 257 257 257 257 257 257 257 257 257 257 257 257 257 257 257 257 257 257 257 257 257 257 257 257 257 257 257 257 257 256 256 256 256 256 256 257 257 257 257 257 257 256 256 256 256 256 256 256 256 256 256 256 256 256 256 256 256 256 256 256 256 256 256 256 256 256 256 256 256 256 256 256 256 256 256 256 256 256 256 256 256 255 255 255 256 256 256 256 256 256 256 256 256 255 255 256 256 256 256 256 255 255 255 256 256 256 255 255 255 255 255 255 255 255 255 255 255 255 257 257 257 257 257 257 257 257 257 257 257 256 256 256 256 256 256 256 256 256 256 256 256 256 256 256 256 256 256 256 256 256 256 256 256 256 256 256 256 256 256 256 256 256 256 256 256 255 255 256 255 255 255 255 255 255 255 255 255 255 255 255 255 255 255 255 255 255 255 254 254 254 254 254 254 254 254 254 254 254 254 254 253 253 253 254 254 253 253 253 253 253 253 253 253 253 253 253 253 253 253 253 253 252 252 253 252 253 253 253 253 253 253 253 253 253 253 252 252 251 252 252 253 252 252 252 251 251 251 251 252 251 251 252 251 250 251 251 251 250 248 249 249 249 249 249 249 249 249 249 249 249 249 249 249 249 249 248 248 248 248 248 248 248 248 248 247 246 246 247 246 246 246 246 246 246 246 246 246 246 246 246 246 246 246 246 246 246 245 258 258 258 258 258 258 258 258 258 258 258 258 258 258 258 258 258 257 257 257 257 257 257 257 257 257 257 257 257 257 257 258 258 258 257 257 257 257 257 257 257 257 257 258 258 257 257 257 257 257 257 257 257 257 257 257 257 257 257 257 257 257 257 257 257 257 257 257 257 257 257 257 257 257 257 257 257 257 257 257 257 257 257 257 257 257 257 257 257 257 257 257 257 257 257 257 257 257 257 257 256 256 256 256 256 257 257 257 256 256 256 256 256 257 257 256 256 256 256 256 256 256 256 256 256 256 256 256 256 256 256 256 256 256 256 256 256 256 256 256 256 256 256 256 256 256 256 256 256 256 256 256 256 256 256 256 255 255 255 256 256 256 255 255 255 256 255 256 255 255 255 256 256 255 255 255 255 255 255 255 255 255 255 255 255 255 255 255 255 255 255 255 255 256 256 256 256 256 256 256 256 256 256 256 256 256 256 256 256 256 256 256 256 256 256 256 256 256 256 256 256 256 256 256 256 256 256 256 256 256 256 256 256 256 256 256 255 256 256 256 255 255 256 255 255 255 255 255 255 255 255 255 255 255 255 255 255 255 255 255 255 255 255 254 254 254 254 254 254 254 254 254 254 254 254 253 253 253 254 254 253 253 253 253 253 253 253 253 253 253 253 253 253 253 253 253 253 253 253 253 253 253 253 253 253 253 253 253 253 253 252 251 252 252 252 252 252 251 251 251 251 251 251 252 252 252 252 251 250 250 251 251 251 250 247 248 249 249 249 249 249 249 249 249 249 249 249 249 249 249 249 249 249 249 249 248 248 248 248 248 248 247 247 247 247 247 247 247 247 247 246 246 246 246 246 246 246 246 246 246 246 246 245 245 245 245 258 258 258 258 258 258 258 258 258 258 258 258 258 258 257 258 258 258 257 257 257 257 257 257 257 257 257 257 257 257 257 257 257 257 258 258 257 257 257 257 257 257 257 257 257 257 257 257 257 257 257 257 257 257 257 257 257 257 257 257 257 257 257 257 257 257 257 257 257 257 257 257 257 257 257 257 257 257 257 257 257 257 257 257 257 257 257 257 257 257 257 257 257 257 257 257 257 257 257 257 257 257 257 257 257 257 257 257 257 256 256 256 256 256 256 256 256 256 256 256 256 256 256 256 256 256 256 256 256 256 256 256 256 256 256 256 256 256 256 256 256 256 256 256 256 256 256 256 256 256 256 256 256 256 256 256 256 255 255 256 256 256 256 255 255 255 255 256 255 255 255 255 255 255 255 255 255 255 255 255 255 255 255 255 255 255 255 255 255 255 255 255 255 255 256 256 256 256 256 256 256 256 256 256 256 256 256 256 256 256 256 256 256 256 256 256 256 256 256 256 256 256 256 256 256 256 256 256 256 256 256 256 256 256 256 256 256 256 256 256 256 255 255 255 255 255 255 255 255 255 255 255 255 255 255 255 255 255 255 255 255 255 255 255 255 254 254 254 254 254 254 254 254 254 254 253 253 253 253 253 253 253 253 253 253 253 253 253 253 253 252 253 253 253 253 253 253 254 253 253 253 253 253 253 253 253 253 253 253 253 253 252 252 252 253 252 252 252 252 251 252 252 251 251 252 252 252 252 251 251 251 251 251 252 250 250 248 249 250 249 250 250 249 249 249 249 249 249 249 249 248 249 249 249 249 249 249 248 248 248 248 248 248 247 247 247 247 247 247 247 247 247 247 246 246 246 246 246 246 246 246 246 246 246 246 246 246 245 245 245 258 258 258 258 258 258 258 258 258 258 258 258 258 257 257 257 257 257 257 257 257 257 257 257 257 257 257 257 257 257 257 257 257 257 257 257 257 258 257 257 257 257 257 257 257 257 257 257 257 257 257 257 257 257 257 257 257 257 257 257 257 257 257 257 257 257 257 257 257 257 257 257 257 257 257 257 257 257 257 257 257 257 257 257 257 257 257 257 257 257 257 257 257 257 257 257 257 257 257 257 257 257 257 257 257 257 257 257 257 257 256 256 256 256 256 256 256 256 256 256 256 256 256 256 256 256 256 256 256 256 256 256 256 256 256 256 256 256 256 256 256 256 256 256 256 256 255 256 256 256 256 256 256 256 256 256 256 256 256 256 256 256 255 255 255 255 255 255 255 255 255 255 255 255 255 255 255 255 255 255 255 255 255 255 255 255 255 255 255 255 255 255 255 255 255 256 256 256 256 256 256 256 256 256 256 256 256 256 256 256 256 256 256 256 256 256 256 256 256 256 256 256 256 256 256 256 256 256 256 256 256 256 256 256 256 256 256 256 256 255 256 255 255 255 255 255 255 255 255 255 255 255 255 255 255 255 255 255 255 255 255 255 255 255 255 254 254 254 254 254 254 254 254 254 254 254 253 253 253 253 253 253 254 253 253 253 253 253 253 253 253 253 253 253 253 253 253 253 253 253 253 253 253 253 253 253 253 253 253 253 253 253 253 253 253 253 252 252 252 252 252 252 252 251 251 251 252 252 252 252 251 251 251 251 251 251 251 250 248 249 250 250 249 249 249 249 249 249 249 249 249 249 249 249 248 248 248 248 249 248 248 248 248 248 248 247 247 247 247 247 247 247 247 247 247 247 247 246 246 246 246 246 246 246 246 246 246 246 246 246 246 246 245 245 258 258 258 258 258 258 258 258 258 258 257 257 257 257 257 257 257 257 257 257 257 257 257 257 257 257 257 257 257 257 257 257 257 257 257 257 257 257 257 257 257 257 257 257 257 257 257 257 257 257 257 257 257 257 257 257 257 257 257 257 257 257 257 257 257 257 257 257 257 257 257 257 257 257 256 256 257 257 257 257 257 257 257 257 257 257 257 257 257 257 256 256 256 256 256 257 257 257 257 257 257 257 257 257 257 257 257 257 257 257 256 256 256 256 256 256 256 256 256 256 256 256 256 256 256 256 256 256 256 256 256 256 256 256 256 256 256 256 256 256 256 256 256 256 256 256 256 256 256 256 256 256 256 256 256 256 256 256 256 255 255 255 255 255 255 255 255 255 255 255 255 255 255 255 255 255 255 255 255 255 255 255 255 255 255 255 255 255 255 255 255 255 255 255 255 257 257 257 257 257 256 256 256 256 256 256 256 256 256 256 256 256 256 256 256 257 257 257 257 256 257 256 256 256 256 256 256 256 256 256 256 256 256 256 256 256 256 256 256 256 256 256 256 256 255 255 255 255 255 255 255 255 255 255 255 255 255 255 255 255 255 255 255 255 255 255 255 254 254 254 254 254 254 254 254 254 254 254 254 254 253 253 253 253 254 253 253 253 253 253 254 253 253 253 253 253 254 253 253 254 254 254 253 253 253 253 253 253 253 253 253 253 253 253 254 253 253 253 253 253 253 253 252 252 251 252 252 252 253 252 251 251 252 251 252 251 251 250 249 249 249 249 250 250 249 249 249 249 250 250 250 250 249 249 249 249 249 248 248 248 249 249 249 248 248 248 248 248 247 247 248 248 248 248 248 247 247 247 247 247 247 247 247 247 247 247 247 247 247 247 247 246 246 246 246 246 246 257 258 258 258 258 258 258 258 258 258 258 258 257 257 257 257 257 257 257 257 257 257 257 257 257 257 257 257 257 257 257 257 257 257 257 257 257 257 257 257 257 257 257 257 257 257 257 257 257 257 257 257 257 257 257 257 257 257 257 257 257 257 257 257 257 257 257 257 257 257 257 257 256 257 257 257 256 257 257 257 257 257 256 256 256 256 256 256 256 256 256 256 256 256 256 256 256 256 257 257 257 256 257 257 257 257 257 257 257 257 256 256 256 256 256 256 256 256 256 256 256 256 256 256 256 256 256 256 256 256 256 256 256 256 256 256 256 256 256 256 256 256 256 256 256 256 256 256 256 256 256 256 256 256 256 256 256 256 256 256 256 255 255 255 255 255 255 255 255 255 255 255 255 255 255 255 255 255 255 255 255 255 255 255 255 255 255 255 255 255 255 255 255 255 255 255 255 255 257 257 257 257 257 256 256 257 256 256 256 257 257 257 257 257 256 256 256 256 256 257 257 256 256 256 256 256 256 256 256 256 256 256 256 256 256 256 256 256 256 256 256 256 256 256 256 256 256 256 255 255 255 255 255 255 255 255 255 255 255 255 255 255 255 255 255 255 255 255 255 255 255 255 254 254 254 254 254 254 254 254 254 254 254 253 253 253 253 253 253 253 253 253 253 254 254 254 254 253 253 253 253 253 253 254 254 253 253 253 253 253 253 253 253 253 253 253 253 254 253 253 253 253 253 253 253 252 252 252 252 252 252 253 252 252 252 252 251 252 251 251 250 248 249 249 249 250 250 250 249 249 250 250 250 250 250 250 250 249 249 249 249 248 248 248 248 248 248 248 248 248 248 248 247 247 248 247 247 247 247 247 247 247 247 247 247 247 247 247 247 247 247 247 247 247 246 246 246 246 246 246 246 246 257 258 258 258 258 258 258 258 258 258 257 257 257 257 257 257 257 257 257 257 257 257 257 257 257 257 257 257 257 257 257 257 257 257 257 257 257 257 257 257 257 257 257 257 257 257 257 257 257 257 257 257 257 257 257 257 257 257 257 257 257 257 257 257 257 257 257 257 257 257 257 256 256 257 257 257 257 257 257 257 257 257 257 256 256 256 257 256 256 256 256 256 256 256 256 256 256 256 257 257 256 256 257 257 257 257 257 256 256 256 256 256 256 256 256 256 256 256 256 256 256 256 256 256 256 256 256 256 256 256 256 256 256 256 256 256 256 256 256 256 256 256 256 256 256 256 256 256 256 256 256 256 256 256 256 256 256 256 256 256 256 255 255 256 255 255 255 255 256 255 255 255 255 255 255 255 255 255 255 255 255 255 255 255 255 255 255 255 255 255 255 255 255 255 255 255 255 255 257 257 257 257 257 257 256 257 257 256 256 257 257 257 257 256 256 256 256 256 256 256 257 256 256 256 256 256 256 256 256 256 256 256 256 256 256 256 256 256 256 256 256 256 256 256 256 256 256 256 255 255 255 255 255 255 255 255 255 255 255 255 255 255 255 255 255 255 255 255 255 255 255 255 255 255 255 254 254 254 254 254 254 254 253 253 253 253 253 253 253 253 253 253 253 253 253 253 253 252 252 252 253 253 254 254 254 253 253 253 253 253 253 253 253 253 253 253 254 253 253 253 253 253 253 253 253 253 253 253 252 252 252 253 253 252 252 252 251 251 251 251 250 250 248 249 249 249 249 250 250 250 250 250 250 250 250 250 250 250 250 249 249 249 249 249 249 248 248 248 248 248 248 248 248 248 248 248 248 248 247 247 247 247 247 247 247 247 247 247 247 247 247 247 247 247 247 247 246 246 246 246 246 246 246 246 246 258 258 258 258 258 258 258 257 257 257 257 257 257 257 257 257 257 257 257 257 257 257 257 257 257 257 257 257 257 257 257 257 257 257 257 257 257 257 257 257 257 257 257 257 257 257 257 257 257 257 257 257 257 257 257 257 257 257 257 257 257 257 257 257 256 257 257 257 257 257 256 256 256 257 257 257 257 257 256 256 256 256 256 256 256 256 256 256 256 256 256 256 256 256 256 256 256 257 256 256 257 256 257 257 256 256 256 256 256 256 256 256 256 256 256 256 256 256 256 256 256 256 256 256 256 256 256 256 256 256 256 256 256 256 256 256 256 256 256 256 256 256 256 256 256 256 256 256 256 256 256 256 256 256 256 256 256 256 256 256 256 256 256 255 255 255 255 255 255 255 255 255 255 255 255 255 255 255 255 255 255 255 255 255 255 255 255 255 255 255 255 255 255 255 255 255 255 257 257 257 257 257 257 257 257 257 257 256 257 257 257 257 257 256 256 256 256 256 256 257 256 256 256 256 256 256 256 256 256 256 256 256 256 256 256 256 256 256 256 256 256 256 256 256 256 256 256 255 255 255 255 255 255 255 255 255 255 255 255 255 255 255 255 255 255 255 255 255 255 255 255 255 255 255 255 254 254 254 254 254 254 254 253 253 253 253 253 253 253 253 253 253 253 253 253 253 252 252 253 253 254 254 254 254 254 254 254 253 253 253 253 253 253 253 253 253 253 253 253 253 253 253 253 253 253 253 253 252 252 252 252 253 253 252 252 251 251 250 251 251 250 248 249 249 249 249 249 250 250 250 250 250 250 250 250 249 249 250 249 249 249 249 249 249 249 249 249 248 248 248 248 248 248 248 248 248 248 248 248 247 247 247 247 247 247 247 247 247 247 247 247 247 247 247 246 246 246 246 246 246 246 246 246 246 246 257 258 258 258 257 257 257 257 257 257 257 257 257 257 257 257 257 257 257 257 257 257 257 257 257 257 257 257 257 257 257 257 257 257 257 257 257 257 257 257 257 257 257 257 257 257 257 257 257 257 257 257 257 257 257 257 257 257 257 257 257 257 257 257 256 257 257 257 256 256 256 256 256 256 257 257 256 256 256 256 256 256 256 256 257 257 256 256 256 256 256 256 256 256 256 256 256 256 256 256 256 256 256 256 256 256 256 256 256 256 256 256 256 256 256 256 256 256 256 256 256 256 256 256 256 256 256 256 256 256 256 256 256 256 256 256 256 256 256 256 256 256 256 256 256 256 256 256 256 256 256 256 256 256 256 256 256 256 256 256 256 256 256 255 255 255 255 255 255 255 255 255 255 255 255 255 255 255 255 255 255 255 255 255 255 255 255 255 255 255 255 255 255 255 255 255 255 257 257 257 257 257 257 257 257 257 257 257 257 257 257 257 256 256 256 256 256 256 256 256 256 256 256 256 256 256 256 256 256 256 256 256 256 256 256 256 256 256 256 256 256 256 256 256 256 256 256 255 255 255 255 255 255 255 255 255 255 255 255 255 255 255 255 255 255 255 255 255 255 255 255 255 255 255 255 255 254 254 254 254 254 254 254 253 253 253 253 253 253 253 253 253 253 253 253 253 253 252 253 253 253 254 254 254 254 253 253 253 253 253 253 253 253 253 253 254 253 253 253 253 253 253 253 253 253 253 253 253 253 253 253 253 253 253 252 251 251 251 250 251 250 250 249 249 250 250 250 250 250 250 250 250 250 250 250 250 249 249 250 249 249 249 249 249 249 249 249 249 248 248 248 248 248 248 248 248 248 248 248 248 247 247 247 247 247 247 247 246 246 246 246 246 246 246 246 246 246 246 246 257 257 257 257 257 257 257 257 257 257 257 257 257 257 257 257 257 257 257 257 257 257 257 257 257 257 257 257 257 257 257 257 257 257 257 257 257 257 257 257 257 257 257 257 257 257 257 257 257 256 257 257 257 257 257 257 257 257 256 257 257 257 256 257 257 256 256 256 257 257 257 256 256 256 256 257 257 256 256 256 256 256 256 256 256 256 256 257 257 256 256 256 256 256 256 256 256 256 256 256 256 256 256 256 256 256 256 256 256 256 256 256 256 256 256 256 256 256 256 256 256 256 256 256 256 256 256 256 256 256 256 256 256 256 256 256 256 256 256 256 256 256 256 256 256 256 256 256 256 256 256 256 256 256 256 256 255 256 256 256 256 256 256 256 256 255 255 255 255 255 255 255 255 255 255 255 255 255 255 255 255 255 255 255 255 255 255 255 255 255 255 255 255 255 255 255 255 255 255 257 257 257 257 257 257 257 257 257 257 257 257 257 257 257 256 256 256 256 256 256 256 256 256 256 256 256 256 256 256 256 256 256 256 256 256 256 256 256 256 256 256 256 256 256 256 256 256 256 256 255 255 255 255 255 255 255 255 255 255 255 255 255 255 255 255 255 255 255 255 255 255 255 255 255 255 255 255 255 255 254 254 254 254 254 254 253 253 253 253 253 253 253 253 253 253 253 253 253 252 253 253 253 253 253 253 253 253 253 253 253 253 253 253 253 253 253 253 254 253 253 253 253 253 253 253 253 253 253 253 253 253 253 253 253 252 253 253 252 251 251 251 250 250 251 250 249 249 249 249 250 250 250 250 250 250 250 250 250 250 250 249 249 250 249 249 249 249 249 249 249 249 249 249 248 248 248 248 248 248 248 248 248 248 247 247 247 247 247 247 247 247 247 247 246 246 246 246 246 246 246 257 257 257 257 257 257 257 257 257 257 257 257 257 257 257 257 257 257 257 257 257 257 257 257 257 257 257 257 257 257 257 257 257 257 257 257 257 257 257 257 256 256 256 256 257 257 257 257 257 257 257 257 257 257 257 257 257 256 257 257 257 257 256 257 257 257 257 257 257 257 257 257 256 256 256 257 256 256 256 256 256 256 256 256 256 256 256 256 256 256 256 256 256 256 256 256 256 256 256 256 256 256 256 256 256 256 256 256 256 256 256 256 256 256 256 256 256 256 256 256 256 256 256 256 256 256 256 256 256 256 256 256 256 256 256 256 256 256 256 256 256 256 256 255 256 256 256 256 255 256 256 256 255 256 255 255 256 256 256 256 256 256 256 256 256 255 255 255 255 255 255 255 255 255 255 255 255 255 255 255 255 255 255 255 255 255 255 255 255 255 255 255 255 255 255 255 255 255 255 257 256 256 256 257 257 257 256 256 256 256 257 256 256 256 256 256 256 256 256 256 256 256 256 256 256 256 256 256 256 256 256 256 256 256 256 256 256 256 256 256 256 256 256 256 256 256 256 256 256 255 255 255 255 255 255 255 255 255 255 255 255 255 255 255 255 255 255 255 255 255 255 255 255 255 255 255 255 254 255 255 254 254 254 254 254 254 254 253 253 253 253 253 253 253 253 253 253 253 252 252 253 253 254 253 253 253 253 253 253 253 253 253 253 253 253 253 254 253 253 253 253 252 252 252 253 253 253 253 253 253 253 253 253 252 252 252 252 252 252 252 251 251 251 251 251 251 251 249 249 250 250 250 250 250 250 250 251 250 250 250 250 250 249 249 249 249 249 249 249 249 249 249 249 249 248 248 248 248 248 248 248 248 248 248 248 248 248 248 247 247 247 247 247 247 246 246 246 246 257 257 257 257 257 257 257 257 257 257 257 257 257 257 257 257 257 257 257 257 257 257 257 257 257 257 257 257 257 257 257 257 257 257 257 257 257 257 257 257 257 257 257 257 257 257 256 257 257 257 257 257 257 257 257 256 257 257 257 257 257 257 257 257 257 257 257 257 257 257 257 257 256 256 256 256 256 256 256 256 256 256 256 256 256 256 256 256 256 256 256 256 256 256 256 256 256 256 256 256 256 256 256 256 256 256 256 256 256 256 256 256 256 256 256 256 256 256 256 256 256 256 256 256 256 256 256 256 256 256 256 256 256 256 256 256 256 256 256 256 256 256 256 256 256 256 256 256 255 255 255 255 255 256 255 255 255 256 256 256 256 256 255 256 256 256 256 256 256 256 255 255 255 255 255 255 255 255 255 255 255 255 255 255 255 255 255 255 255 255 255 255 255 255 255 255 255 255 255 255 255 255 255 255 255 257 257 257 257 257 257 256 256 256 256 256 256 256 256 256 256 256 256 256 256 256 256 256 256 256 256 256 256 256 256 256 256 256 256 256 256 256 256 256 256 256 256 256 256 256 255 256 256 256 256 255 255 255 255 255 255 255 255 255 255 255 255 255 255 255 255 255 255 255 254 255 254 254 254 255 255 254 254 254 255 254 254 254 254 254 254 254 254 254 254 253 253 253 253 253 253 252 252 252 252 253 253 253 253 253 253 253 253 253 254 254 253 253 253 253 253 253 253 253 253 253 253 252 253 253 253 253 253 253 253 253 253 253 253 252 252 252 251 252 252 252 251 251 251 251 251 251 251 250 249 250 249 249 250 250 250 250 250 250 250 250 250 250 250 250 249 249 249 249 249 249 249 249 249 249 249 248 248 248 248 248 248 248 248 248 248 248 248 248 248 248 246 246 246 246 257 257 257 257 256 257 257 257 257 257 257 257 257 257 257 257 257 257 257 257 257 257 257 257 257 257 257 257 257 257 257 257 257 257 257 257 257 257 257 257 256 257 257 257 256 256 256 256 256 256 257 256 257 257 257 257 256 257 257 257 257 257 257 257 257 257 257 257 257 257 256 257 257 257 256 256 256 256 256 256 256 256 256 256 256 256 256 256 256 256 256 256 256 256 256 256 256 256 256 256 256 256 256 256 256 256 256 256 256 256 256 256 256 256 256 256 256 256 256 256 256 256 256 256 256 256 256 256 256 256 256 256 256 256 256 256 256 256 256 256 256 256 256 256 256 256 256 255 255 255 255 256 255 256 255 255 255 256 256 256 256 256 255 255 255 255 255 255 255 255 255 255 255 255 255 255 255 255 255 255 255 255 255 255 255 255 255 255 255 255 255 255 255 255 255 255 255 255 255 255 255 255 255 255 255 257 257 257 257 257 256 256 256 257 257 256 256 256 256 256 256 256 256 256 256 256 256 256 256 256 256 256 256 256 256 256 256 256 256 256 256 256 256 256 256 256 256 256 256 256 255 256 256 256 256 255 255 255 255 255 255 255 255 255 255 255 255 255 255 255 254 254 254 254 254 254 254 254 254 255 255 255 254 254 254 254 254 255 254 254 254 254 254 254 254 253 253 253 253 253 253 252 253 253 253 254 254 253 253 253 253 253 253 253 253 254 253 253 253 253 253 253 253 253 253 253 253 253 253 253 253 253 253 253 253 253 253 253 253 252 252 252 252 252 251 251 251 252 252 251 251 250 250 250 249 249 249 250 249 250 250 250 250 250 250 250 250 250 250 250 250 249 249 249 249 249 249 249 249 249 249 249 249 249 248 248 248 248 248 248 248 248 248 248 248 248 248 257 257 257 257 257 257 257 256 256 257 257 257 257 257 257 257 257 257 257 257 257 257 257 257 257 257 257 257 257 257 256 256 256 256 256 256 256 257 257 257 256 257 257 256 256 257 256 256 256 256 256 257 257 257 256 256 256 256 256 256 256 257 257 256 257 256 256 256 256 256 256 256 256 256 256 256 256 256 256 256 256 256 256 256 256 256 256 256 256 256 256 256 256 256 256 256 256 256 256 256 256 256 256 256 256 256 256 256 256 256 256 256 256 256 256 256 256 256 256 256 256 256 256 256 256 256 256 256 256 256 256 256 256 256 256 256 256 256 256 256 256 256 256 256 256 255 255 255 255 255 256 256 256 256 256 255 255 255 256 255 255 255 255 255 255 255 255 255 255 255 255 255 255 255 255 255 255 255 255 255 255 255 255 255 255 255 254 255 255 255 255 255 255 255 255 255 255 255 255 255 255 255 255 255 255 257 257 257 256 256 256 257 257 257 257 256 256 256 256 256 256 256 256 256 256 256 256 256 256 256 256 256 256 256 256 256 256 256 256 256 256 256 256 256 256 256 256 256 256 256 255 255 256 256 256 255 255 255 255 255 255 255 255 255 255 255 255 255 255 255 255 255 255 254 254 254 254 254 254 254 255 254 254 254 254 254 254 254 254 254 254 254 254 254 254 254 254 254 253 253 252 253 253 253 254 254 253 253 253 253 254 253 253 253 253 254 253 253 253 253 253 253 253 253 253 253 254 253 254 254 253 253 253 253 253 253 253 253 252 252 252 252 252 252 252 252 252 252 252 251 252 251 250 250 249 249 250 250 250 250 251 251 251 250 250 250 250 250 250 250 250 249 249 249 249 249 249 248 248 249 249 249 249 248 248 248 248 248 248 248 248 248 248 248 248 248 248 256 256 257 257 257 257 257 256 256 256 257 257 257 257 257 257 257 257 257 257 257 257 257 257 257 257 257 257 257 257 257 257 256 256 256 256 256 256 256 256 256 256 256 256 256 256 256 256 256 256 256 256 256 256 256 256 256 256 256 256 256 256 256 256 256 256 256 256 256 256 256 256 256 256 256 256 256 256 256 256 256 256 256 256 256 256 256 256 256 256 256 256 256 256 256 256 256 256 256 256 256 256 256 256 256 256 256 256 256 256 256 256 256 256 256 256 256 256 256 256 256 256 256 256 256 256 256 256 256 256 256 256 256 256 256 256 256 256 256 256 256 256 256 256 255 255 256 256 256 256 256 255 256 255 256 256 256 256 256 256 256 255 255 255 255 255 255 255 255 255 255 255 255 255 255 255 255 255 255 254 255 255 255 255 255 255 254 254 254 255 255 255 255 255 255 255 255 255 255 255 255 255 255 255 255 257 257 256 257 256 257 257 257 257 256 256 256 256 256 256 256 256 256 256 256 256 256 256 256 256 256 256 256 256 256 256 256 256 256 256 256 256 256 256 256 256 256 256 256 256 255 256 256 256 256 255 255 255 255 255 255 255 255 255 255 255 255 255 255 255 255 255 255 255 255 255 255 254 254 254 254 254 254 254 254 254 254 254 254 254 254 254 254 254 254 254 254 254 253 253 253 253 254 253 253 253 253 253 253 253 254 254 253 253 254 254 253 253 253 253 253 253 253 253 253 253 253 253 253 253 253 253 253 253 253 253 253 253 252 252 252 252 252 252 252 252 252 252 251 251 252 251 250 250 250 250 249 249 249 249 250 250 250 251 251 251 250 250 250 250 250 250 250 250 249 249 249 249 249 249 249 249 248 248 249 249 248 248 248 248 248 248 248 248 248 248 248 248 248 248 256 256 257 257 258 258 257 257 256 257 257 257 257 257 257 257 257 257 257 257 257 257 257 257 257 257 257 257 256 257 257 256 256 256 256 256 256 256 256 256 256 256 256 256 256 256 256 257 257 257 257 256 256 256 256 256 256 256 256 256 256 256 256 256 256 256 256 256 256 256 256 256 256 256 256 256 256 256 256 256 256 256 256 256 256 256 256 256 256 256 256 256 256 256 256 256 256 256 256 256 256 256 256 256 256 256 256 256 256 256 256 256 256 256 256 256 256 256 256 256 256 256 256 256 256 256 256 256 256 256 256 256 256 256 256 256 256 256 256 256 256 256 255 255 256 256 255 255 255 255 255 255 255 255 256 256 256 255 255 256 256 255 255 255 255 255 255 255 255 255 255 255 255 255 254 254 255 255 254 255 255 255 254 255 255 254 254 255 255 255 255 255 255 255 255 255 255 255 255 255 255 255 255 255 257 257 257 257 257 257 257 256 256 256 256 256 256 256 256 256 256 256 256 256 256 256 256 256 256 256 256 256 256 256 256 256 256 256 256 256 256 256 256 256 256 256 256 256 256 255 256 256 256 256 255 255 255 255 255 255 255 255 255 255 255 255 255 255 255 255 255 255 255 255 255 255 254 254 254 254 254 254 254 254 254 254 254 254 254 254 254 254 254 254 254 254 253 253 253 253 253 253 253 253 253 253 253 253 253 254 254 253 254 254 253 253 253 253 253 253 253 253 253 253 253 253 253 254 253 253 253 253 253 253 253 253 253 252 252 252 253 252 252 252 252 252 251 252 252 252 252 251 251 250 250 250 250 249 249 249 250 250 250 250 251 251 251 251 251 251 250 250 250 250 250 250 250 250 250 250 249 249 249 249 248 248 248 248 248 248 248 248 248 248 248 248 248 248 248 248 248 256 256 256 257 257 257 258 258 257 257 257 257 256 257 257 257 257 257 257 257 257 257 257 257 257 257 256 256 256 256 256 256 257 256 256 256 256 256 256 256 256 256 256 256 256 256 256 256 256 257 257 257 256 256 256 256 256 256 256 256 256 256 256 256 256 256 256 256 256 256 256 256 256 256 256 256 256 256 256 256 256 256 256 256 256 255 256 256 256 256 256 256 256 256 256 256 256 256 256 256 256 256 256 256 256 256 256 256 256 256 256 256 256 256 256 256 256 256 256 256 256 256 256 256 256 256 256 256 256 256 256 255 255 255 255 256 256 256 256 255 255 255 255 255 255 255 255 255 255 255 255 255 255 255 255 255 255 255 255 256 255 255 255 255 256 255 255 255 255 255 255 255 255 255 255 254 255 255 254 254 254 255 254 254 254 255 255 255 255 255 255 255 255 255 255 255 255 255 255 255 255 255 255 255 257 257 257 257 256 256 256 256 256 256 256 256 256 256 256 256 256 256 256 256 256 256 256 256 256 256 256 256 256 256 256 256 256 256 256 256 256 256 256 256 256 256 256 256 256 255 256 256 256 256 255 255 255 255 255 255 255 255 255 255 255 255 255 255 255 255 255 255 255 255 255 255 255 254 254 254 254 254 255 254 254 254 254 254 254 254 254 254 254 254 254 254 253 253 253 253 253 253 253 253 253 253 253 253 254 254 253 253 254 253 253 253 253 253 253 253 253 253 253 252 253 253 253 253 253 253 253 253 253 253 253 253 253 253 253 253 253 253 253 252 252 252 252 252 252 252 252 251 251 251 250 250 250 250 249 249 249 250 250 250 250 251 251 251 251 251 251 251 251 250 250 250 250 250 250 250 250 250 249 249 249 249 249 249 249 248 248 248 248 248 248 248 248 248 248 248 256 256 256 256 257 257 257 257 257 257 256 256 257 257 257 257 257 256 257 257 257 257 257 257 257 257 256 256 256 256 257 256 256 256 256 256 256 256 256 256 256 256 256 256 256 256 256 256 256 256 256 257 256 256 256 256 256 256 256 256 256 256 256 256 256 256 256 256 255 255 255 255 255 255 256 255 255 256 256 256 256 255 255 255 256 256 256 256 256 256 256 256 256 256 256 256 256 256 256 256 256 256 256 256 256 256 256 256 256 256 256 256 256 256 256 256 256 256 256 256 256 256 256 256 256 256 256 256 256 256 255 255 255 255 255 256 255 255 255 255 255 255 255 255 255 255 255 255 255 255 255 255 255 255 255 255 255 255 255 255 255 255 256 255 255 255 255 255 255 255 255 255 255 255 255 255 254 254 254 255 255 255 254 255 255 255 255 255 255 255 255 255 255 255 255 255 255 255 255 255 255 255 255 257 257 257 257 257 256 256 256 256 256 256 256 256 256 256 256 256 256 256 256 256 256 256 256 256 256 256 256 256 256 256 256 256 256 256 256 256 256 256 256 256 256 256 256 256 255 256 256 256 256 255 255 255 255 255 255 255 255 255 255 255 255 255 255 255 255 255 255 255 255 255 255 255 254 254 254 254 254 254 254 254 254 254 254 255 254 254 254 254 254 254 253 253 253 253 253 254 253 253 253 253 253 253 253 254 253 253 254 253 253 253 253 253 253 253 253 253 253 254 253 253 253 253 253 253 253 253 253 253 253 253 253 253 253 253 253 253 253 253 253 252 252 252 252 252 251 251 251 251 251 250 250 250 250 250 250 249 249 249 250 249 249 250 250 250 250 250 251 251 251 251 251 251 251 251 251 251 250 250 250 250 250 250 250 250 250 249 249 249 249 249 248 248 248 248 256 256 256 256 256 256 257 257 257 257 257 257 257 257 257 257 256 256 256 256 257 257 257 257 257 257 257 256 256 256 257 256 257 256 256 256 256 256 256 256 256 256 256 256 256 256 256 256 256 256 256 256 256 256 256 256 256 256 256 256 256 256 256 256 256 256 256 256 256 255 255 255 255 255 255 255 255 255 255 255 255 255 255 256 256 256 256 256 256 256 256 256 256 256 256 256 256 256 256 256 256 256 256 256 256 256 256 256 256 256 256 256 256 255 256 256 256 256 256 256 256 256 256 256 255 256 256 256 256 255 255 255 255 255 255 255 255 255 255 255 255 255 255 255 255 255 255 255 255 255 255 255 255 255 255 255 255 255 255 255 255 255 255 255 255 255 255 255 255 255 256 255 255 255 255 255 255 255 255 255 255 254 254 254 255 254 255 255 255 255 255 255 255 255 255 255 255 255 255 255 255 255 255 257 257 257 257 257 256 256 256 257 256 256 256 256 256 256 256 256 256 256 256 256 256 256 256 256 256 256 256 256 256 256 256 256 256 256 256 256 256 256 256 256 256 256 256 256 255 255 256 256 256 255 255 255 255 255 255 255 255 255 255 255 255 255 255 255 255 255 255 255 255 255 255 255 254 254 254 254 254 254 254 254 254 254 254 254 254 254 254 254 254 254 254 253 254 253 254 253 253 253 253 253 253 253 253 253 253 254 253 253 253 253 253 253 253 253 253 253 253 253 253 252 253 253 253 253 254 253 253 253 253 253 253 253 253 253 253 253 253 253 253 253 253 252 252 251 252 252 251 251 251 250 250 250 250 250 250 250 250 250 250 250 249 250 249 250 250 250 251 251 251 251 250 251 251 251 251 251 250 250 250 250 250 250 250 250 250 250 249 249 249 249 249 248 248 248 256 256 256 256 256 256 256 256 256 257 257 257 257 257 257 257 257 256 256 256 257 256 257 257 257 257 257 257 256 256 256 257 257 257 256 256 256 256 256 256 256 256 256 256 256 256 256 256 256 256 256 256 256 256 256 256 256 256 256 256 256 256 256 256 256 256 256 256 256 256 256 256 255 255 255 255 255 255 255 255 255 255 256 256 256 256 256 256 256 256 256 256 256 256 256 256 256 256 256 256 256 256 256 256 256 256 256 256 256 256 255 255 255 256 256 256 256 256 256 256 256 256 255 255 255 256 256 256 256 255 255 255 255 255 255 255 255 255 255 255 255 255 255 255 255 255 255 255 255 255 255 255 255 255 255 255 255 255 255 255 255 255 255 255 255 255 255 255 255 255 255 255 255 255 255 255 255 255 255 255 255 255 254 254 254 254 255 255 255 255 255 255 255 255 255 255 255 255 255 255 255 255 255 256 257 257 257 256 256 256 256 257 257 257 256 256 256 256 256 256 256 256 256 256 256 256 256 256 256 256 256 256 256 256 256 256 256 256 256 256 256 256 256 256 256 256 256 256 255 255 256 256 256 255 255 255 255 255 255 255 255 255 255 255 255 255 255 255 255 255 255 255 255 255 255 255 255 254 255 254 254 254 254 254 254 254 254 254 254 254 254 254 254 254 254 254 254 254 253 253 253 253 253 253 253 253 253 253 253 253 253 253 253 253 253 253 253 254 253 253 254 254 253 253 252 252 253 253 253 253 253 253 253 253 254 253 253 253 253 253 253 253 253 253 253 253 252 252 252 251 251 251 251 250 250 250 250 250 250 250 250 250 250 249 250 250 250 250 250 250 251 251 251 251 250 250 250 250 251 250 250 250 250 250 250 250 250 250 250 250 249 249 249 249 249 249 248 248 249 256 256 256 256 256 256 256 256 256 256 256 257 257 256 257 257 257 257 257 256 257 257 257 257 257 257 257 257 256 257 257 257 257 257 256 256 256 256 256 256 256 256 256 256 256 256 256 256 256 256 256 256 256 256 256 256 256 256 256 256 256 256 256 256 256 256 256 256 256 256 256 256 256 256 256 256 256 256 255 256 256 256 256 256 256 256 256 256 256 256 256 256 256 256 256 256 256 256 256 256 256 256 256 256 256 256 256 256 255 255 256 256 256 256 256 256 256 256 256 256 255 255 255 255 256 256 256 256 255 255 255 255 255 255 255 255 255 255 255 255 255 255 255 255 255 255 255 255 255 255 255 255 255 255 255 255 255 255 255 255 255 255 255 255 255 255 255 255 255 255 255 255 255 255 255 255 254 254 255 255 255 255 255 254 254 254 254 254 255 255 255 255 255 255 255 255 255 255 254 254 255 255 255 256 256 256 257 257 256 256 256 256 256 256 256 256 256 256 256 256 256 256 256 256 256 256 256 256 256 256 256 256 256 256 256 256 256 256 256 256 256 256 256 256 256 256 256 256 255 255 255 256 256 255 255 255 255 255 255 255 255 255 255 255 255 255 255 255 255 255 255 255 255 255 255 255 255 255 254 254 254 254 254 254 254 254 254 254 254 254 254 254 254 254 254 254 254 254 253 253 253 253 253 253 254 253 253 253 253 253 253 253 253 254 253 253 253 253 254 254 253 254 254 253 252 252 252 253 253 253 253 253 253 253 254 253 253 253 253 253 253 253 253 253 253 253 252 252 251 251 251 251 251 251 251 251 250 250 250 250 250 250 250 249 250 250 250 250 250 251 251 251 251 251 250 250 250 250 250 250 250 250 250 250 250 250 250 249 250 250 250 249 249 249 249 249 248 248 248 256 256 256 256 256 256 256 256 256 257 257 257 257 257 257 257 257 257 257 257 256 257 257 257 257 257 256 256 256 257 256 256 256 256 256 256 256 256 256 256 256 256 256 256 256 256 256 256 256 256 256 256 256 256 256 256 256 256 256 256 256 256 256 256 256 256 256 256 256 256 256 256 256 256 256 256 256 256 256 256 256 256 256 256 256 256 256 256 256 256 256 256 256 256 256 256 256 256 256 256 256 256 256 256 256 255 255 255 256 256 256 256 256 256 256 256 256 255 255 255 255 255 256 256 256 256 256 255 255 255 255 255 255 255 255 255 255 255 255 255 254 254 255 255 255 255 255 255 255 255 255 255 255 255 255 255 255 255 255 255 255 255 255 255 255 255 255 255 255 255 255 255 255 255 255 255 255 255 255 255 255 255 255 254 254 254 254 254 254 255 255 255 255 255 255 255 255 255 255 255 254 254 256 256 256 257 257 256 256 256 256 256 256 256 256 256 256 256 256 256 256 256 256 256 256 256 256 256 256 256 256 256 256 256 256 256 256 256 256 256 256 256 256 256 256 256 256 255 256 255 256 256 255 255 255 255 255 255 255 255 255 255 255 255 255 255 255 255 255 255 255 255 255 255 255 255 254 254 254 254 254 254 254 254 254 254 254 254 254 254 254 254 254 254 254 254 254 253 254 254 254 253 254 254 254 253 253 254 253 253 253 253 254 253 253 253 253 253 253 253 254 254 253 252 252 253 253 253 253 253 253 254 254 254 253 253 253 253 253 253 253 253 253 253 253 252 252 252 252 251 251 252 251 251 251 251 251 250 250 250 250 250 250 250 250 250 250 251 251 251 251 251 251 250 250 250 250 250 250 250 250 250 250 250 250 250 249 250 250 250 249 249 249 249 249 248 248 248 248 256 256 256 256 256 256 256 256 256 256 256 256 257 257 257 257 257 257 257 256 256 257 257 257 257 257 256 256 257 257 256 256 256 256 256 256 256 256 256 256 256 256 256 256 256 256 256 256 256 256 256 256 256 256 256 256 256 256 255 255 255 256 256 256 256 256 256 256 256 256 256 256 256 256 256 256 256 256 256 256 256 256 256 256 256 256 256 256 256 256 256 255 256 256 255 255 256 256 256 256 256 256 256 255 255 255 256 256 256 256 256 256 256 256 255 255 255 255 255 255 255 255 255 256 255 255 255 255 255 255 255 255 255 255 255 255 255 255 255 255 254 255 255 255 255 255 255 255 255 255 255 255 255 255 255 255 255 255 255 255 255 255 255 255 255 255 255 255 255 255 255 254 255 255 255 255 255 255 255 255 255 255 255 255 254 254 254 254 255 255 255 255 255 255 255 255 255 255 255 255 255 254 256 256 256 256 256 256 256 256 256 256 256 256 256 256 256 256 256 256 256 256 256 256 256 256 256 256 256 256 256 256 256 256 256 256 256 256 256 256 256 256 256 256 256 256 256 255 256 256 256 256 255 255 255 255 255 255 255 255 255 255 255 255 255 255 255 254 255 255 255 255 255 255 255 255 254 254 254 254 254 254 254 254 254 254 254 254 254 254 254 254 254 254 255 254 254 254 254 254 254 254 254 254 254 254 253 254 253 253 253 253 254 254 253 253 253 253 253 253 253 254 254 253 252 252 253 253 253 253 253 253 253 253 253 253 253 254 253 253 253 252 253 253 253 253 253 252 252 252 252 252 251 251 251 251 251 251 250 250 250 250 250 250 250 250 251 251 251 251 251 251 251 251 250 250 250 250 250 250 250 250 250 250 250 250 249 249 249 249 249 249 249 250 249 249 249 248 249 248 256 256 256 256 256 256 256 256 256 256 257 256 256 256 257 257 257 257 257 256 256 257 257 257 257 256 256 256 256 257 256 256 256 256 256 256 256 256 256 256 256 256 256 256 256 256 256 256 256 256 256 256 256 256 256 256 256 256 255 255 255 255 256 256 256 256 256 256 256 256 256 256 256 256 256 256 256 256 256 256 256 256 255 256 256 256 256 256 256 256 255 256 256 256 255 255 255 255 255 255 255 255 255 255 256 256 256 256 256 256 255 255 255 255 255 255 255 255 255 255 255 255 255 255 255 255 255 255 255 255 255 255 255 255 255 255 255 255 255 255 255 255 255 255 255 255 255 255 255 255 255 255 255 255 255 255 255 255 255 255 255 255 255 255 255 255 255 255 255 255 255 254 255 255 255 255 255 255 255 255 255 255 255 255 255 254 254 254 254 254 255 254 254 255 255 255 255 255 255 255 255 254 256 256 256 256 256 256 256 256 256 256 256 256 256 256 256 256 256 256 256 256 256 256 256 256 256 256 256 256 256 256 256 256 256 256 256 256 256 256 256 256 256 256 256 256 256 255 256 256 256 256 255 255 255 255 255 255 255 255 255 255 255 255 255 255 254 254 255 255 254 255 255 255 255 255 255 254 254 254 254 254 254 254 254 254 254 254 254 254 254 254 254 254 254 254 254 254 254 254 254 254 254 254 254 254 254 254 253 253 253 254 254 254 254 253 253 254 254 253 253 253 254 253 252 252 252 253 253 253 253 253 253 253 252 253 253 253 253 253 253 253 253 253 253 253 253 253 252 252 252 252 251 251 251 251 251 251 251 250 250 250 250 250 250 250 251 251 251 251 251 251 251 251 251 250 250 250 250 250 250 250 250 250 250 250 250 249 249 249 249 250 250 249 249 249 249 249 249 249 249 256 256 256 256 256 256 256 256 256 256 256 256 256 256 256 257 257 257 256 256 256 256 257 257 257 256 256 256 256 256 256 256 256 256 256 256 256 256 256 256 256 256 256 256 256 256 256 256 256 256 256 256 256 256 256 256 256 256 256 256 255 255 255 255 256 256 256 256 256 256 256 256 256 256 256 256 256 256 256 256 256 256 256 255 255 255 255 255 255 255 255 255 256 256 256 256 256 255 255 255 255 255 255 255 255 255 256 256 255 255 255 255 255 255 255 255 255 255 255 255 255 255 255 255 255 255 255 255 255 255 255 255 255 255 255 255 255 255 255 255 255 255 255 255 255 255 255 255 255 255 255 255 255 255 255 255 255 255 255 255 255 255 255 255 255 255 255 255 255 255 255 255 254 255 255 255 255 255 255 255 255 255 255 255 255 255 254 254 254 254 254 254 254 254 254 254 254 255 254 255 255 255 255 256 256 256 256 256 256 256 256 256 256 256 256 256 256 256 256 256 256 256 256 256 256 256 256 256 256 256 256 256 256 256 256 256 256 256 256 256 256 256 256 256 256 256 256 255 255 255 256 256 256 255 255 255 255 255 255 255 255 255 255 255 255 254 255 255 254 254 255 254 255 254 255 255 255 255 254 254 254 254 254 254 254 254 254 254 254 254 254 254 254 254 255 255 254 254 254 254 254 254 254 254 254 254 254 254 254 253 253 254 253 254 254 254 253 253 253 254 253 253 253 253 253 252 252 252 252 253 253 253 253 253 252 252 253 253 253 253 253 252 253 253 253 253 253 253 253 253 253 253 252 251 251 251 251 251 251 251 251 250 250 250 250 250 250 250 250 251 251 251 251 251 251 251 251 250 250 250 250 250 250 250 250 250 250 249 249 250 249 250 250 249 249 249 249 248 249 249 249 249 249 256 256 256 255 256 256 256 256 256 256 256 256 256 256 256 256 257 257 257 257 257 257 257 256 257 257 257 257 257 257 256 256 256 256 256 256 256 256 256 256 256 256 256 256 256 256 256 256 256 256 256 255 255 256 256 256 256 256 256 256 256 256 256 256 256 256 256 256 256 256 256 256 256 256 256 256 256 256 256 256 256 256 256 256 255 255 255 255 255 255 255 255 255 255 255 255 255 255 255 255 255 255 255 255 255 255 255 255 255 255 255 255 255 255 255 255 255 255 255 255 255 255 255 255 255 255 255 255 255 255 255 255 255 255 255 255 255 255 255 255 255 255 255 255 255 255 255 255 255 255 254 254 255 255 255 255 255 254 254 254 254 255 255 255 255 255 255 255 255 255 255 255 255 254 255 255 255 255 255 255 255 255 255 255 255 255 255 255 255 255 254 254 254 254 254 254 254 254 254 254 254 254 254 254 254 256 256 256 256 256 256 256 256 256 256 256 256 256 256 256 256 256 256 256 256 256 256 256 256 256 256 256 256 256 256 256 256 256 256 256 256 256 256 256 256 256 256 256 256 256 255 256 256 256 256 255 255 255 255 255 255 255 255 255 255 255 255 254 254 255 255 254 254 254 255 254 254 254 255 254 254 254 254 254 254 254 254 254 254 254 254 254 254 254 254 254 255 254 254 254 254 254 254 254 254 254 254 254 254 254 254 254 253 253 253 253 254 254 254 253 253 253 254 253 254 254 254 253 253 253 252 252 253 253 253 253 252 253 253 253 253 253 253 253 253 253 253 253 253 253 253 253 253 253 252 251 251 251 251 251 251 251 251 250 250 250 250 251 250 250 251 251 251 251 251 251 251 251 251 251 251 250 250 250 250 250 250 250 250 249 249 250 250 249 249 249 249 249 249 249 249 249 249 249 249 256 256 256 255 255 255 256 256 255 256 256 256 256 256 256 256 256 256 257 257 257 257 257 257 257 256 256 256 257 257 256 256 256 256 256 256 256 256 256 256 255 256 256 256 255 256 256 256 256 256 256 256 256 255 255 255 255 256 256 256 256 256 256 256 256 256 256 256 256 256 256 256 256 256 256 256 256 256 256 256 256 256 256 256 256 255 255 255 255 255 255 255 255 255 255 255 255 255 255 255 255 255 255 255 255 255 255 255 255 255 255 255 255 255 255 255 255 255 255 255 255 255 255 255 255 255 255 255 255 255 255 255 255 255 255 255 255 255 255 255 255 255 255 255 255 255 255 255 255 254 254 254 254 254 255 255 255 255 255 255 255 255 254 255 255 254 255 255 255 255 255 255 255 255 255 255 255 255 255 255 255 255 254 255 255 255 255 255 255 255 255 255 255 254 254 254 254 254 254 254 254 254 254 254 254 254 254 256 256 256 256 256 256 256 256 256 256 256 256 256 256 256 256 256 256 256 256 256 256 256 256 256 256 256 256 256 256 256 256 256 256 256 256 256 256 256 256 256 256 256 256 256 255 256 256 256 255 255 255 255 255 255 255 255 255 255 255 255 255 255 254 254 255 255 255 254 254 254 254 254 254 254 254 254 254 254 254 254 254 254 254 254 254 254 254 254 254 254 254 254 254 254 254 254 254 254 254 254 254 254 253 254 254 254 253 253 253 253 253 254 254 253 254 253 253 254 254 254 254 253 253 253 253 252 253 253 253 253 253 253 253 253 253 253 253 253 253 253 253 253 253 253 253 252 252 252 253 252 251 251 251 251 251 251 251 250 250 250 250 250 250 250 251 251 251 251 251 251 251 251 251 251 251 251 251 251 250 250 250 250 250 250 250 250 250 249 249 249 249 249 249 249 249 249 249 249 249 256 256 256 256 256 256 255 256 256 255 256 256 256 256 256 256 256 257 257 257 257 257 256 257 257 256 256 256 256 256 257 257 256 256 256 256 256 256 255 256 256 256 256 256 256 255 256 256 256 256 256 256 256 256 255 255 255 255 256 255 256 255 256 256 256 256 256 256 256 256 256 256 256 256 256 256 256 256 256 256 256 256 255 255 255 255 255 255 255 255 255 255 255 255 255 255 255 255 255 255 255 255 255 255 255 255 255 255 255 255 255 255 255 255 255 255 255 255 255 255 255 255 255 255 255 255 255 255 255 255 255 255 255 255 255 255 255 255 255 255 255 255 255 255 255 255 255 255 255 255 255 255 255 254 254 255 255 255 255 255 255 255 255 255 255 254 254 255 255 255 255 254 255 255 255 255 255 255 255 255 255 255 255 255 255 255 255 255 255 255 255 254 254 254 254 254 254 254 254 254 254 254 254 254 254 254 254 256 256 256 256 256 256 256 256 256 256 256 256 256 256 256 256 256 256 256 256 256 256 256 256 256 256 256 256 256 256 256 256 256 256 256 256 256 256 256 256 256 256 256 256 256 255 255 256 255 256 255 255 255 255 255 255 255 255 255 255 255 255 255 254 254 254 254 255 255 254 254 254 254 254 254 255 254 254 254 254 254 254 254 254 254 254 254 254 254 254 254 254 254 254 254 254 254 254 254 254 254 254 254 253 253 254 253 254 254 254 253 253 253 254 253 254 254 253 254 254 254 253 254 253 253 253 252 253 253 253 253 253 253 253 254 253 253 253 253 253 253 253 253 253 253 253 252 252 252 253 252 252 251 251 251 251 251 251 251 250 250 250 250 251 251 251 251 251 251 251 251 251 251 251 251 251 250 250 250 250 250 250 250 250 250 250 250 250 250 249 250 250 250 249 249 249 249 249 249 249 249 256 256 256 256 256 256 256 256 256 255 256 256 256 256 256 256 257 257 257 257 257 256 256 256 256 256 256 256 256 256 256 256 256 256 256 256 256 255 256 256 256 256 256 256 256 256 255 256 256 256 256 256 255 255 255 255 255 255 255 255 255 255 255 256 256 256 256 256 256 256 256 256 256 256 256 256 256 256 256 256 256 256 256 256 256 256 256 255 255 255 255 255 255 255 255 255 255 255 255 255 255 255 255 255 255 255 255 255 255 255 255 255 255 255 255 255 255 255 255 255 255 255 255 255 255 255 255 255 255 255 255 255 255 255 255 255 255 255 255 255 255 255 255 255 255 255 255 255 255 255 255 255 255 255 254 254 254 255 254 255 255 255 255 255 254 254 254 254 255 255 254 254 255 255 255 255 255 255 255 255 255 255 255 255 255 254 254 254 254 255 255 254 254 254 254 254 254 254 254 254 254 254 254 254 254 254 254 256 256 256 256 256 256 256 256 256 256 256 256 256 256 256 256 256 256 256 256 256 256 256 256 256 256 256 256 256 256 256 256 256 256 256 256 256 256 256 256 256 256 256 256 256 255 255 256 256 255 255 255 255 255 255 255 255 255 255 255 255 255 255 255 255 254 254 254 255 254 254 254 255 255 255 255 255 255 255 255 254 254 254 254 254 254 254 254 254 254 254 254 254 254 254 254 254 254 253 253 254 254 254 253 253 254 254 254 254 254 253 253 253 254 254 254 254 253 254 254 254 254 254 254 254 253 253 252 253 253 253 253 253 253 253 254 253 253 252 253 253 253 253 252 252 252 252 252 252 252 252 252 252 251 251 251 251 251 251 250 250 250 250 250 250 250 251 251 251 251 251 251 251 251 250 250 250 250 250 250 250 250 250 250 250 250 250 250 249 250 250 250 250 249 249 249 249 249 249 249 249 255 255 255 256 256 256 256 256 256 256 256 256 256 256 256 256 256 257 257 257 257 256 256 256 256 256 256 256 256 256 256 256 256 256 256 256 256 256 256 256 256 256 256 256 256 256 256 255 256 256 256 256 256 255 256 255 255 255 255 255 255 255 255 255 255 255 255 256 255 256 256 256 256 256 256 256 256 256 256 256 256 256 256 256 256 256 256 256 255 255 255 256 256 256 256 256 256 256 256 256 255 255 255 255 255 255 255 255 256 256 255 256 256 255 255 255 255 255 255 255 255 255 255 255 255 255 255 255 255 255 255 255 255 255 255 255 255 255 255 255 255 255 255 255 255 255 255 255 255 255 255 255 255 255 255 254 255 254 255 255 255 255 255 255 255 255 255 254 254 255 254 254 254 254 254 255 255 255 255 254 254 254 254 254 254 254 254 254 254 255 255 255 254 254 254 254 255 254 254 254 254 254 254 254 254 254 254 254 256 256 256 256 256 256 256 256 256 256 256 256 256 256 256 256 256 256 256 256 256 256 256 256 256 256 256 256 256 256 256 256 256 256 256 256 256 256 256 256 256 256 256 256 256 255 255 256 255 256 255 255 255 255 255 255 255 255 255 255 255 255 255 255 255 254 254 254 254 254 254 254 254 255 255 255 255 254 254 254 254 254 254 254 254 254 254 254 254 254 254 255 254 254 254 254 254 254 253 253 254 254 254 254 253 254 254 254 254 253 253 253 253 254 254 254 254 254 254 254 254 254 254 254 253 254 253 253 253 253 253 253 253 253 253 253 253 253 253 253 253 253 253 252 252 252 252 252 253 252 252 252 252 252 251 251 251 251 251 251 250 250 250 250 250 251 251 251 251 251 251 251 251 251 251 251 251 251 251 250 251 250 250 250 250 250 250 250 250 250 250 250 250 249 249 249 249 249 249 249 249 255 255 256 256 256 257 256 256 256 256 257 256 256 256 256 256 256 257 257 256 256 256 256 256 256 256 256 256 255 255 255 256 256 256 256 256 256 256 256 256 256 256 256 256 256 256 256 256 256 255 255 255 255 255 255 255 255 255 255 255 255 255 255 255 255 255 255 255 255 255 256 256 256 256 256 256 256 256 256 256 256 256 256 256 256 256 256 255 255 256 256 255 255 255 255 255 255 255 255 255 255 255 255 255 255 255 256 255 255 255 256 255 255 255 255 255 255 255 255 255 255 255 255 255 255 255 255 255 255 255 255 255 255 255 255 255 255 255 255 255 255 255 255 255 255 255 255 255 255 255 255 255 255 255 254 255 255 255 254 254 255 255 255 255 255 255 255 255 255 255 254 254 254 254 254 254 254 254 254 254 254 254 254 254 254 254 254 254 255 255 254 254 255 255 255 255 254 254 254 254 254 254 254 254 254 254 256 256 256 256 256 256 256 256 256 256 256 256 256 256 256 256 256 256 256 256 256 256 256 256 256 256 256 256 256 256 256 256 256 256 256 256 256 256 256 256 256 256 256 256 256 255 255 255 255 256 255 255 255 255 255 255 255 255 255 255 255 255 255 255 255 255 254 254 254 254 254 254 254 254 254 254 254 254 254 254 254 254 254 254 254 255 255 254 254 254 254 254 255 255 255 255 255 254 253 253 254 254 254 254 254 254 254 254 254 253 253 253 253 253 254 254 254 254 254 254 254 253 253 253 253 253 253 253 253 253 253 253 253 253 253 253 253 253 253 253 252 253 253 252 252 252 253 252 253 253 252 252 252 252 252 252 251 251 251 250 250 250 250 250 250 250 251 251 251 251 251 251 251 251 251 251 251 251 251 251 251 250 250 250 250 250 250 250 250 250 250 249 249 249 249 249 249 249 249 249 249 249 255 255 255 256 255 256 256 256 256 256 256 256 256 256 256 256 256 256 256 257 257 257 256 256 255 255 256 256 256 255 255 255 256 256 256 256 256 256 256 256 256 256 256 256 256 256 256 256 256 255 255 255 255 255 255 255 255 255 255 255 255 255 255 255 255 255 255 255 255 255 255 255 255 256 256 256 256 256 255 256 256 256 256 256 256 256 256 256 255 255 255 255 255 255 255 255 255 255 255 255 255 255 255 255 255 255 255 256 255 255 255 255 255 255 255 255 255 255 255 255 255 255 255 255 255 255 255 255 255 255 255 255 255 255 255 255 255 255 255 255 255 255 255 255 255 255 255 255 255 255 255 255 254 255 254 254 254 255 254 254 254 254 255 255 255 255 255 255 255 255 255 255 254 254 254 254 254 254 254 254 254 254 254 254 254 254 254 254 254 255 254 254 255 255 255 255 254 254 254 254 254 254 254 254 254 254 254 256 256 256 256 256 256 256 256 256 256 256 256 256 256 256 256 256 256 256 256 256 256 256 256 256 256 256 256 256 256 256 256 256 256 256 256 256 256 256 256 256 256 256 256 256 255 255 255 255 256 255 255 255 255 255 255 255 255 255 255 255 255 255 255 255 255 255 254 254 254 254 254 254 254 254 254 254 254 254 254 254 254 254 254 254 254 254 255 255 255 254 254 254 254 254 255 255 254 254 253 254 255 255 254 254 254 255 254 254 254 253 254 254 253 253 253 254 254 254 254 254 253 253 253 253 254 254 254 253 253 254 253 253 253 253 253 253 253 253 253 253 252 252 252 252 252 252 252 252 253 252 251 252 252 252 252 251 251 251 251 250 250 250 250 251 251 251 251 251 252 251 251 251 251 251 251 251 251 251 251 251 250 250 250 250 250 250 250 250 250 250 250 250 250 250 249 249 249 249 249 249 249 255 255 255 255 256 256 255 255 255 255 256 256 256 256 256 256 256 256 256 257 257 257 256 256 256 256 256 256 255 256 255 255 255 256 256 256 256 256 256 256 256 256 255 256 256 256 256 255 255 255 255 255 255 255 255 255 255 255 255 255 255 255 255 255 255 255 255 255 255 255 255 255 255 255 255 255 255 255 255 255 255 255 255 256 255 256 256 255 255 255 255 255 255 255 255 255 255 255 255 255 255 255 255 255 255 255 255 255 255 255 255 255 255 255 255 255 255 255 255 255 255 255 255 255 255 255 255 255 255 255 255 255 255 255 255 255 255 255 255 255 255 255 255 255 255 255 255 255 255 255 255 254 254 254 254 254 254 254 254 254 254 254 254 254 254 254 254 254 255 255 255 254 254 254 254 254 254 254 254 254 254 254 254 254 254 254 254 254 255 254 255 255 254 254 254 254 254 254 254 254 254 254 254 254 254 254 256 256 256 256 256 256 256 256 256 256 256 256 256 256 256 256 256 256 256 256 256 256 256 256 256 256 256 256 256 256 256 256 256 256 256 256 256 256 256 256 256 256 256 256 256 255 255 255 255 256 255 255 255 255 255 255 255 255 255 255 255 255 255 255 255 255 255 255 254 254 254 254 254 254 254 254 254 254 254 254 254 254 254 254 255 254 254 255 255 255 254 254 254 254 254 254 254 254 254 254 254 255 255 255 255 255 255 254 254 254 254 254 254 254 254 253 253 253 254 254 253 253 253 253 253 254 253 253 253 253 254 253 253 253 254 254 254 254 253 253 253 252 252 252 252 252 252 252 252 252 252 251 252 252 252 252 251 251 251 251 250 250 250 250 251 251 251 251 251 251 251 251 251 251 251 251 251 251 251 250 250 250 250 250 250 250 250 250 250 250 250 250 250 250 250 249 249 249 249 249 249 249 249 255 255 256 255 255 255 255 256 256 256 256 256 256 256 256 256 256 256 256 257 256 256 256 256 257 256 256 257 256 256 255 255 255 256 256 256 256 256 256 256 256 256 255 256 255 255 255 255 255 255 255 255 255 255 255 255 255 255 255 255 255 255 255 255 255 255 255 255 255 256 255 256 256 255 255 255 255 255 255 255 255 255 255 255 255 255 255 255 255 255 255 255 255 255 255 255 255 255 255 255 255 255 255 255 255 255 255 255 255 255 255 255 255 254 255 255 255 255 255 255 255 255 255 255 255 255 255 255 255 255 255 255 255 255 255 255 255 255 255 255 255 255 255 255 255 255 255 255 255 255 255 255 254 254 254 254 254 254 254 254 254 254 254 254 254 254 254 254 254 255 254 254 254 254 254 254 254 254 254 254 254 254 254 254 254 254 254 254 255 255 254 254 254 254 254 254 254 254 254 254 254 254 254 254 256 256 256 256 256 256 256 256 256 256 256 256 256 256 256 256 256 256 256 256 256 256 256 256 256 256 256 256 256 256 256 256 256 256 256 256 256 256 256 256 256 256 256 256 256 255 255 255 256 256 255 255 255 255 255 255 255 255 255 255 255 255 255 255 255 255 255 254 254 254 254 254 254 254 254 255 255 254 254 254 254 254 254 254 255 255 254 254 255 255 254 254 254 254 254 254 254 254 254 255 255 255 255 255 255 255 255 255 255 254 254 254 254 254 254 254 253 254 254 254 253 253 253 254 253 253 253 253 254 254 254 253 253 254 253 254 254 254 253 253 254 253 253 252 252 252 252 252 252 252 252 251 252 252 251 252 251 251 251 251 250 250 251 250 251 251 251 251 251 251 251 251 251 251 251 251 251 251 251 251 251 250 250 250 250 250 250 250 250 250 250 250 250 250 250 250 249 249 249 249 249 249 249 249 255 255 256 255 255 255 255 255 255 256 256 257 256 256 256 255 255 256 257 257 256 256 256 256 256 256 256 257 257 256 256 256 255 256 256 256 256 256 256 256 256 255 255 256 255 255 255 255 255 255 256 256 255 255 255 255 255 255 255 255 255 255 255 255 255 255 255 255 255 255 255 255 255 255 255 255 255 255 255 255 255 255 255 255 255 255 255 255 255 255 255 255 255 255 255 255 255 255 255 255 255 255 255 255 255 255 255 255 255 255 255 255 255 255 255 255 255 255 255 255 255 255 255 255 255 255 255 255 255 254 255 255 255 255 255 255 255 255 255 255 255 255 255 255 255 255 255 255 255 255 255 255 255 254 254 254 254 254 254 254 254 254 254 254 254 254 254 254 254 254 254 255 255 255 254 254 254 254 254 254 254 254 254 254 254 254 254 254 254 254 254 254 254 254 254 254 254 254 254 254 254 254 254 254 256 256 256 256 256 256 256 256 256 256 256 256 256 256 256 256 256 256 256 256 256 256 256 256 256 256 256 256 256 256 256 256 256 256 256 256 256 256 256 256 256 256 256 256 256 255 255 255 256 256 255 255 255 255 255 255 255 255 255 255 255 255 255 255 255 255 255 254 254 255 255 254 254 254 254 255 254 254 254 254 254 254 254 254 254 254 255 255 255 254 254 254 255 255 255 254 254 254 254 255 255 255 255 255 255 255 254 254 255 255 255 255 254 254 254 254 254 254 255 254 254 254 254 254 254 254 253 253 254 254 254 253 253 254 254 254 254 254 254 254 254 254 253 252 252 252 252 252 252 252 251 251 252 252 251 251 251 251 251 251 250 251 251 250 250 251 251 251 251 251 251 251 251 251 251 251 251 251 251 251 251 250 250 250 250 250 250 250 250 250 250 250 250 250 250 250 249 249 249 249 249 249 249 249 249 255 255 255 255 255 255 256 256 255 255 256 256 256 255 255 255 255 256 256 256 256 256 256 256 255 256 256 256 256 257 257 256 255 256 256 256 256 255 255 255 255 255 255 255 255 255 255 255 255 255 256 255 255 255 255 255 255 255 255 255 255 255 255 255 255 255 255 255 255 255 255 255 255 255 255 255 255 255 255 255 255 255 255 255 255 255 255 255 255 255 255 255 255 255 255 255 255 255 255 255 255 255 255 255 255 255 255 255 255 255 255 255 254 255 255 255 255 255 255 255 255 255 255 255 255 255 255 255 255 255 255 255 255 255 255 255 255 255 255 255 255 255 255 255 255 255 255 255 255 255 255 255 255 255 255 255 255 254 254 254 255 255 255 254 254 254 254 254 254 254 254 254 254 254 255 254 255 254 254 254 254 254 254 254 254 254 254 254 254 254 254 254 254 254 254 254 254 254 254 254 254 254 254 254 256 256 256 256 256 256 256 256 256 256 256 256 256 256 256 256 256 256 256 256 256 256 256 256 256 256 256 256 256 256 256 256 256 256 256 256 256 256 256 256 256 256 256 256 256 255 255 255 255 256 255 255 255 255 255 255 255 254 255 255 255 255 255 255 255 255 254 254 255 255 255 254 254 254 254 254 254 254 254 254 254 254 254 254 254 254 255 255 255 254 254 254 254 254 254 254 254 254 254 255 254 254 255 255 255 255 255 254 254 255 255 255 255 255 255 255 254 254 255 255 254 254 254 254 254 254 254 253 254 254 254 254 253 254 254 254 254 254 254 254 254 254 253 253 253 253 252 252 252 252 251 251 251 252 252 252 251 251 251 251 251 251 251 251 251 251 251 251 251 251 251 251 251 251 251 251 251 251 251 251 251 250 250 250 250 250 250 250 250 250 250 250 250 250 250 250 249 249 249 249 249 249 249 249 249 249 254 255 256 256 256 256 256 256 256 256 256 256 255 255 255 256 256 256 256 255 255 256 256 255 255 255 256 256 256 256 257 256 256 256 256 256 255 255 255 255 255 255 255 255 255 255 255 255 255 256 255 255 255 255 255 255 255 255 255 255 255 255 255 255 255 255 255 255 255 255 255 255 255 255 255 255 255 255 255 255 255 255 255 255 255 255 255 255 255 255 255 255 255 255 255 255 255 255 255 255 255 255 255 255 255 255 255 255 255 255 255 255 255 255 255 255 255 255 255 255 255 255 255 255 255 255 255 255 255 254 255 255 255 255 255 255 255 255 255 255 255 255 255 255 255 255 255 254 254 255 255 255 255 255 255 255 255 255 255 255 255 255 254 254 254 254 254 254 254 254 254 254 254 254 254 254 254 254 254 254 254 254 254 254 254 254 254 254 254 254 254 254 254 254 254 254 254 254 254 254 254 254 254 256 256 256 256 256 256 256 256 256 256 256 256 256 256 256 256 256 256 256 256 256 256 256 256 256 256 256 256 256 256 256 256 256 256 256 256 256 256 256 256 256 256 256 256 256 256 255 255 255 256 255 255 255 255 255 255 255 255 255 255 255 255 255 255 255 254 254 254 255 255 255 255 254 254 254 254 255 254 254 254 254 254 254 254 254 254 254 255 254 254 254 254 254 254 254 254 254 254 254 254 254 255 255 255 255 255 254 254 254 255 255 255 255 255 255 255 255 255 255 255 254 254 254 254 254 254 254 253 254 254 254 254 254 253 254 254 254 254 254 254 254 254 253 253 253 252 252 252 252 252 251 251 251 251 251 251 251 251 251 251 251 251 252 252 251 251 251 251 251 251 251 251 251 251 251 251 251 251 251 251 251 251 251 251 250 250 250 250 250 250 250 250 250 250 250 250 250 249 249 249 249 249 249 249 249 249 249 255 255 255 255 255 255 255 255 256 255 255 255 255 255 256 255 256 255 255 255 256 256 255 255 255 256 256 256 256 256 257 256 256 256 256 255 255 255 255 255 255 255 255 255 255 255 255 256 255 256 255 255 255 255 255 255 255 255 255 255 255 255 255 255 255 255 255 255 255 255 255 255 255 255 255 255 255 255 255 255 255 255 255 255 255 255 255 255 255 255 255 255 255 255 255 255 255 255 255 255 255 255 255 255 255 255 255 255 255 255 255 255 255 255 255 255 255 255 255 255 255 255 255 255 255 255 255 254 254 254 255 255 254 254 255 255 255 255 255 255 255 255 254 254 254 255 255 255 255 255 255 255 255 255 255 254 255 255 254 254 254 254 254 254 255 254 254 254 254 254 254 254 254 254 254 254 254 254 254 254 254 254 254 254 254 254 254 254 254 254 254 254 254 254 254 254 254 254 254 254 254 256 256 256 256 256 256 256 256 256 256 256 256 256 256 256 256 256 256 256 256 256 256 256 256 256 256 256 256 256 256 256 256 256 256 256 256 256 256 256 256 256 256 256 256 256 256 256 256 256 256 255 255 255 255 255 255 255 255 255 255 255 255 255 255 255 255 255 254 255 255 255 255 255 254 254 254 254 254 254 254 254 254 254 254 255 254 254 254 254 253 254 254 254 254 254 254 255 255 254 254 254 255 255 254 255 255 254 254 255 255 255 255 255 255 255 255 255 255 255 255 255 255 254 254 254 253 254 254 254 254 254 254 254 254 254 254 254 254 254 254 254 254 253 253 253 252 252 252 252 252 252 252 252 251 251 251 251 251 251 251 251 251 251 252 252 251 251 251 251 251 251 251 251 251 251 251 251 251 251 251 251 250 250 250 250 250 250 250 250 250 251 250 250 250 250 250 250 249 249 249 249 249 249 249 249 249 249 249 254 255 255 255 255 254 254 255 255 255 255 255 255 256 256 255 256 255 255 255 256 256 255 255 255 256 256 256 256 256 257 256 256 256 256 256 255 255 255 255 255 255 255 255 255 255 255 255 255 255 256 255 255 255 255 255 255 255 255 255 255 255 255 255 255 255 255 255 255 255 255 255 255 255 255 255 255 255 255 255 255 255 255 255 255 255 255 255 255 255 255 255 255 255 255 255 255 255 255 255 255 255 255 254 255 255 255 255 255 255 255 255 255 255 255 255 255 255 255 255 255 255 255 255 255 255 255 255 254 254 254 255 255 255 254 254 254 254 254 254 254 254 254 255 255 255 255 255 255 255 255 255 255 255 255 254 254 254 254 254 254 254 254 255 255 255 254 254 254 254 254 254 254 254 254 254 254 254 254 254 254 254 254 254 254 254 254 254 254 254 254 254 254 254 254 254 254 254 254 254 254 256 256 256 256 256 256 256 256 256 256 256 256 256 256 256 256 256 256 256 256 256 256 256 256 256 256 256 256 256 256 256 256 256 256 256 256 256 256 256 256 256 256 256 256 256 256 255 256 256 255 255 255 255 255 255 255 255 255 255 255 255 255 255 255 255 254 254 254 255 255 255 255 255 254 254 254 255 254 254 254 254 254 254 255 255 254 254 254 253 253 254 254 253 254 254 254 255 255 254 254 254 254 255 254 254 254 254 255 255 255 255 255 254 255 254 255 254 255 254 254 255 255 254 254 254 254 254 254 254 254 254 254 254 254 254 254 254 254 254 254 254 254 254 253 253 253 252 252 252 252 252 252 252 251 251 251 251 252 252 251 251 251 252 252 252 251 251 251 251 251 251 251 251 251 251 251 251 251 251 251 250 250 250 250 250 250 250 250 251 251 251 250 250 250 250 250 250 250 249 249 249 249 249 249 249 249 249 249 249 249 249 249 254 254 254 254 254 255 255 255 256 256 255 255 255 255 255 255 255 256 256 255 255 255 256 255 256 256 255 256 256 256 256 256 256 256 256 256 255 255 255 255 255 255 255 255 255 255 256 256 255 255 255 255 255 255 255 255 255 255 255 255 255 255 255 255 255 255 255 255 255 255 255 255 255 255 255 255 255 255 255 255 255 255 255 255 255 255 255 255 255 255 255 255 255 255 255 255 255 254 254 254 254 254 255 255 255 255 255 255 255 255 255 254 255 255 255 255 255 255 255 255 255 255 255 255 255 255 254 254 254 254 255 255 255 255 255 254 254 254 254 254 254 254 255 255 255 255 255 255 255 255 255 254 254 254 254 254 254 254 254 254 255 255 255 254 254 254 254 254 254 254 254 254 254 254 254 254 254 254 254 254 254 254 254 254 254 254 254 254 254 254 254 254 254 254 254 254 254 254 256 256 256 256 256 256 256 256 256 256 256 256 256 256 256 256 256 256 256 256 256 256 256 256 256 256 256 256 256 256 256 256 256 256 256 256 256 256 256 256 256 256 256 256 256 256 255 255 255 255 255 255 255 255 255 255 255 255 255 255 255 255 255 255 255 254 254 255 255 255 255 255 255 255 254 254 254 254 254 254 254 254 254 255 255 254 253 254 253 254 254 254 253 254 254 254 255 255 254 254 254 254 254 254 254 254 254 255 254 254 255 255 254 255 254 254 254 254 254 254 255 255 255 254 254 254 254 255 255 254 254 254 254 254 254 254 254 254 254 254 254 255 254 254 254 253 252 252 252 253 252 252 252 251 252 252 251 251 252 252 251 251 252 252 252 252 251 251 251 251 251 251 251 251 251 251 251 251 251 251 251 250 250 250 250 250 250 251 251 251 250 250 250 250 250 250 250 250 250 249 249 249 249 249 249 249 249 249 249 249 249 249 249 249 249 249 249 249 249 249 254 254 255 254 255 255 255 254 254 254 254 255 255 255 255 254 255 256 256 255 255 255 256 255 255 255 256 256 256 256 256 256 255 255 255 255 255 255 255 255 255 255 255 255 255 255 255 255 255 255 255 255 255 255 255 255 255 255 255 255 255 255 255 255 255 255 255 255 255 255 255 255 255 255 255 255 255 255 255 254 254 254 254 255 255 255 255 255 255 255 254 254 254 255 255 255 255 255 255 254 254 255 254 255 255 255 254 254 254 254 255 255 255 255 255 255 255 255 255 255 255 255 254 254 254 254 254 254 254 254 255 255 255 254 254 254 255 255 255 255 255 255 255 255 255 255 254 254 254 254 254 254 254 254 254 254 254 255 255 255 255 254 254 254 254 254 254 254 254 254 254 254 254 254 254 254 254 254 254 254 254 254 254 254 254 254 254 254 254 254 254 254 254 254 256 256 256 256 256 256 256 256 256 256 256 256 256 256 256 256 256 256 256 256 256 256 256 256 256 256 256 256 256 256 256 256 256 256 256 256 256 256 256 256 256 256 256 256 256 256 255 255 255 256 255 255 255 255 255 255 255 255 255 255 255 255 255 255 255 254 254 255 255 255 255 255 255 255 255 254 254 254 254 254 254 253 253 254 254 254 254 254 253 254 254 254 254 254 254 254 254 254 254 254 254 254 255 255 254 254 254 255 254 254 254 254 254 254 254 254 254 254 254 254 255 255 255 255 255 254 254 254 254 254 254 254 254 254 254 254 254 254 254 254 254 254 254 254 254 253 252 252 252 252 252 252 252 252 252 252 252 251 251 252 252 252 251 252 252 252 251 251 251 251 251 251 251 252 252 251 251 251 251 251 251 251 251 251 251 251 251 251 251 251 250 250 250 250 250 250 250 249 249 249 249 249 249 249 249 249 249 249 249 249 249 249 249 249 249 249 249 249 249 249 249 254 254 254 254 254 254 254 254 254 255 254 255 255 256 255 255 256 255 255 255 255 255 255 256 256 256 256 256 256 256 255 255 255 255 255 255 255 255 255 255 255 255 255 255 255 255 255 255 255 255 255 255 255 255 255 255 255 255 255 255 255 255 255 255 255 255 254 254 255 255 254 254 254 254 254 254 254 254 254 254 254 255 255 254 254 254 255 255 255 255 255 255 255 255 254 254 254 255 254 255 255 255 254 254 254 254 255 255 255 255 255 255 255 255 254 254 254 254 254 254 254 254 254 254 254 254 255 254 254 254 255 255 255 255 254 254 254 254 254 254 254 254 254 254 254 254 254 254 255 255 255 255 255 255 255 255 255 255 254 254 254 254 254 254 254 254 254 254 254 254 254 254 254 254 254 254 254 254 254 254 254 254 254 254 254 254 254 254 254 256 256 256 256 256 256 256 256 256 256 256 256 256 256 256 256 256 256 256 256 256 256 256 256 256 256 256 256 256 256 256 256 256 256 256 256 256 256 256 256 256 256 256 256 256 255 255 256 255 255 255 255 255 255 255 255 255 255 255 255 255 255 255 255 255 255 255 255 255 255 255 255 255 255 254 254 254 254 254 254 254 254 254 254 253 253 254 254 253 254 254 254 253 254 254 254 254 254 254 254 254 254 255 255 254 254 254 255 254 254 254 254 254 254 254 254 254 255 254 254 254 254 255 255 255 255 254 254 255 254 254 254 254 254 254 254 254 254 254 254 254 254 254 254 254 253 252 252 252 253 252 252 252 252 252 252 252 252 251 251 252 252 252 252 252 251 251 251 251 251 251 251 251 252 252 252 251 251 251 251 251 251 251 251 251 251 251 251 251 251 250 250 250 250 250 249 250 250 250 249 249 249 249 249 249 249 249 249 249 249 249 249 249 249 249 249 249 249 249 249 249 249 254 254 254 254 254 254 255 255 255 255 255 255 255 254 255 255 255 256 256 255 256 256 255 256 255 255 256 256 256 256 255 255 255 255 255 255 255 255 255 255 255 255 255 255 255 255 255 255 255 255 255 255 255 255 255 255 255 255 255 255 254 254 254 254 254 254 254 254 254 254 254 254 254 254 254 254 254 254 254 255 255 255 255 255 255 254 254 254 254 254 254 254 254 254 255 255 254 254 254 254 254 255 255 255 255 255 255 255 254 255 254 255 254 254 254 254 254 254 254 254 254 254 254 254 255 255 254 254 254 254 254 254 254 254 254 254 254 254 254 254 254 254 254 255 255 255 255 255 255 255 255 255 255 255 255 254 254 254 254 254 254 254 254 254 254 254 254 254 254 254 254 254 254 254 254 254 254 254 254 254 254 254 254 256 256 256 256 256 256 256 256 256 256 256 256 256 256 256 256 256 256 256 256 256 256 256 256 256 256 256 256 256 256 256 256 256 256 256 256 256 256 256 256 256 256 256 256 256 255 256 256 256 256 255 255 255 255 255 255 255 255 255 255 255 255 255 255 255 255 255 255 255 255 255 255 255 254 254 254 254 254 254 254 254 255 255 254 253 253 253 253 253 254 254 254 253 254 254 254 254 254 254 254 254 255 254 255 254 254 254 255 254 254 255 254 254 254 254 254 255 254 254 254 255 255 255 255 255 255 255 254 255 255 254 254 254 254 254 254 254 254 254 254 254 254 254 254 254 253 252 252 252 253 252 252 252 252 252 252 252 252 252 252 252 252 252 252 252 252 251 251 251 251 251 251 251 252 251 251 251 251 251 251 251 251 251 251 251 251 251 251 251 251 250 250 250 250 250 250 250 250 250 250 249 249 249 249 249 249 249 249 249 249 249 249 249 249 249 249 249 249 249 249 249 249 254 254 254 254 255 255 255 255 255 254 255 255 256 256 256 255 255 254 255 255 255 254 255 255 256 256 257 257 257 256 255 255 255 255 255 255 255 255 255 255 255 255 255 254 255 255 255 255 255 255 255 255 255 254 254 255 254 254 254 255 254 254 254 254 254 254 254 254 254 254 254 254 254 254 254 254 254 254 254 254 254 255 255 255 255 255 255 254 254 254 254 254 254 255 255 254 254 254 254 254 254 255 255 255 255 255 254 255 255 254 254 254 254 254 254 254 254 254 254 254 255 254 254 255 255 254 254 254 254 254 254 254 254 254 255 254 254 254 254 254 254 254 254 254 254 255 255 255 255 255 255 255 255 254 254 254 254 254 254 254 254 254 254 254 254 254 254 254 254 254 254 254 254 254 254 254 254 254 254 254 254 256 256 256 256 256 256 256 256 256 256 256 256 256 256 256 256 256 256 256 256 256 256 256 256 256 256 256 256 256 256 256 256 256 256 256 256 256 256 256 256 256 256 256 256 256 255 255 256 256 256 255 255 255 255 255 255 255 255 255 255 255 255 255 255 255 255 255 255 255 255 255 255 254 254 254 254 254 254 254 254 254 255 255 254 254 253 253 253 254 254 254 254 253 253 253 254 254 255 254 254 254 255 254 255 254 254 255 255 254 255 255 254 254 254 254 254 255 254 254 255 255 255 255 255 255 254 255 255 255 255 255 255 254 254 254 254 254 255 254 254 254 254 254 254 253 253 252 253 253 253 252 252 252 252 252 252 252 252 252 252 252 252 252 252 253 252 252 251 251 251 251 251 252 252 252 252 251 251 251 251 251 251 251 251 251 251 251 251 251 251 250 250 250 250 250 250 250 250 250 250 249 249 249 249 249 250 250 250 249 249 249 249 249 249 249 249 249 249 249 249 249 249 254 255 255 255 255 255 254 255 255 255 256 256 256 256 255 254 254 254 255 255 255 254 255 255 256 255 256 257 256 255 255 255 255 256 256 255 255 255 255 254 254 254 255 255 255 255 255 255 255 255 254 255 255 255 255 255 255 255 255 255 255 254 254 254 254 254 254 254 254 254 254 254 254 254 255 254 254 254 254 255 255 255 254 254 254 254 254 254 254 254 254 254 254 254 254 254 254 254 255 255 255 255 255 254 255 255 255 254 254 254 254 254 254 254 254 254 254 254 254 254 254 254 255 254 254 254 254 254 254 254 254 254 254 254 254 254 254 254 254 254 254 254 254 254 255 255 255 255 255 255 254 254 254 254 254 255 254 254 254 254 254 254 254 254 254 254 254 254 254 254 254 254 254 254 254 254 254 254 254 256 256 256 256 256 256 256 256 256 256 256 255 256 256 256 256 256 256 256 256 256 256 256 256 256 256 256 256 256 256 256 256 256 256 256 256 256 256 256 256 256 256 256 256 256 256 255 255 255 256 255 255 255 255 255 255 255 255 255 255 255 255 255 255 255 255 255 255 255 255 254 254 254 254 254 254 254 255 255 254 254 254 254 254 254 254 254 254 254 254 254 253 253 253 253 254 254 254 254 254 255 255 254 254 254 255 255 254 254 255 255 254 254 254 254 254 254 254 254 254 254 255 255 255 255 255 255 255 255 255 255 255 254 254 254 254 254 254 254 254 254 254 254 254 254 253 253 253 253 253 252 252 253 253 252 252 252 252 252 252 252 252 252 252 252 253 252 251 251 251 251 251 251 251 252 252 251 251 251 251 251 251 251 251 251 251 251 251 251 251 251 250 250 250 250 250 250 250 250 250 249 249 249 249 250 250 250 250 250 249 249 249 249 249 249 249 249 249 249 249 249 249 254 254 254 254 254 255 255 255 255 255 255 255 255 255 254 254 255 255 256 255 255 255 255 255 255 255 256 256 256 256 256 256 256 256 256 255 255 254 254 255 255 255 255 255 255 255 255 254 254 255 255 255 255 255 255 255 255 255 255 255 255 254 254 254 254 254 254 254 254 254 255 254 255 255 255 254 254 254 254 254 254 254 254 254 254 254 254 254 254 254 254 254 254 254 254 254 254 254 254 255 255 254 255 254 254 254 254 254 254 254 254 254 254 255 255 254 254 254 254 254 254 254 254 254 254 254 254 254 254 254 254 254 254 254 254 254 254 254 254 254 254 254 254 255 255 255 255 255 255 254 254 254 254 254 254 254 254 254 254 254 254 254 254 254 254 254 254 254 254 254 254 254 254 254 254 254 254 254 256 256 256 256 256 256 256 256 256 256 256 255 255 256 256 256 256 256 256 256 256 256 256 256 256 256 256 256 256 256 256 256 256 256 256 256 256 256 256 256 256 256 256 256 256 256 256 255 255 255 255 255 255 255 255 255 255 255 255 255 255 255 255 255 255 255 255 255 254 254 254 254 254 255 255 255 254 255 255 255 254 254 254 254 254 254 254 254 254 253 253 253 254 254 254 254 254 254 254 254 254 254 254 254 255 255 254 254 255 255 254 254 254 254 254 254 254 254 254 254 254 254 254 255 255 255 255 255 255 255 255 255 254 254 254 254 254 254 254 254 254 254 254 254 254 253 253 253 253 253 252 252 253 253 253 252 252 252 252 252 252 252 252 252 252 253 252 251 251 251 251 251 251 251 251 251 251 251 251 251 251 251 251 251 251 251 251 251 251 251 251 251 250 250 250 250 250 250 250 249 249 249 249 250 250 250 250 250 250 249 249 249 249 249 249 249 249 249 249 249 249 254 255 255 255 255 255 255 255 255 255 255 254 255 255 255 255 255 255 255 256 256 256 256 256 255 255 255 256 256 256 256 256 256 256 256 255 255 255 255 255 255 255 255 255 255 255 255 255 255 255 255 255 255 255 255 255 255 255 255 255 255 254 254 254 254 254 254 254 254 254 254 254 254 254 254 254 254 254 254 254 254 254 254 254 254 254 254 254 254 254 254 254 254 254 254 254 254 254 254 254 254 254 254 254 254 254 254 254 254 254 254 254 254 254 254 254 254 254 254 254 254 254 254 254 254 254 254 255 254 254 254 254 254 254 254 254 254 254 254 254 254 254 254 255 255 255 255 254 254 255 255 254 255 255 254 254 254 254 254 254 254 254 254 254 254 254 254 254 254 254 254 254 254 254 254 254 254 254 256 256 256 256 256 256 256 256 256 256 256 255 255 255 255 256 256 256 256 256 256 256 256 256 256 256 256 256 256 256 256 256 256 256 256 256 256 256 256 256 256 256 256 256 256 256 256 256 256 255 255 255 255 255 255 255 255 255 255 255 255 255 255 255 255 255 255 255 255 254 254 255 255 255 255 255 255 255 255 255 255 255 254 254 254 254 254 254 254 253 253 254 253 254 254 254 254 254 254 254 254 254 254 254 254 254 254 254 254 254 254 254 254 255 254 254 254 254 254 254 254 254 254 255 255 255 255 255 255 255 254 254 254 254 254 254 254 254 254 254 254 254 254 254 254 253 253 253 253 253 252 253 253 253 252 252 252 252 252 252 252 252 252 252 252 252 253 252 252 252 252 251 251 251 251 251 252 252 251 251 251 251 251 251 251 251 251 251 251 251 251 251 250 250 250 250 250 250 250 249 249 249 249 250 250 250 250 250 249 249 249 249 249 249 249 249 249 249 249 249 249 254 254 255 255 255 255 255 254 254 254 254 254 255 255 255 255 255 256 255 255 255 256 256 256 256 255 255 255 255 255 256 255 256 255 255 255 255 255 255 255 255 255 255 255 254 254 254 254 255 255 255 255 255 255 255 255 255 255 255 255 254 254 254 255 255 254 254 254 254 254 254 255 254 254 254 254 254 254 254 254 254 254 254 254 254 254 254 254 254 254 254 254 254 254 254 254 254 254 254 254 254 254 254 254 254 254 254 254 254 254 254 254 254 254 254 254 254 254 254 254 254 255 254 254 254 254 254 254 254 255 254 254 254 254 254 254 254 254 254 255 254 254 255 254 255 255 255 255 254 255 254 255 255 255 255 254 254 254 254 254 254 254 254 254 254 254 254 254 254 254 254 254 254 254 254 254 254 254 254 256 256 256 256 256 256 256 256 256 256 256 256 256 256 256 256 256 256 256 256 256 256 256 256 256 256 256 256 256 256 256 256 256 256 256 256 256 256 256 256 256 256 256 256 256 256 256 256 256 255 255 255 255 255 255 255 255 255 255 255 255 255 255 255 255 255 255 255 255 255 255 255 255 255 255 255 255 255 255 255 255 255 255 255 254 254 254 254 254 254 253 253 253 253 254 254 254 254 254 254 254 254 254 254 254 254 254 254 254 254 254 254 255 254 254 254 254 254 254 254 254 254 254 255 255 255 255 255 255 255 254 254 254 254 254 255 255 255 254 254 254 254 254 254 254 253 253 252 252 253 252 253 253 252 252 252 252 252 252 252 252 252 252 252 252 253 253 252 252 252 252 251 251 251 251 251 252 252 251 251 251 251 251 251 251 251 251 251 251 251 251 251 251 250 251 250 250 250 250 250 249 249 249 250 250 250 250 250 250 250 250 250 250 249 249 249 249 249 249 249 249 255 255 255 255 254 254 254 254 254 255 255 255 255 255 255 255 255 255 255 255 255 255 256 256 255 255 255 255 255 255 255 255 256 257 256 255 255 255 256 255 255 254 254 254 254 254 255 255 255 255 255 255 255 255 255 255 255 255 254 254 254 254 255 254 254 254 254 254 254 255 255 254 255 255 255 254 254 254 254 254 254 254 254 255 255 255 255 254 254 255 255 254 254 254 254 254 254 254 254 254 254 254 254 254 254 254 254 254 254 254 254 254 254 254 254 254 254 254 254 254 254 254 254 255 255 254 254 254 254 254 254 254 254 254 254 254 254 255 254 254 254 254 254 254 255 255 254 255 254 255 255 255 254 254 254 254 254 254 254 254 254 254 254 254 254 254 254 254 254 254 254 254 254 254 254 254 254 256 256 256 256 256 256 256 256 256 256 256 256 256 256 256 256 256 256 256 256 256 256 256 256 256 256 256 256 256 256 256 256 256 256 256 256 256 256 256 256 256 256 256 256 256 256 256 256 256 255 255 255 255 255 255 255 255 255 255 255 255 255 255 255 255 255 255 255 255 255 255 255 254 255 255 255 255 255 255 255 255 255 255 255 254 254 254 254 254 254 253 253 253 253 253 254 254 254 254 254 255 255 254 254 254 254 254 254 254 254 254 254 254 254 254 254 254 254 254 254 254 254 255 255 255 255 255 255 255 255 255 255 254 254 254 254 255 255 255 254 254 254 254 254 254 254 253 253 252 252 252 252 253 252 252 252 252 252 252 252 252 252 252 252 252 253 253 252 252 251 252 252 251 251 251 251 251 252 252 251 251 251 251 251 251 251 251 251 251 251 251 251 251 251 251 251 250 250 250 250 249 249 249 250 250 250 250 250 250 250 250 250 250 249 249 249 249 249 249 249 254 255 254 254 254 254 254 255 255 255 255 255 255 255 255 255 255 255 255 254 254 255 256 256 256 256 255 255 255 255 255 255 256 256 257 256 255 255 255 255 255 255 255 255 255 254 255 255 255 255 255 255 255 255 255 255 255 254 254 254 254 254 255 254 254 254 254 254 254 254 254 254 255 255 255 255 255 254 254 254 254 255 255 254 255 255 255 255 254 255 254 254 254 254 254 254 254 254 254 254 254 254 254 254 254 254 254 254 254 254 254 254 254 254 254 254 254 254 254 254 254 254 254 255 254 254 254 254 254 254 254 255 254 254 254 255 255 255 254 255 255 255 255 255 254 254 254 255 255 254 254 255 254 254 254 254 254 254 254 254 254 254 254 254 254 254 254 254 254 254 254 254 254 254 254 254 254 256 256 256 256 256 256 256 256 256 256 256 256 256 256 256 256 256 256 256 256 256 256 256 256 256 256 256 256 256 256 256 255 256 256 256 256 256 256 256 256 256 256 256 256 256 255 255 255 255 255 255 255 255 255 255 255 255 255 255 255 255 255 255 255 255 255 255 255 255 255 255 255 255 255 255 255 255 255 255 255 255 255 255 255 255 254 254 254 254 254 253 253 253 253 253 254 254 255 255 254 255 255 255 255 254 254 254 254 254 254 254 254 254 254 254 254 254 254 254 254 254 254 255 255 254 254 254 254 254 255 255 255 255 255 254 254 254 255 255 254 254 254 254 254 254 255 254 253 252 252 252 252 252 252 252 252 252 252 252 252 252 252 252 252 252 252 253 253 252 252 252 252 251 251 251 251 251 252 252 252 252 251 251 251 251 251 251 251 251 251 251 251 251 251 251 250 250 250 250 250 250 249 249 249 250 250 250 250 250 250 250 250 250 249 249 249 249 249 255 255 254 254 255 255 255 254 254 255 255 255 255 255 256 255 255 255 255 254 254 255 256 257 257 257 256 255 255 255 256 256 256 256 256 255 255 255 254 254 254 255 255 255 255 255 255 255 255 255 255 255 255 255 255 255 255 254 254 254 254 254 254 254 254 255 255 254 254 254 254 254 254 255 255 255 255 255 255 255 254 255 254 254 255 255 255 254 254 254 254 254 254 254 254 254 254 254 254 254 254 254 254 254 254 254 254 254 254 254 254 254 254 254 254 254 254 254 254 255 255 254 254 255 255 254 254 254 254 254 254 255 255 254 254 254 255 255 255 255 255 254 254 254 254 254 254 254 254 254 254 254 254 254 254 254 254 254 254 254 254 254 254 254 254 254 254 254 254 254 254 254 254 254 254 254 254 256 256 256 256 256 256 256 256 256 256 256 256 256 256 256 256 256 256 256 256 256 256 256 256 256 256 256 256 256 256 256 256 256 256 256 256 256 256 256 256 256 256 255 255 255 255 255 255 255 255 255 255 255 255 255 255 255 255 255 255 255 255 255 255 255 255 255 255 255 255 255 255 255 255 255 255 255 255 255 255 255 255 255 255 255 254 254 255 254 254 253 253 253 254 254 254 255 255 255 255 255 255 255 255 255 255 254 254 254 254 254 254 254 254 254 254 254 254 254 254 254 255 254 254 254 254 254 254 254 254 254 254 255 255 255 254 255 255 254 254 254 254 254 254 254 254 255 254 253 252 252 252 252 252 252 252 252 252 252 252 252 252 252 252 252 252 252 253 253 252 252 252 252 252 252 252 252 252 252 252 252 251 251 251 251 251 251 251 251 251 251 251 250 250 250 250 250 250 250 250 250 250 249 249 249 249 250 250 250 250 250 250 250 250 250 250 249 254 254 254 254 254 254 254 255 255 255 255 255 255 255 255 254 255 255 256 255 255 255 255 256 256 257 257 256 255 255 255 255 256 256 256 256 255 255 255 255 254 255 256 255 255 255 255 255 255 255 255 255 255 255 255 255 254 254 254 254 254 254 254 255 255 255 255 254 254 254 254 254 254 254 254 254 254 254 254 254 254 254 255 255 255 254 254 254 254 254 254 254 254 254 254 254 254 254 254 254 254 253 253 253 254 254 254 254 255 254 254 254 254 254 254 254 254 254 254 254 254 254 254 254 254 255 254 255 254 255 254 254 255 254 254 255 255 255 254 254 254 254 254 254 254 254 254 254 254 254 254 254 254 254 254 254 254 254 254 254 254 254 254 254 254 254 254 254 254 254 254 254 254 254 254 254 254 256 256 256 256 256 256 256 256 256 256 256 256 256 256 256 256 256 256 256 256 256 256 256 256 256 256 256 256 256 256 256 256 256 256 256 256 256 256 256 256 255 256 256 256 255 256 256 255 255 255 255 255 255 255 255 255 255 255 255 255 255 255 255 255 255 255 255 255 255 255 255 255 255 255 255 255 255 255 255 255 255 255 255 255 254 254 254 255 255 254 254 253 253 253 254 254 255 255 255 255 255 255 255 255 255 255 255 254 254 254 254 254 254 254 254 254 254 254 254 254 254 254 254 255 255 254 254 254 254 254 254 254 255 255 255 254 254 255 254 254 254 254 254 254 254 254 254 255 254 253 252 252 252 252 252 253 253 252 252 252 252 252 252 252 252 252 252 252 252 252 252 252 252 251 252 252 252 252 252 252 252 251 251 251 251 251 251 251 251 251 251 250 250 250 250 250 250 250 250 250 250 249 249 249 249 249 249 249 249 250 250 250 250 250 250 250 250 254 254 254 254 254 255 255 255 255 254 254 254 255 255 256 256 256 256 256 256 255 255 256 257 257 256 256 255 255 255 256 256 257 257 256 256 255 255 254 255 256 256 255 255 255 255 255 255 255 255 255 255 255 254 254 254 254 254 254 254 254 255 255 255 255 255 255 254 254 254 254 254 255 254 255 254 255 254 255 255 255 254 254 254 254 254 254 255 255 255 255 255 254 254 253 253 253 253 253 253 253 253 253 254 254 254 254 254 254 254 254 254 254 254 254 254 254 254 254 254 254 254 254 254 254 254 254 254 254 254 254 254 255 255 255 254 254 254 254 254 254 254 254 254 254 254 254 254 254 254 254 254 254 254 254 254 254 254 254 254 254 254 254 254 254 254 254 254 254 254 254 254 254 254 256 256 256 256 256 256 256 256 256 256 256 256 256 256 256 256 256 256 256 256 256 256 256 256 256 256 256 256 256 256 256 256 256 256 256 256 256 256 256 256 256 256 256 256 256 256 256 256 255 255 255 255 255 255 255 255 255 255 255 255 255 255 255 255 255 255 255 255 255 255 255 254 254 255 255 255 255 255 255 255 255 255 255 255 254 254 254 254 254 254 254 253 253 253 254 254 255 255 255 255 255 255 255 255 255 255 255 254 254 254 254 254 255 254 254 254 254 254 255 255 255 255 255 255 255 255 254 254 255 255 255 255 255 255 255 254 254 254 254 254 254 254 254 254 254 254 254 253 254 254 253 252 253 253 253 253 253 252 252 252 252 252 252 252 252 252 252 252 252 252 253 252 252 252 251 251 252 252 252 252 252 252 251 251 251 251 251 251 251 251 251 251 251 251 251 251 251 251 251 250 250 250 250 250 250 250 250 249 249 249 250 250 250 250 250 250 254 254 254 254 254 254 254 254 254 255 255 255 256 256 256 256 256 255 255 256 256 257 256 256 256 256 256 256 256 256 256 257 257 256 255 255 255 255 256 255 255 255 255 255 255 255 255 255 255 255 255 255 254 254 254 254 253 254 254 255 255 255 255 255 255 255 255 254 254 254 254 255 254 254 254 254 254 254 254 254 254 254 255 255 255 255 255 254 254 254 253 253 253 254 253 253 254 254 254 254 254 253 254 254 254 254 254 254 253 254 254 254 254 254 255 254 254 254 254 254 254 254 254 254 254 254 254 255 254 255 255 254 254 254 254 254 254 254 254 254 254 254 254 254 254 254 254 254 254 254 254 254 254 254 254 254 253 254 254 254 254 254 254 254 254 254 254 254 254 254 254 254 256 256 256 256 256 256 256 256 256 256 256 256 256 256 256 256 256 256 256 256 256 256 256 256 256 256 256 256 256 256 256 256 256 256 256 256 256 256 256 256 256 256 256 256 256 256 256 256 256 255 255 255 255 255 255 255 255 255 255 255 255 255 255 255 255 255 255 255 255 255 255 255 255 255 255 255 255 255 255 255 255 254 255 255 255 255 255 254 254 253 253 253 253 254 254 255 255 255 255 255 255 255 255 255 255 255 255 254 254 254 254 254 254 255 255 255 255 255 255 255 255 255 255 255 255 255 255 255 254 255 255 255 255 255 255 254 254 254 254 254 254 254 254 254 254 254 254 254 254 254 254 253 253 253 253 253 253 252 252 252 252 252 252 252 252 252 252 252 252 252 253 253 252 252 251 251 252 252 252 252 252 252 252 252 252 252 251 251 251 251 251 251 251 251 251 251 250 250 250 250 250 250 250 250 250 250 250 250 250 249 250 250 250 250 254 254 255 255 255 255 255 256 256 255 255 256 257 257 257 256 256 257 258 258 258 257 256 256 257 257 257 257 257 257 257 257 256 256 255 255 255 255 255 256 256 255 255 255 255 255 255 255 256 255 255 255 255 255 254 254 254 254 255 255 255 255 255 255 255 255 254 254 254 254 254 254 254 254 254 254 254 254 254 254 254 255 255 255 255 255 255 254 254 254 254 254 254 254 253 254 254 254 254 254 253 254 254 254 254 254 254 254 254 254 254 254 254 255 255 254 254 254 254 254 254 254 254 254 254 254 255 255 255 255 255 255 254 254 255 254 254 255 255 255 254 254 254 254 254 254 254 254 254 254 254 254 254 254 254 254 254 254 254 254 254 254 254 254 254 254 254 254 254 254 254 256 256 256 256 256 256 256 256 256 256 256 256 256 256 256 256 256 256 256 256 256 256 256 256 256 256 256 256 256 256 256 256 256 256 256 256 256 256 256 256 256 256 256 256 256 256 256 256 256 256 255 255 255 255 255 255 255 255 255 255 255 255 255 255 255 255 255 255 255 255 254 254 254 255 255 255 255 255 255 255 254 254 254 254 254 255 255 254 254 254 253 253 253 254 254 255 255 255 255 255 255 255 255 255 255 255 255 255 255 255 255 255 255 254 255 255 256 256 256 256 256 256 255 255 256 255 255 255 255 255 255 255 255 255 255 255 254 254 254 254 254 254 254 254 254 254 254 254 253 253 254 254 253 253 253 253 253 252 252 252 252 253 253 252 252 252 253 253 253 253 253 253 253 252 252 252 252 252 252 252 252 252 252 252 252 252 252 252 251 251 251 251 251 251 251 251 251 251 250 250 250 250 250 250 250 250 250 250 250 250 250 250 250 250 254 255 255 255 255 255 255 255 255 255 256 257 257 257 256 256 257 257 257 258 256 256 257 257 257 257 257 257 257 257 257 256 256 256 256 255 255 255 255 255 255 255 255 255 255 255 256 256 256 256 256 255 255 255 255 254 254 254 254 255 255 255 255 255 255 254 254 254 254 254 254 254 254 254 254 254 254 254 254 254 254 254 255 255 255 255 255 254 254 254 254 254 253 253 254 254 254 254 253 253 253 254 254 254 254 254 254 254 254 254 254 254 254 254 255 254 254 254 254 254 254 254 254 254 254 254 254 254 255 255 254 254 255 255 255 254 255 255 255 254 254 254 254 254 254 254 254 254 254 254 254 254 254 254 254 254 254 254 254 254 254 254 254 254 254 254 254 254 254 254 256 256 256 256 256 256 256 256 256 256 256 256 256 256 256 256 256 256 256 256 256 256 256 256 256 256 256 256 256 256 256 256 256 256 256 256 256 256 256 256 256 256 256 256 256 256 256 256 256 256 255 255 255 255 255 255 255 255 255 255 255 255 255 255 255 255 255 255 255 254 254 254 255 255 255 255 255 255 255 255 254 254 254 254 254 254 254 254 254 254 253 253 254 254 254 255 255 255 255 255 256 256 256 255 256 256 256 256 255 255 255 255 255 255 255 255 255 256 256 255 255 255 255 256 256 255 255 255 256 255 255 255 255 255 255 255 254 254 254 254 254 254 254 253 253 254 254 254 254 254 253 253 253 253 252 253 253 254 253 252 252 253 253 253 252 253 253 253 253 253 253 253 253 252 252 252 252 252 252 252 252 252 252 252 252 252 252 252 251 251 251 251 251 251 251 251 251 250 250 250 250 250 250 250 250 250 250 250 250 250 250 250 250 250 250 254 254 255 255 255 255 255 256 256 255 256 256 255 256 256 257 257 256 256 257 257 257 257 257 256 256 256 256 256 256 256 256 256 256 256 256 256 256 255 256 256 256 256 256 256 256 256 256 256 255 255 254 254 255 255 254 254 254 254 254 254 255 255 254 254 255 255 255 255 255 254 255 254 254 254 254 254 254 254 254 255 254 254 255 254 254 254 255 255 255 255 255 255 255 254 254 254 254 254 255 255 255 255 254 254 254 254 254 254 254 254 255 255 254 254 254 255 254 254 254 254 254 254 254 255 255 255 254 254 254 255 255 254 255 255 255 255 254 254 254 254 254 254 254 254 254 254 254 254 254 254 254 254 254 254 254 255 254 254 254 254 254 254 255 254 254 254 256 256 256 256 256 256 256 256 256 256 256 256 256 256 256 256 256 256 256 256 256 256 256 256 256 256 256 256 256 256 256 256 256 256 256 256 256 256 256 256 256 256 256 256 256 256 256 256 256 256 255 255 255 255 255 255 255 255 255 255 255 255 255 255 255 255 255 255 255 254 254 254 254 255 255 255 255 255 255 255 255 254 254 255 254 254 254 254 254 254 254 254 254 254 254 255 255 255 255 256 257 256 256 256 256 256 256 256 256 255 255 255 255 255 256 256 255 255 255 255 255 255 255 255 256 256 255 255 255 256 255 255 255 255 255 255 254 254 254 255 255 255 254 254 253 253 253 253 254 254 253 252 253 252 252 253 253 253 253 253 252 252 252 252 253 253 253 253 253 253 253 253 253 252 252 252 252 252 252 252 252 252 252 252 252 252 252 251 251 251 251 251 251 251 251 251 251 250 251 251 251 250 251 251 250 250 250 250 250 250 250 250 250 250 254 254 255 255 256 255 255 255 256 256 256 256 256 256 255 256 256 256 256 256 256 256 256 256 256 256 257 257 257 257 257 257 257 257 256 256 256 255 256 256 255 255 255 255 255 255 255 254 254 254 255 255 254 255 255 254 254 255 255 255 255 255 255 255 256 256 255 255 255 255 254 254 255 255 254 254 254 254 254 255 254 254 255 255 255 255 255 255 256 255 256 255 255 255 255 255 255 255 255 255 255 255 254 254 254 254 254 254 254 255 254 255 254 254 254 254 254 254 254 254 254 255 255 255 255 255 255 255 256 255 255 256 255 255 255 255 254 254 254 254 254 254 254 254 254 254 254 255 254 254 254 254 254 255 254 254 254 255 255 255 255 255 254 254 256 256 257 257 256 256 256 256 256 256 256 256 256 256 256 256 256 256 256 256 256 256 256 256 256 256 256 256 256 256 256 256 256 256 256 256 256 256 256 256 256 255 256 256 256 256 256 256 256 256 255 255 255 255 255 255 255 255 255 255 255 255 255 255 255 255 255 255 255 255 255 254 254 255 255 255 255 255 255 254 254 254 255 254 254 254 255 255 255 254 254 254 254 254 254 255 255 256 256 256 257 257 257 256 256 256 256 256 256 256 256 256 256 256 256 255 255 255 255 255 255 255 255 255 255 255 255 255 255 255 255 255 255 255 255 255 255 254 254 254 254 255 254 254 254 253 254 253 253 253 252 252 252 253 252 253 253 253 253 253 253 252 252 252 252 253 253 253 253 253 253 253 252 252 252 252 252 252 252 252 252 252 252 252 252 252 251 251 252 252 251 251 251 251 251 251 251 251 251 251 251 251 251 250 250 250 250 250 250 250 250 250 250 250 255 255 255 255 255 255 256 256 257 257 257 257 257 256 256 256 256 256 256 256 256 256 256 256 256 256 256 256 257 257 256 257 257 256 256 255 255 255 255 255 255 255 255 255 255 254 254 255 255 255 255 254 255 255 254 254 255 255 255 255 255 255 255 256 256 256 256 255 255 255 255 255 254 254 254 254 254 254 255 255 255 255 255 256 256 256 255 255 255 255 255 255 255 255 255 255 254 254 254 254 254 254 254 254 254 254 254 254 254 254 255 254 254 254 254 254 254 254 255 254 255 255 255 255 255 256 256 256 256 256 255 254 254 254 254 254 254 254 254 254 254 254 254 254 254 254 255 255 255 255 255 255 255 254 254 254 254 254 254 254 255 255 255 257 257 257 257 256 256 256 256 256 256 256 256 256 256 256 256 256 256 256 256 256 256 256 256 256 256 256 256 256 256 256 256 256 256 256 256 256 256 256 256 256 256 256 256 256 256 256 256 256 256 255 255 255 255 255 255 255 255 255 255 255 255 255 255 255 255 255 255 255 255 254 254 254 254 255 255 254 255 255 254 254 254 254 254 254 254 254 255 255 255 255 255 255 255 255 255 256 256 256 256 256 257 257 257 256 256 256 256 256 256 256 256 257 256 256 255 256 256 255 255 255 255 255 255 255 255 255 255 255 255 255 255 256 255 255 256 255 254 254 254 254 254 254 254 254 253 254 254 254 254 253 252 252 252 252 253 253 253 253 253 253 253 253 252 252 252 253 253 253 253 253 252 252 252 252 252 252 252 252 252 252 252 252 252 252 252 252 252 252 252 251 251 251 251 251 251 251 251 251 251 250 250 250 250 250 250 250 250 250 250 250 250 250 250 254 255 255 255 255 255 255 255 256 256 257 257 257 258 256 256 256 256 256 256 256 256 256 256 256 256 255 256 255 256 256 256 256 256 256 256 256 256 255 255 255 255 255 255 254 254 254 254 255 255 255 256 255 255 255 255 254 254 255 255 256 255 255 256 256 256 256 256 256 256 255 256 255 255 255 255 254 254 254 255 255 255 255 256 256 256 256 255 255 255 255 255 255 255 255 255 255 255 255 254 254 254 255 255 254 254 254 254 254 254 255 254 254 254 254 254 254 254 254 255 255 255 255 255 255 255 255 255 255 255 256 255 254 254 254 254 254 254 255 255 254 254 254 254 254 254 254 255 255 255 255 255 255 255 255 255 254 254 254 254 254 254 254 254 256 257 257 256 256 256 256 256 256 256 256 256 256 256 256 256 256 256 256 256 256 256 256 256 256 256 256 256 256 256 256 256 256 256 256 256 256 256 256 256 256 256 256 256 256 256 256 256 256 256 255 255 255 255 255 255 255 255 255 255 255 255 255 255 255 255 255 255 255 255 254 254 254 254 255 255 254 254 254 254 254 254 254 254 254 255 254 254 255 255 255 255 255 255 255 255 256 256 256 256 257 257 257 257 257 257 257 257 257 257 256 256 256 256 255 256 256 256 256 256 256 256 255 255 255 255 255 255 255 255 255 255 256 255 255 254 254 254 254 254 254 254 254 254 254 253 253 254 254 254 253 253 252 252 252 252 253 253 253 253 253 253 253 253 252 252 252 253 253 253 253 252 252 252 252 252 252 252 252 252 252 252 252 252 252 252 252 252 252 251 251 251 251 251 251 250 250 250 250 250 250 250 250 250 250 250 250 250 250 250 250 250 250 250 255 255 256 256 256 256 256 255 256 256 256 256 256 257 256 256 256 256 256 256 256 256 255 255 255 255 255 255 256 256 256 256 256 256 256 256 256 256 255 255 255 255 255 255 255 255 255 255 256 256 255 255 255 255 255 255 255 255 256 256 256 256 256 256 256 256 256 255 256 256 256 255 255 255 255 255 255 255 256 256 256 256 255 255 255 255 255 255 255 255 255 255 255 255 255 255 254 254 254 255 255 255 254 254 254 254 254 254 254 254 254 254 254 254 255 255 255 255 255 255 255 255 255 255 255 255 255 256 255 255 255 254 255 254 254 255 255 254 254 254 255 255 254 254 255 255 255 255 255 255 255 254 254 254 254 254 254 254 254 254 254 256 256 256 256 256 256 256 256 256 256 256 256 256 256 256 256 256 256 256 256 256 256 256 256 256 256 256 256 256 256 256 256 256 256 256 256 256 256 256 256 256 256 256 256 256 256 256 256 256 256 255 255 255 255 255 255 255 255 255 255 255 255 255 255 255 255 255 255 255 255 255 254 254 254 255 254 254 255 254 255 255 255 254 254 254 254 254 254 254 254 254 254 254 254 254 255 255 255 255 255 256 256 257 257 257 257 257 257 257 257 256 256 256 256 256 256 256 256 256 256 256 256 256 256 256 255 255 255 255 255 254 254 255 254 254 254 254 254 254 254 254 254 254 254 254 254 254 254 254 254 253 253 253 252 252 252 253 253 253 253 253 253 253 253 253 252 252 253 253 253 253 252 252 252 252 252 252 252 252 252 252 252 252 252 252 252 252 252 252 251 251 251 251 250 250 250 250 250 250 250 250 250 250 250 250 250 250 250 250 250 250 250 250 254 254 255 255 256 255 255 255 255 255 256 254 255 256 256 256 257 256 256 256 256 256 256 255 255 255 255 256 256 256 256 256 256 256 256 256 256 256 255 255 256 255 255 255 255 255 255 255 255 255 255 255 255 255 255 255 255 255 256 256 256 256 256 256 256 256 255 255 256 256 256 256 255 256 256 255 255 255 255 256 255 255 255 256 256 256 255 255 255 255 255 254 254 255 255 255 255 254 254 255 255 255 255 254 254 254 254 254 254 255 255 254 254 255 255 255 255 255 255 255 255 255 255 255 255 255 255 255 255 255 255 255 255 255 255 255 255 255 255 255 255 255 254 254 255 255 255 254 254 255 254 254 254 254 254 254 254 254 254 254 254 256 256 256 256 256 256 256 256 256 256 256 256 256 256 256 256 256 256 256 256 256 256 256 256 256 256 256 256 256 256 256 256 256 256 256 256 256 256 256 256 256 256 256 256 256 256 256 256 256 256 255 255 255 255 255 255 255 255 255 255 255 255 255 255 255 255 255 255 255 255 255 254 254 254 254 255 254 255 254 255 254 254 254 254 255 255 254 254 254 254 254 254 253 253 253 254 254 254 254 254 255 255 255 256 256 256 256 256 256 256 256 256 256 256 256 256 257 257 256 256 256 256 256 256 256 256 256 255 255 255 254 254 254 254 254 254 254 254 254 254 254 254 254 254 254 254 254 254 254 253 253 253 253 252 252 252 253 252 252 253 253 253 253 253 253 252 252 253 253 253 253 253 252 252 252 252 252 252 251 252 252 252 251 252 251 252 252 252 252 251 251 251 251 251 250 250 250 250 250 250 250 250 250 250 250 250 250 250 250 250 250 250 250 254 255 255 254 255 255 255 256 256 255 253 254 255 254 255 255 255 256 256 256 255 255 255 255 256 256 256 256 256 256 256 256 256 256 256 255 255 256 256 255 255 255 255 255 255 254 254 255 255 255 254 255 255 255 255 255 256 255 256 256 256 256 255 255 255 255 255 256 256 256 256 255 255 256 255 255 255 255 255 255 255 255 256 256 255 256 255 255 255 255 255 254 254 255 254 255 255 255 255 255 255 255 255 255 255 255 255 255 255 255 255 255 255 255 255 255 255 255 255 255 255 255 255 255 255 255 255 255 255 255 255 255 255 255 255 255 254 255 255 255 254 254 254 254 255 254 254 254 254 254 254 254 254 254 254 254 254 254 254 254 256 256 256 256 256 256 256 256 256 256 256 256 256 256 256 256 256 256 256 256 256 256 256 256 256 256 256 256 256 256 256 256 256 256 256 256 256 256 256 256 255 256 256 256 256 256 256 256 256 256 255 255 255 255 255 255 255 255 255 255 255 255 255 255 255 255 255 255 255 255 255 255 254 254 254 254 255 255 255 254 254 254 254 254 254 254 254 254 254 254 254 255 255 254 254 254 253 253 254 254 255 255 255 256 255 256 256 255 256 257 257 256 256 256 257 256 256 257 257 257 257 257 257 257 257 256 256 256 256 255 255 254 253 254 254 254 254 254 254 254 254 254 254 254 254 254 254 254 254 253 253 253 253 253 252 252 252 252 252 252 253 253 253 253 253 252 252 252 253 253 253 253 253 252 252 252 252 251 251 251 252 252 251 251 251 252 252 252 252 252 251 251 251 251 250 250 250 250 250 250 250 250 250 250 250 250 250 250 250 250 250 250 250 250 254 254 255 255 255 255 255 256 255 253 254 254 254 254 254 254 254 254 255 255 255 255 254 255 255 255 255 255 256 256 256 256 256 256 255 255 255 255 255 255 255 255 255 255 255 254 255 255 255 254 255 255 256 255 254 255 255 255 255 255 255 255 255 255 255 255 256 256 256 256 255 255 255 255 255 255 255 255 255 255 255 255 255 255 255 255 256 256 256 255 254 254 254 255 255 255 255 254 255 255 255 255 255 255 255 255 255 255 255 255 255 255 255 255 255 255 255 255 255 255 255 255 255 255 255 255 254 255 255 255 255 255 255 254 254 254 255 255 254 254 254 254 254 255 254 254 254 254 254 254 254 254 254 254 254 254 254 254 254 256 256 256 256 256 256 256 256 256 256 256 256 256 256 256 256 256 256 256 256 256 256 256 256 256 256 256 256 256 256 256 256 256 256 256 256 256 256 256 256 256 255 256 256 255 256 255 256 256 256 255 255 255 255 255 255 255 255 254 255 255 255 255 255 255 255 255 255 255 255 255 255 255 254 254 254 255 255 255 254 254 254 254 254 254 254 254 254 254 254 254 254 254 255 255 254 254 254 254 254 254 255 255 255 255 255 255 255 256 257 257 256 256 256 256 256 256 256 257 257 257 256 256 257 257 256 256 256 256 256 255 254 253 254 254 254 254 254 254 254 254 254 254 254 254 254 254 254 254 254 253 252 252 253 253 253 252 253 252 252 252 253 253 252 252 252 252 252 253 253 253 253 253 253 252 252 252 252 252 251 251 252 251 251 251 252 252 252 252 252 251 251 251 250 250 250 250 250 250 250 250 250 250 250 250 250 250 250 250 250 250 250 250 250 254 254 254 254 254 255 255 254 253 253 253 254 253 253 253 254 254 255 256 255 255 254 254 255 254 254 255 256 256 255 256 256 256 255 255 255 255 255 255 255 255 255 255 255 255 255 255 255 255 255 255 255 255 254 254 255 255 255 255 255 255 255 256 255 255 255 256 256 256 256 255 256 256 255 255 255 255 255 255 255 255 255 255 255 255 255 255 255 255 255 255 254 254 255 255 255 254 255 255 255 255 255 255 255 255 255 255 255 255 255 255 255 255 255 255 255 255 255 255 255 254 254 255 255 255 254 254 255 255 255 255 255 255 254 254 254 254 254 254 254 255 255 254 255 254 254 254 254 254 254 254 254 254 254 254 254 254 254 256 256 256 256 256 256 256 256 256 256 256 256 256 256 256 256 256 256 256 256 256 256 256 256 256 256 256 256 256 256 256 256 256 256 256 256 256 256 256 256 256 255 255 255 255 256 256 256 256 256 255 255 255 254 255 255 255 254 255 255 255 255 255 255 255 255 255 255 255 255 255 255 255 255 255 255 255 255 255 255 255 254 254 254 254 254 254 254 255 254 254 254 254 254 254 255 254 255 255 255 256 255 255 255 255 255 255 256 256 256 256 256 255 256 255 256 256 256 257 257 257 256 256 256 257 257 257 257 257 256 256 255 254 253 254 254 254 255 254 255 254 254 254 254 254 254 254 254 254 254 253 253 253 253 253 253 253 253 252 252 252 252 253 252 252 252 252 253 253 253 252 252 252 253 252 252 252 252 252 252 252 252 251 251 251 252 252 252 251 251 251 251 250 250 250 250 250 251 250 250 250 250 250 250 250 250 250 250 250 250 250 250 250 250 254 255 254 253 253 253 253 254 254 254 255 256 255 255 255 254 254 255 255 255 255 255 255 256 255 255 255 255 255 255 255 255 255 255 255 255 255 255 254 255 255 255 255 255 255 254 254 255 255 255 255 255 255 255 255 255 255 255 255 256 256 256 256 256 256 256 255 255 255 255 255 255 255 255 255 255 255 255 255 255 255 255 255 255 255 255 254 254 254 254 254 255 255 255 255 255 255 255 255 255 255 255 255 255 255 255 255 255 255 255 254 255 255 254 254 255 255 255 254 254 255 255 254 254 255 255 255 254 254 254 254 254 254 254 255 254 255 254 255 254 254 254 254 254 254 254 254 254 254 254 254 256 256 256 256 256 256 256 256 256 256 256 256 256 256 256 256 256 256 256 256 256 256 256 256 256 256 256 256 256 256 256 256 256 256 256 256 256 256 255 255 255 255 256 255 255 255 255 255 256 256 255 255 254 254 255 255 254 254 255 255 255 255 255 255 255 255 255 255 255 255 255 255 255 255 255 255 255 254 254 255 255 254 254 254 254 254 254 254 255 255 255 255 255 255 254 254 254 254 255 255 256 256 255 255 255 255 256 256 255 255 255 255 256 256 256 256 256 256 257 256 256 256 256 256 256 257 257 257 257 256 256 255 254 253 254 254 254 254 254 255 254 254 254 254 254 254 254 254 254 254 253 253 253 253 253 253 253 253 252 252 252 252 252 252 252 252 252 253 253 253 252 252 252 252 252 252 252 252 252 252 252 252 252 252 252 251 252 252 251 251 251 250 250 250 250 251 251 251 251 250 250 250 250 250 250 250 250 250 250 250 250 250 250 250 251 254 254 252 253 253 254 254 254 254 254 255 255 255 255 254 254 255 255 255 255 255 255 255 255 255 255 255 255 255 255 255 255 255 255 255 255 255 255 254 255 255 255 255 255 255 255 254 254 255 255 255 255 255 255 255 255 255 255 255 256 256 256 255 256 256 255 255 255 255 255 255 255 255 255 255 255 255 255 255 255 255 255 255 255 255 255 254 254 254 254 254 254 254 255 255 255 255 255 255 255 255 255 255 255 255 255 255 255 255 254 255 255 255 255 255 254 254 254 254 255 255 255 254 254 255 254 254 254 254 254 254 255 255 254 254 254 254 254 254 254 254 254 254 255 255 254 254 254 254 254 256 256 256 256 256 256 256 256 256 256 256 256 256 256 256 256 256 256 256 256 256 256 256 256 256 256 256 256 256 256 256 256 256 256 255 255 255 255 256 256 255 255 256 256 255 255 255 255 255 255 255 255 254 254 254 254 254 254 254 254 254 255 255 255 255 255 255 255 255 255 255 255 254 255 255 254 254 254 254 254 254 254 254 255 255 255 255 255 255 255 255 255 255 254 254 254 254 255 255 255 255 255 256 256 256 256 256 256 256 256 256 256 255 256 256 257 256 256 256 256 256 256 256 257 257 257 257 257 257 256 256 255 254 253 254 254 254 254 254 254 254 254 254 254 254 254 254 254 254 254 253 253 253 253 253 253 253 253 253 253 252 252 252 252 252 252 252 252 253 253 253 252 252 252 252 252 252 251 251 252 252 252 252 252 252 252 251 251 251 251 251 250 251 251 250 251 251 250 251 250 250 250 250 250 250 250 250 250 250 251 251 251 251 254 254 253 253 253 253 254 253 253 254 255 255 255 255 254 254 254 255 255 255 255 255 255 255 255 255 255 255 255 255 255 255 255 255 255 255 255 255 255 255 255 255 255 255 255 255 254 255 255 255 255 255 255 255 255 255 255 255 255 256 255 255 255 256 256 256 255 255 255 255 255 255 255 255 255 255 255 255 255 255 255 255 255 255 255 255 255 254 254 254 254 254 254 254 255 255 255 255 255 255 255 255 255 255 255 255 255 255 254 254 255 255 255 255 255 255 255 254 254 254 254 255 254 254 254 254 254 254 254 255 255 255 255 255 255 254 254 254 254 254 254 254 255 255 255 254 255 255 254 254 256 256 256 256 256 256 256 256 256 256 256 256 256 256 256 256 256 256 256 256 256 256 256 256 256 256 256 256 256 256 256 256 256 256 256 256 255 256 256 256 255 255 256 256 255 255 255 255 255 255 254 254 254 254 254 254 254 254 254 254 254 254 254 255 255 255 254 254 255 255 255 255 255 255 254 254 254 254 254 254 254 254 254 254 255 255 255 255 254 255 255 255 255 255 255 255 255 255 255 255 256 256 256 256 256 256 256 256 256 257 257 256 256 255 256 257 257 257 256 256 256 256 256 257 257 257 257 257 256 256 256 255 254 253 253 253 254 254 254 254 254 254 254 254 254 254 254 254 253 254 253 253 253 253 253 253 253 252 253 253 252 252 252 252 252 252 252 253 253 252 252 252 252 252 252 252 251 251 251 251 252 252 252 252 252 252 252 251 251 251 250 251 251 251 251 251 251 251 251 250 250 250 250 250 250 250 251 253 253 253 254 254 254 254 254 255 255 254 254 254 254 255 255 255 255 255 255 255 255 255 255 255 255 255 255 255 255 255 255 255 255 255 255 255 255 255 255 255 254 254 254 255 256 255 255 255 255 255 255 255 255 256 255 255 255 255 255 255 255 255 255 255 255 255 255 255 255 255 255 255 255 255 255 255 255 255 255 255 255 255 255 254 255 255 255 255 254 254 254 254 255 255 255 255 255 255 255 255 255 255 254 254 254 255 255 255 255 254 255 255 254 254 254 254 254 254 254 254 254 254 254 255 254 255 255 255 255 254 254 255 254 254 254 254 255 254 255 255 255 255 255 254 256 256 256 256 256 256 256 256 256 256 256 256 256 256 256 256 256 256 256 256 256 256 256 256 256 256 256 256 256 256 256 256 256 256 256 256 256 256 256 256 255 255 256 256 256 256 255 255 255 255 254 255 255 255 255 255 254 254 254 254 254 254 254 255 254 254 254 255 255 254 254 255 255 255 255 255 255 255 254 254 254 255 254 254 254 254 254 254 254 255 254 254 255 255 255 255 255 255 255 256 257 256 256 256 256 256 256 256 256 257 257 257 257 256 256 257 257 257 257 257 257 257 257 256 256 256 257 256 256 256 256 255 254 254 253 253 254 254 254 254 254 255 255 255 255 254 254 254 254 253 253 253 253 253 253 253 253 252 252 252 252 253 252 252 252 252 253 252 252 252 252 252 252 252 252 252 251 251 251 251 252 251 252 252 252 251 251 251 251 251 251 251 251 251 251 251 251 251 251 251 250 250 250 251 253 253 253 253 253 254 253 253 254 255 255 254 254 254 255 255 255 255 255 255 255 254 255 255 255 255 255 254 254 255 255 254 254 254 255 254 255 254 255 255 254 254 254 255 255 255 256 255 255 255 255 256 255 255 255 255 255 255 255 255 255 255 255 255 255 255 255 255 255 255 255 255 255 255 255 255 255 255 255 255 255 256 255 255 255 255 254 255 255 254 254 254 254 255 255 255 255 255 255 255 255 255 254 254 254 254 254 254 254 255 255 254 254 254 254 254 254 254 254 254 254 254 254 254 254 254 254 254 254 254 254 254 254 254 254 254 254 254 254 254 254 254 254 254 254 254 256 256 256 256 256 256 256 256 256 256 256 256 256 256 256 256 256 256 256 256 256 256 256 256 256 256 256 256 256 256 256 256 256 256 256 256 256 256 256 255 256 256 256 256 256 256 255 255 255 255 254 255 255 255 255 255 255 254 254 254 254 254 254 255 254 254 254 254 254 254 254 255 255 255 255 255 255 255 255 254 254 255 255 254 254 254 255 255 255 254 254 254 254 254 255 255 255 255 256 256 257 257 256 257 256 256 256 256 256 256 256 257 257 257 257 257 257 257 256 256 257 257 256 256 256 256 256 256 256 256 256 256 255 254 253 253 254 254 254 254 254 254 254 254 254 254 254 254 254 254 253 253 253 253 253 253 253 253 252 252 252 252 252 252 252 252 252 252 252 252 252 252 252 252 252 252 251 251 251 251 252 251 252 252 251 251 251 251 251 251 251 251 251 251 251 251 251 251 251 251 250 251 250 250 251 253 254 254 254 253 253 253 254 254 255 254 253 254 255 255 255 255 255 255 255 255 255 255 255 255 255 255 255 255 254 255 255 254 254 255 254 254 255 254 255 254 254 254 254 255 255 256 255 255 255 256 255 255 255 255 255 255 255 255 255 255 255 255 255 255 255 255 255 255 255 255 255 255 255 255 255 255 255 255 255 255 255 255 255 255 254 254 254 254 254 255 255 255 255 255 255 254 254 254 255 255 255 254 254 255 255 254 254 254 254 254 254 254 254 254 254 254 254 254 254 254 254 254 254 254 254 254 254 254 254 254 254 254 254 254 255 254 254 254 254 254 254 254 254 254 254 256 256 256 256 256 256 256 256 256 256 256 256 256 256 256 256 256 256 256 256 256 256 256 256 256 256 256 256 256 256 256 256 256 256 256 256 256 256 256 256 256 256 256 256 256 256 255 255 255 255 255 255 255 255 255 255 255 255 254 254 254 254 254 254 254 254 254 254 254 254 254 255 255 254 254 254 254 254 254 254 255 255 255 255 255 255 255 255 255 254 254 255 255 255 255 255 255 255 255 255 256 256 256 256 256 256 256 256 256 256 256 256 257 257 257 257 257 257 256 256 256 256 256 256 256 256 256 256 256 256 256 255 255 254 253 253 253 254 254 254 254 254 254 254 254 254 254 254 254 254 253 253 253 253 253 253 253 253 253 252 252 252 252 252 252 252 252 252 252 252 252 252 252 252 252 252 252 252 251 251 251 251 252 252 251 251 251 251 251 251 252 252 251 252 251 251 251 251 251 251 251 251 251 251 251 253 254 254 254 253 253 253 254 254 254 253 254 254 254 254 255 255 255 255 255 255 255 255 254 255 255 255 255 254 254 254 254 254 254 254 254 254 254 255 255 255 255 255 255 255 255 255 255 255 255 255 255 255 255 255 255 254 255 255 255 255 255 255 255 255 255 255 255 255 255 255 255 255 255 255 255 255 255 255 255 255 255 255 255 255 254 254 254 254 255 255 255 255 255 255 255 254 254 255 255 254 255 255 255 255 255 255 255 255 255 254 254 254 254 254 254 254 254 254 254 254 255 254 254 254 254 254 254 254 254 254 254 254 254 255 255 255 254 254 254 254 254 254 254 254 256 256 256 256 256 256 256 256 256 256 256 256 256 256 256 256 256 256 256 256 256 256 256 256 256 256 256 256 256 256 256 256 256 256 256 256 256 256 256 256 256 256 256 256 256 255 255 255 255 255 255 255 255 255 255 255 255 255 255 254 254 254 254 254 254 254 254 254 254 254 254 255 254 254 254 254 254 254 255 254 254 255 255 255 255 255 255 255 255 255 254 255 255 255 255 255 255 255 255 255 256 257 257 256 256 256 256 256 256 257 257 256 256 257 257 256 256 256 257 256 257 257 256 256 256 256 256 256 256 255 255 255 254 254 254 253 254 254 254 254 254 254 254 254 254 254 254 254 254 254 253 253 253 253 253 253 253 253 253 253 253 252 252 253 252 252 252 252 252 252 252 252 252 252 252 252 252 252 252 252 252 251 251 251 251 251 252 252 252 252 252 252 252 252 252 251 251 251 251 251 251 251 251 251 254 255 252 253 254 253 253 253 253 253 253 254 254 253 254 253 254 254 255 255 255 255 255 255 255 255 254 254 254 254 254 254 254 254 254 254 254 254 254 254 254 254 255 255 255 255 255 255 255 255 255 255 255 256 255 255 255 255 255 254 254 254 254 254 254 255 255 255 255 255 255 255 255 255 255 255 255 255 255 255 255 255 255 255 255 255 255 255 255 254 254 254 255 255 254 254 254 255 255 254 254 254 254 254 254 254 255 255 254 255 255 255 255 255 254 254 254 254 254 254 254 254 254 254 254 254 255 254 254 254 254 254 254 254 254 254 254 254 255 255 255 254 254 254 254 254 254 254 256 256 256 256 256 256 256 256 256 256 256 256 256 256 256 256 256 256 256 256 256 256 256 256 256 256 257 257 256 256 256 256 257 257 256 256 255 256 256 256 256 256 256 256 256 255 255 255 255 255 255 255 255 255 255 255 255 255 255 255 254 254 254 254 254 254 254 254 254 254 255 255 254 254 254 254 254 254 254 254 254 254 254 255 255 254 255 255 255 255 255 255 255 255 255 255 255 255 255 255 256 256 256 257 257 257 257 257 257 257 257 257 257 257 257 256 256 256 256 256 256 256 256 256 256 256 256 256 255 255 255 255 255 255 254 253 254 254 254 254 254 254 254 254 254 254 254 254 254 254 254 253 253 253 253 253 253 253 253 253 253 252 253 253 252 252 252 253 252 252 252 252 252 252 252 252 252 252 252 252 252 252 251 251 251 252 252 252 252 252 252 252 252 254 256 255 253 253 252 253 253 254 254 254 254 254 253 253 253 253 253 253 254 254 254 255 255 255 255 254 254 254 254 254 254 254 254 254 255 255 254 254 254 254 254 254 254 254 254 254 254 255 254 255 255 255 255 255 255 255 255 255 255 256 255 255 255 255 255 255 255 255 254 254 255 255 255 255 255 255 255 255 255 255 255 255 255 255 255 255 255 255 255 255 255 255 255 254 254 255 255 254 254 254 254 255 254 254 254 254 254 254 254 254 254 254 254 254 254 255 255 255 255 254 254 255 255 254 254 254 254 254 254 254 254 254 254 254 255 254 254 254 254 254 254 254 255 255 254 254 254 254 254 254 254 256 256 256 256 256 256 256 256 256 256 256 256 256 256 256 256 256 256 256 256 256 256 256 256 256 256 256 256 256 256 256 256 256 257 256 256 256 256 255 255 256 256 255 256 255 255 255 255 255 255 255 255 255 255 255 255 255 255 255 255 255 254 254 254 254 254 254 254 254 254 254 255 254 254 254 254 254 254 254 254 254 254 254 254 254 255 255 255 255 255 255 255 255 255 255 255 255 255 256 255 256 256 256 256 256 256 257 257 257 256 256 256 257 257 257 256 256 256 256 256 256 256 256 257 257 256 256 256 256 255 256 256 255 254 254 253 253 254 254 254 254 254 254 254 254 254 254 254 254 254 254 253 253 253 253 253 253 253 253 253 253 253 253 253 253 253 252 253 253 252 252 252 252 252 252 252 252 252 252 252 251 251 251 251 252 252 252 252 252 254 256 257 256 254 254 254 254 253 254 254 253 253 254 253 253 254 254 254 253 253 254 254 253 253 253 253 253 253 254 254 254 255 255 254 254 254 254 254 254 254 255 254 254 254 255 255 254 254 253 254 254 254 254 254 254 254 254 254 254 254 255 255 255 255 255 255 255 255 255 255 255 255 255 255 255 255 255 254 254 254 254 255 255 255 254 255 255 255 255 255 255 255 255 255 255 255 255 255 255 255 255 255 255 254 254 255 254 254 254 255 254 254 254 254 254 254 254 254 254 254 254 254 255 255 255 255 255 255 255 255 255 255 255 255 254 254 254 254 254 254 254 254 254 255 255 255 254 254 254 254 254 254 254 254 254 254 254 254 254 254 256 256 256 256 256 256 256 256 256 256 256 256 256 256 256 256 256 256 256 256 256 256 256 256 256 256 257 256 256 256 256 256 256 256 256 256 256 255 255 255 255 256 255 255 256 255 255 255 255 255 254 255 255 255 255 255 255 255 255 255 255 254 254 254 254 254 254 254 254 254 254 254 254 254 254 254 254 254 254 254 254 254 254 254 254 255 255 255 255 255 255 255 255 255 255 255 255 255 256 256 257 256 257 257 256 256 256 256 256 256 256 257 257 257 257 256 256 256 256 256 256 256 256 257 256 256 256 256 256 257 256 256 255 254 254 253 254 254 254 254 254 254 254 254 254 254 254 254 254 254 253 254 253 253 253 253 253 253 253 253 253 253 253 253 253 253 253 253 252 252 252 252 252 252 252 252 252 252 252 251 251 251 251 252 252 252 252 252 252 254 256 257 257 256 255 256 256 256 255 253 254 255 254 253 254 254 254 254 254 254 254 253 253 253 253 254 254 253 253 253 253 254 254 255 255 255 255 254 255 255 255 255 255 255 255 255 255 254 254 254 254 254 253 254 254 254 254 254 254 254 254 254 255 255 255 255 255 255 254 255 255 255 255 255 255 255 255 255 255 255 255 254 254 254 255 255 254 254 255 255 255 254 254 255 255 255 255 255 255 255 255 255 255 255 255 255 255 255 255 255 254 255 254 254 254 255 255 255 254 254 254 254 254 254 255 255 255 255 254 255 255 254 255 255 254 254 254 254 254 254 254 254 254 254 254 254 255 254 254 254 254 254 254 254 254 254 254 254 254 254 254 254 256 256 256 256 256 256 256 256 256 256 256 256 256 256 256 256 256 256 256 256 256 256 256 256 256 256 257 256 256 255 256 256 256 256 256 256 256 256 256 255 255 255 256 255 255 255 255 255 255 255 254 255 255 255 255 255 255 255 255 255 255 255 254 254 254 254 254 254 254 254 254 254 254 254 254 254 254 254 255 254 255 255 255 255 255 255 255 255 255 256 255 255 255 255 255 255 255 256 256 256 256 257 257 257 257 257 257 257 257 257 257 257 257 257 257 257 256 256 257 256 256 256 256 256 256 256 256 256 256 256 256 256 255 254 254 254 253 254 254 254 254 254 254 254 254 254 254 254 254 254 253 253 253 253 253 253 253 253 253 253 253 253 253 253 253 253 253 253 252 252 252 252 252 252 252 252 252 252 252 251 251 251 251 251 251 252 252 252 252 254 256 256 257 256 255 257 257 257 255 254 254 254 254 254 254 254 254 253 253 253 254 254 254 254 254 254 254 253 253 253 253 254 254 254 254 253 253 253 254 254 255 255 255 255 255 255 255 255 255 255 255 255 254 254 254 254 254 254 254 254 254 254 254 254 254 254 254 255 255 255 255 255 254 254 255 255 255 255 255 255 254 254 254 255 255 255 255 254 254 255 255 255 255 255 255 255 255 255 254 254 254 255 254 255 255 254 254 255 255 255 255 255 255 255 254 254 255 254 254 254 255 255 255 255 254 255 255 255 255 255 255 255 255 254 254 254 254 254 254 255 254 254 254 254 254 254 254 254 254 254 254 254 254 254 254 254 254 254 254 254 254 254 254 254 254 254 254 256 256 256 256 256 256 256 256 256 256 256 256 256 256 256 256 256 256 256 256 256 256 257 257 256 256 256 256 256 256 255 256 256 256 256 256 256 255 255 255 256 255 255 255 255 255 255 255 255 255 254 255 255 255 255 255 255 255 255 255 255 255 255 254 254 254 254 254 254 254 254 254 254 254 254 254 254 254 254 254 254 254 255 255 255 255 255 255 255 255 255 255 254 255 255 255 255 256 256 256 256 257 257 257 257 257 257 257 257 257 257 257 257 257 257 257 257 256 257 257 257 257 256 256 256 256 256 256 256 256 255 255 255 255 254 254 254 254 254 254 254 254 254 254 254 254 254 254 254 254 254 253 253 253 253 253 253 253 253 253 253 253 253 253 253 253 252 252 252 252 252 252 252 252 252 252 252 252 252 252 252 252 252 252 251 252 252 252 252 254 255 256 256 256 257 258 258 256 256 256 256 255 253 254 254 254 254 254 254 253 253 253 254 253 253 253 254 254 253 253 253 253 254 254 254 254 253 253 254 254 254 254 254 254 255 255 255 254 254 254 254 254 254 254 254 254 254 255 255 255 254 254 254 253 254 254 254 254 254 255 255 255 255 255 254 255 255 255 254 254 255 255 255 255 254 254 254 254 255 255 254 254 254 255 255 255 255 255 255 255 254 254 254 255 254 254 255 255 255 255 255 255 255 255 255 254 254 254 254 254 254 254 254 254 255 255 255 255 255 255 255 255 255 255 254 254 254 254 254 254 254 254 254 254 254 254 254 254 254 254 254 254 254 254 254 254 254 254 254 254 254 254 254 254 254 254 254 254 254 256 256 256 256 256 256 256 256 256 256 256 256 256 256 256 256 256 256 256 256 256 256 257 256 256 256 256 256 256 256 256 255 255 256 256 255 255 255 255 255 255 255 255 255 255 255 255 255 255 255 255 255 254 254 255 255 255 255 255 255 255 255 255 254 254 254 254 254 254 254 254 254 254 254 254 254 254 254 254 254 254 254 254 255 255 255 255 255 255 255 255 254 254 254 255 255 255 255 256 256 256 256 256 256 256 257 257 257 257 257 257 257 257 257 257 257 257 256 256 256 256 256 256 256 256 256 256 255 255 255 255 255 255 254 254 254 254 254 254 254 254 254 254 254 254 254 254 254 254 254 253 254 253 253 253 253 253 253 253 253 253 253 253 253 253 253 252 252 252 252 252 252 252 252 252 252 252 252 252 252 252 252 252 251 252 252 252 252 252 252 255 256 256 256 257 257 257 257 256 256 255 254 254 253 253 253 254 254 254 254 254 254 253 254 253 253 253 253 253 254 254 253 253 253 254 254 254 254 254 254 254 255 254 254 254 254 255 255 254 254 254 254 254 254 254 254 254 254 254 254 254 254 255 255 254 254 254 253 253 254 254 254 255 255 254 254 254 254 255 255 254 254 254 254 255 255 255 255 254 254 254 254 254 253 254 255 255 255 255 255 255 255 254 254 254 254 255 255 254 255 255 255 255 255 255 255 255 255 255 254 254 254 254 254 254 254 254 254 255 255 254 255 255 255 255 255 255 255 254 254 254 254 254 254 254 254 254 254 254 254 254 254 254 254 254 254 254 254 254 254 254 254 254 254 254 254 254 254 254 254 254 254 256 256 256 256 256 256 256 256 256 256 256 256 256 256 256 256 256 256 256 256 256 256 256 256 256 256 256 256 255 255 255 255 255 255 256 256 255 255 255 255 255 255 255 255 256 256 255 255 255 255 254 255 255 254 254 254 254 254 255 255 255 255 255 255 254 254 254 254 254 254 254 254 254 254 254 254 254 254 254 254 254 254 255 255 255 255 254 254 255 254 254 254 254 255 255 255 255 255 256 256 257 257 257 257 257 257 257 257 257 257 257 257 257 257 257 257 256 256 256 256 256 256 256 256 256 256 256 256 255 255 255 255 254 254 254 254 254 254 254 254 254 254 254 254 254 254 254 254 254 254 253 253 253 253 253 253 253 253 253 253 253 253 253 253 253 252 252 252 252 252 252 252 252 252 252 252 252 252 252 252 252 252 251 252 252 251 252 252 252 255 256 256 256 257 257 256 257 257 256 255 255 254 255 256 255 255 255 255 254 254 253 253 254 254 254 253 253 253 253 253 253 253 254 254 254 254 255 254 254 253 253 253 253 253 253 253 254 254 253 253 253 254 254 254 254 254 254 254 254 254 255 255 255 255 255 254 254 254 253 253 253 254 254 254 254 254 254 254 254 254 254 255 254 255 254 254 254 254 254 255 254 254 254 254 254 255 254 254 254 254 255 255 255 255 255 255 255 255 254 254 253 254 254 254 255 255 255 255 255 255 254 254 254 254 255 255 255 255 255 255 255 255 255 255 255 255 254 254 254 254 254 254 254 254 254 254 254 254 254 255 255 256 255 255 255 254 254 254 254 254 254 254 254 254 254 254 254 254 254 254 254 254 254 254 254 254 254 254 254 254 254 254 254 254 254 254 254 254 254 256 256 256 256 256 256 256 256 256 256 256 256 256 256 256 256 256 256 256 256 256 256 256 256 256 256 256 256 256 256 256 256 255 255 255 255 255 255 255 255 255 255 255 255 255 255 255 255 255 255 254 255 255 254 254 254 254 254 254 254 255 255 255 255 254 254 254 254 254 254 254 254 254 254 254 254 254 254 254 254 254 254 255 254 254 254 254 254 254 254 254 254 254 255 255 255 255 255 256 256 256 257 257 257 257 257 257 257 256 257 257 257 257 257 257 256 256 256 256 256 256 256 255 255 256 256 256 256 255 255 254 254 255 254 254 254 254 255 254 254 254 254 254 254 254 254 254 254 254 254 253 253 253 253 253 253 253 253 253 253 253 253 253 253 253 253 252 252 252 252 252 252 252 252 252 252 252 252 252 252 252 252 252 252 252 252 252 252 252 256 257 257 256 256 257 256 256 255 254 254 255 255 256 256 256 256 256 256 255 254 255 255 255 254 254 254 254 254 254 254 254 254 254 254 255 254 254 253 253 253 253 253 253 254 253 254 254 253 253 253 253 254 253 253 254 254 254 254 255 255 255 255 255 254 254 254 254 254 254 254 254 254 254 254 254 254 254 254 254 254 255 255 255 254 254 253 254 255 254 254 254 255 255 254 254 254 254 255 255 255 255 255 255 255 255 255 255 254 254 254 254 254 254 254 254 255 255 255 255 254 254 254 254 254 255 255 255 255 255 255 255 255 255 255 255 254 254 254 254 254 254 254 254 254 254 254 254 255 255 255 255 255 255 255 254 254 255 255 254 254 254 254 254 254 254 254 254 254 254 254 254 254 254 254 254 254 254 254 254 254 254 254 254 254 254 254 254 257 256 256 256 256 256 256 256 256 256 256 256 256 256 256 256 255 256 256 256 256 256 256 256 256 256 256 256 256 256 256 255 255 255 255 255 255 256 256 256 255 255 255 255 255 255 255 255 255 255 255 254 254 254 254 254 254 254 254 254 254 255 255 255 254 254 254 254 254 254 254 254 254 254 254 254 254 254 254 254 254 255 254 254 254 255 255 255 254 254 254 254 254 254 254 255 255 255 256 256 256 256 257 257 257 257 257 257 257 257 257 257 257 257 256 256 256 255 256 256 256 256 255 255 255 256 256 256 255 255 255 254 254 254 254 254 254 254 254 254 254 254 254 254 254 254 254 254 254 254 253 253 253 253 253 253 253 253 253 253 253 253 253 253 253 253 252 252 253 252 252 252 252 252 252 252 252 252 252 252 252 252 252 252 252 252 252 252 252 256 256 256 257 257 256 255 255 255 254 255 255 256 257 256 257 256 256 256 256 256 256 256 256 255 255 255 254 254 254 255 254 254 254 254 255 255 253 253 253 253 253 253 253 253 253 253 254 253 253 253 253 253 253 253 254 254 254 255 255 255 255 255 255 254 254 254 254 254 254 254 254 254 254 254 254 254 254 254 254 254 254 254 254 254 253 254 254 254 254 254 254 254 254 254 254 254 255 255 254 255 255 254 255 254 254 255 255 254 254 254 254 254 254 254 255 255 254 255 255 255 255 255 254 254 254 255 255 255 255 255 255 255 255 255 254 255 254 254 254 255 255 255 255 254 254 255 255 255 255 255 255 255 255 255 255 255 255 254 254 254 254 254 254 254 254 254 254 254 254 254 254 254 254 254 254 254 254 254 254 254 254 254 254 254 254 254 257 256 256 256 256 256 256 256 256 257 256 257 257 256 256 256 255 256 256 256 256 256 256 256 256 256 256 256 256 256 256 256 255 255 255 255 255 256 256 255 255 255 255 255 255 255 255 255 255 256 255 254 254 254 254 254 254 254 254 254 254 255 255 255 255 254 254 254 254 254 254 254 254 254 254 254 254 254 254 254 254 254 254 254 254 255 255 255 255 255 255 255 255 255 255 255 255 255 255 255 256 256 256 256 256 257 257 257 257 257 257 256 257 256 256 255 255 256 256 256 256 255 255 255 255 255 255 255 255 255 254 254 254 254 254 254 254 254 254 254 254 254 254 254 254 254 254 254 254 254 253 253 253 253 253 253 253 253 253 253 253 253 253 253 253 252 252 252 252 252 252 252 252 252 252 252 252 252 252 252 252 252 252 252 252 252 252 252 252 256 256 257 258 257 256 255 255 255 255 255 256 257 257 257 257 257 257 257 257 256 256 256 256 256 256 255 255 255 254 254 254 254 254 255 255 253 253 253 253 253 253 253 253 253 253 253 253 253 253 254 254 253 253 253 253 254 254 254 255 255 255 254 254 254 254 254 254 254 254 254 254 254 254 254 254 254 254 254 254 254 254 254 254 253 254 254 255 255 254 254 254 254 254 254 255 255 254 254 255 255 254 254 254 254 255 255 254 254 254 254 254 254 254 254 255 254 254 255 254 255 255 255 255 254 254 255 255 255 255 255 255 255 255 254 255 254 254 255 255 255 255 254 254 254 254 254 254 255 255 255 255 255 255 255 255 255 255 254 254 254 254 254 254 254 254 254 254 254 254 254 254 254 254 254 254 254 254 254 254 254 254 254 254 254 254 256 256 256 256 256 256 256 256 256 256 256 256 257 256 256 256 256 256 256 256 256 256 256 256 256 256 256 256 256 256 256 255 255 255 255 255 255 255 255 255 255 255 255 255 255 255 255 255 255 255 254 254 254 255 255 254 254 254 254 254 254 255 255 255 255 254 254 254 254 254 254 254 254 254 254 254 254 255 255 254 254 254 254 254 254 254 255 255 255 255 255 255 255 255 255 255 255 255 255 255 256 256 256 256 256 257 257 257 257 257 256 256 256 255 255 255 256 256 256 256 256 255 255 255 255 255 255 255 255 254 255 254 254 254 254 254 254 254 254 254 254 254 254 254 254 254 254 254 254 254 253 253 253 253 253 253 253 253 253 253 252 252 252 252 252 253 252 252 252 253 253 253 252 252 252 252 252 252 252 252 252 252 252 252 252 252 252 257 257 258 258 257 256 256 256 256 256 256 257 257 257 257 257 257 257 257 257 257 257 257 256 256 255 255 254 254 254 255 255 254 255 254 253 253 253 253 253 253 253 253 253 253 254 253 253 253 254 254 254 253 254 254 254 254 254 255 255 255 254 254 254 254 254 254 254 254 254 254 254 254 254 254 254 254 254 254 254 254 253 253 253 254 254 254 254 254 254 254 254 254 254 255 255 254 254 254 254 254 254 255 254 255 255 255 255 254 254 254 253 254 254 254 254 254 254 254 254 254 254 254 254 255 255 255 255 255 255 255 255 255 254 255 255 255 255 255 255 254 254 254 254 254 254 254 254 254 254 254 255 255 255 255 255 255 255 254 254 254 254 254 254 254 254 254 254 255 254 254 254 254 254 254 254 254 254 254 254 254 254 254 254 254 256 256 256 256 256 256 256 256 256 256 256 257 257 256 256 256 256 256 256 256 256 256 256 256 256 256 256 256 256 256 256 255 255 255 255 255 255 255 255 255 255 255 255 255 255 255 255 255 255 255 254 254 254 255 255 254 254 254 254 254 254 255 255 255 255 255 254 254 254 254 254 254 254 254 254 254 254 254 255 254 254 254 254 254 254 254 254 255 255 255 255 255 255 255 255 255 255 255 255 256 256 256 256 256 257 257 256 256 256 256 256 256 255 255 256 256 256 256 256 256 255 255 255 255 255 255 255 255 254 254 254 254 254 254 254 254 254 254 254 254 254 254 254 254 254 254 254 254 254 254 253 253 253 253 253 253 253 253 253 253 252 252 252 252 252 252 252 252 252 252 252 252 252 252 252 252 252 252 252 252 252 252 252 252 252 252 252 258 258 257 257 257 256 256 256 256 256 257 257 257 257 257 257 258 257 257 257 257 257 257 256 256 256 256 256 256 256 255 255 256 255 253 253 253 254 254 253 253 253 253 254 254 254 254 254 254 254 254 254 254 254 254 254 254 254 254 254 255 255 254 254 254 254 254 254 254 254 254 254 254 253 253 254 254 254 254 254 254 254 253 254 254 254 255 254 255 255 254 254 255 255 255 254 254 254 253 254 254 254 255 254 254 255 255 254 253 253 253 254 254 254 255 254 254 254 254 254 254 255 255 255 255 255 255 255 255 255 255 255 254 255 254 254 254 254 254 254 254 255 255 254 254 254 254 254 254 254 254 254 254 254 254 254 254 254 254 255 254 254 254 254 254 254 254 254 254 254 254 254 254 254 254 254 254 254 254 254 254 254 254 254 256 256 256 256 256 256 256 256 256 256 256 256 257 256 256 256 256 256 256 256 256 256 256 256 256 256 256 256 256 256 256 256 256 256 256 256 256 256 256 256 255 255 255 255 255 256 255 255 255 255 254 254 255 255 255 255 254 254 254 254 254 255 255 255 255 255 254 254 254 254 254 254 254 254 254 254 255 255 255 254 254 254 254 254 254 254 254 255 255 255 254 255 255 255 255 255 255 255 255 255 256 257 256 256 257 257 257 257 256 256 256 255 255 255 256 256 256 256 256 255 255 255 255 255 255 255 254 255 255 254 254 254 254 254 254 254 254 254 254 254 254 254 254 254 254 254 254 254 254 254 253 253 253 253 253 253 253 253 253 253 252 252 252 252 252 252 252 252 252 252 252 252 252 252 252 252 252 252 252 252 252 252 252 252 252 252 252 258 258 257 257 258 257 257 257 256 256 257 257 257 257 257 258 257 257 257 258 258 257 257 257 256 256 256 256 257 257 256 256 256 256 254 253 253 253 254 254 255 255 255 255 255 255 255 255 255 255 255 255 254 254 254 254 254 254 254 254 254 255 255 254 254 254 254 254 254 254 254 254 254 254 253 253 254 254 254 254 254 254 254 254 254 254 254 254 255 255 255 255 255 255 255 254 255 254 254 253 253 254 254 254 253 253 253 253 254 254 254 254 254 254 254 254 254 254 254 254 254 254 255 255 255 255 255 255 255 255 255 255 255 255 254 254 254 254 254 254 254 255 255 254 254 254 254 254 255 255 254 255 254 254 254 254 254 254 255 255 255 255 255 254 254 254 254 254 254 254 254 254 254 254 254 254 254 254 254 254 254 254 254 254 256 256 256 256 256 256 256 256 256 256 256 256 257 256 256 256 256 255 256 256 256 256 256 256 256 256 256 256 256 256 256 256 256 256 256 256 256 256 256 256 256 256 256 256 256 256 255 255 255 255 254 254 254 255 255 254 254 254 254 254 254 255 255 255 255 255 254 254 254 254 254 254 254 255 255 254 255 255 254 254 254 254 254 254 254 254 254 255 255 255 254 254 255 255 255 255 254 254 255 255 256 256 256 256 256 256 257 257 257 256 256 255 255 255 255 256 256 255 255 255 255 255 255 255 255 255 255 254 254 254 254 254 254 254 254 254 254 254 254 254 254 254 254 254 254 254 254 254 254 254 253 254 254 253 253 253 253 253 253 253 253 252 252 252 252 252 252 252 252 252 252 252 252 252 252 252 252 252 252 252 252 252 252 252 252 252 252 257 257 257 257 257 257 257 257 257 256 256 256 256 257 258 258 257 257 258 258 257 257 257 257 256 256 257 257 257 257 257 257 256 255 254 254 255 255 255 255 255 255 255 255 255 255 255 255 255 255 255 254 254 254 254 254 254 254 254 254 254 254 254 254 254 254 254 254 254 254 254 254 254 254 253 254 254 254 254 254 254 254 254 254 254 255 255 255 255 255 255 255 255 254 254 254 254 253 253 253 253 253 253 254 253 253 253 254 255 255 254 254 254 254 254 254 254 254 254 254 254 254 254 255 255 255 255 255 255 255 255 255 255 255 255 254 254 254 254 254 255 254 254 254 254 254 255 255 255 254 254 255 255 254 254 254 255 255 255 255 255 254 254 254 254 254 254 254 254 254 254 254 254 254 254 254 254 254 254 254 254 254 254 256 256 256 256 256 256 257 257 256 256 256 256 256 257 256 256 256 256 256 256 256 256 256 256 256 256 256 256 256 256 256 255 256 256 256 256 256 256 256 256 256 256 255 256 255 256 255 255 255 255 254 254 254 254 255 254 254 254 254 254 254 255 255 255 255 255 254 254 254 254 254 254 254 255 255 255 255 254 254 254 254 254 254 254 254 254 254 254 254 255 254 254 255 255 255 255 254 254 254 255 256 256 256 256 256 256 257 257 257 257 256 256 256 255 254 255 256 255 254 254 255 255 255 255 255 255 255 255 254 255 254 254 254 254 254 254 254 254 254 254 254 254 254 254 254 254 254 254 254 254 253 253 253 253 253 253 253 253 253 253 253 252 252 252 252 252 252 252 252 252 252 252 252 252 252 252 252 252 252 252 252 252 252 252 252 252 252 257 257 257 257 257 257 257 257 257 256 257 256 257 257 257 257 258 258 258 257 257 257 257 257 257 257 257 257 257 257 257 257 255 255 255 255 255 255 255 255 255 255 255 255 255 255 255 255 255 255 255 255 254 254 254 254 254 254 254 254 254 254 254 254 254 254 254 254 254 254 254 254 254 254 253 254 254 254 254 254 254 254 254 254 254 254 254 255 255 255 255 255 255 255 254 254 253 254 254 254 254 255 255 254 253 253 254 254 254 254 254 254 254 254 254 254 254 254 254 254 254 254 254 254 255 255 255 255 255 255 255 255 255 255 255 255 254 254 255 254 254 254 254 254 255 255 255 254 255 254 255 254 254 254 254 254 254 254 255 255 255 254 254 254 254 254 254 254 254 254 254 254 254 254 254 254 254 254 254 254 254 254 256 256 256 256 256 257 257 256 256 256 256 257 256 256 256 256 256 256 256 255 255 256 256 256 255 255 255 256 256 256 256 256 256 256 256 256 256 256 256 255 255 255 255 255 255 255 255 255 255 255 254 254 255 255 255 254 254 254 254 254 254 255 255 255 255 255 254 254 254 254 254 254 254 255 255 255 255 254 254 254 254 254 254 254 254 254 254 254 254 254 254 254 254 255 255 255 254 254 254 255 256 256 256 256 256 256 256 256 256 257 256 256 256 256 255 254 255 255 255 254 254 254 255 255 255 254 254 255 254 254 254 254 254 254 254 254 254 254 254 254 254 254 254 254 254 254 254 254 254 254 253 253 253 253 253 254 253 253 253 253 253 252 253 253 253 252 252 252 252 252 252 252 252 252 252 252 252 252 252 252 252 252 252 252 252 252 252 257 256 257 257 256 256 256 256 257 256 256 256 257 257 257 257 258 258 257 257 257 257 257 257 257 257 257 257 257 257 257 255 256 256 255 255 255 255 255 255 255 255 254 255 255 255 255 255 255 255 255 254 254 254 254 254 254 254 254 254 254 254 254 254 254 254 254 254 254 254 254 254 254 254 254 254 254 254 254 254 254 254 254 254 254 254 254 254 255 254 255 255 254 254 253 254 255 254 254 254 255 255 254 254 253 254 254 254 254 254 255 254 255 254 254 254 254 254 254 254 254 254 254 254 254 255 255 255 255 255 255 255 255 255 255 255 255 255 254 254 255 255 255 255 254 254 254 255 254 255 254 254 254 254 254 254 255 255 255 255 254 254 254 254 254 254 254 253 253 253 253 254 254 254 254 254 254 254 254 254 254 256 256 256 256 256 257 257 256 256 256 256 256 256 256 256 256 256 256 256 256 256 256 256 256 256 256 256 255 255 255 255 256 256 256 256 256 256 256 255 255 255 255 255 255 255 255 255 255 255 255 254 255 255 255 255 254 254 254 254 254 254 255 255 255 255 255 255 254 254 254 254 254 254 255 255 254 254 254 254 254 255 255 255 255 254 254 254 254 254 254 254 254 255 255 255 254 254 254 255 255 256 256 256 256 256 256 256 256 256 256 256 256 256 256 256 255 254 254 255 255 254 254 255 255 255 255 254 254 254 254 254 254 254 254 254 254 254 254 254 254 254 254 254 254 254 254 255 254 254 254 253 253 253 253 254 254 253 253 253 253 253 253 253 253 253 252 252 252 252 252 252 252 252 252 252 252 252 252 252 252 252 252 252 252 252 252 252 256 256 257 257 257 256 256 256 256 256 256 257 257 258 257 257 257 257 257 257 257 257 257 257 257 257 256 256 256 257 255 255 255 255 255 255 255 255 255 254 254 254 254 254 255 255 255 255 255 255 255 255 254 254 254 253 254 254 253 254 254 253 254 254 254 254 254 254 254 254 254 254 254 254 254 254 254 254 254 254 254 254 254 254 254 254 254 254 254 254 254 254 253 254 254 254 254 254 254 254 254 254 254 254 254 254 254 254 254 254 255 255 255 254 254 254 254 254 254 254 254 254 254 254 254 255 255 255 255 255 255 255 255 255 255 255 255 255 255 255 254 254 254 254 254 254 254 254 254 255 254 254 255 254 254 254 255 255 255 255 255 254 255 255 254 254 254 253 253 254 254 254 254 254 254 254 254 254 254 254 256 256 256 256 257 257 257 257 257 257 256 256 256 256 256 257 256 256 256 256 256 256 256 256 256 256 256 256 255 255 255 255 256 256 256 256 256 255 255 256 255 255 255 255 255 255 255 255 255 255 255 255 255 254 254 254 254 254 254 254 254 255 255 255 255 255 255 254 254 254 254 254 254 254 255 255 254 254 254 254 255 255 255 254 254 254 254 254 254 254 254 254 254 255 255 254 255 255 254 255 256 256 256 256 255 256 256 256 256 256 256 256 256 256 256 256 255 255 255 254 254 254 254 254 255 255 255 254 254 254 254 254 254 254 254 254 254 254 254 254 254 254 254 254 254 254 254 254 254 254 253 253 253 254 254 253 253 253 253 253 253 253 252 252 252 252 253 252 252 252 252 252 252 252 252 252 252 252 252 252 252 252 252 252 252 252 257 257 257 257 257 257 257 256 256 256 256 257 257 258 258 257 257 257 257 257 257 256 256 256 256 256 256 256 256 255 255 255 255 255 255 255 254 254 254 254 254 254 254 254 255 255 254 255 255 255 255 255 254 254 254 253 253 253 253 253 253 253 253 254 254 254 254 254 254 254 254 254 254 254 254 254 254 254 254 254 254 254 254 254 254 254 254 254 254 254 253 254 254 254 254 254 254 254 254 254 254 254 254 254 254 254 254 254 254 254 255 255 254 254 254 254 254 254 254 254 254 254 254 254 254 254 255 255 255 255 255 255 255 255 255 255 255 255 255 255 255 255 255 254 255 254 254 254 255 254 254 254 254 254 254 254 255 255 255 255 255 255 255 254 254 253 253 253 253 253 254 254 254 254 254 253 253 254 254 256 257 257 257 257 256 256 257 257 257 256 257 256 256 256 256 257 256 257 256 256 256 256 256 256 256 256 255 255 255 255 255 256 256 256 256 256 256 256 255 255 255 255 255 255 255 255 255 255 255 254 255 255 254 254 254 254 254 254 254 254 254 255 255 255 255 255 255 254 254 254 254 254 254 254 255 254 254 254 254 254 254 254 254 254 254 254 254 254 254 254 254 254 254 254 254 254 255 254 255 255 255 256 256 255 255 256 256 256 256 256 256 256 256 256 256 255 255 255 255 254 254 254 254 254 255 254 254 254 254 254 254 254 254 254 254 254 254 254 254 254 254 255 254 254 254 254 254 254 254 253 254 254 254 254 253 253 253 253 253 253 253 253 252 252 252 252 252 252 252 252 252 252 252 252 252 252 252 252 252 252 252 252 252 252 252 257 257 257 257 257 257 256 256 257 257 256 257 257 258 257 257 257 257 257 257 257 256 256 256 256 256 256 256 255 255 255 255 255 255 255 255 255 254 254 254 254 254 254 254 254 254 254 254 254 254 254 254 254 254 254 253 253 253 253 253 253 253 253 253 253 253 253 254 254 254 254 254 254 254 254 254 254 254 254 254 254 254 254 254 254 254 254 254 254 254 254 254 254 254 253 253 254 254 254 254 254 254 254 254 254 254 254 254 254 254 255 255 254 254 254 254 254 254 254 254 254 254 254 254 254 254 254 255 254 254 254 255 255 255 255 255 255 255 255 255 255 255 255 255 255 255 255 255 255 255 254 255 255 255 255 255 255 255 255 255 255 255 254 254 254 253 253 253 253 254 254 254 254 254 253 253 254 254 256 256 256 256 256 256 256 256 257 257 257 257 256 256 256 256 257 257 257 257 257 256 256 256 256 256 255 256 255 255 255 255 255 256 256 256 256 256 255 255 255 255 255 255 255 255 255 255 255 255 255 255 255 255 254 254 254 254 254 254 254 254 255 255 255 255 255 255 255 254 254 254 254 254 254 255 254 254 254 254 254 254 254 254 254 254 254 254 254 254 254 254 254 254 254 254 254 254 254 254 255 255 256 256 255 255 256 256 256 256 256 256 256 255 256 256 255 255 255 255 254 254 254 254 254 254 254 254 254 254 254 255 255 254 254 255 254 254 254 254 254 254 254 255 255 255 254 254 254 254 254 254 254 254 254 253 253 253 253 253 253 253 253 253 252 252 252 252 252 252 252 252 252 252 252 252 252 252 252 252 252 252 252 252 252 252 257 256 256 256 256 256 256 257 257 257 257 257 258 257 257 257 257 257 257 257 256 256 256 256 256 256 256 255 255 255 255 255 255 255 255 255 254 254 254 254 254 254 254 254 254 254 254 254 254 254 254 254 254 254 253 254 254 254 253 253 253 253 253 253 253 253 253 254 254 254 254 254 254 254 254 254 254 254 254 254 254 254 254 254 254 254 254 254 254 254 255 255 254 254 253 253 254 254 254 254 254 254 254 254 254 254 254 254 254 254 255 255 254 254 254 254 254 254 254 254 254 254 254 254 254 254 254 254 254 254 254 254 255 255 255 255 255 255 255 255 255 255 255 255 255 255 255 255 255 254 254 254 254 254 254 254 254 255 255 255 255 255 255 254 253 253 253 253 254 254 254 254 254 254 253 253 254 256 256 256 256 256 256 256 256 256 257 257 256 256 256 257 257 257 257 256 256 256 257 256 256 256 256 256 256 255 255 255 255 255 255 256 256 255 255 255 255 255 255 255 255 255 255 255 255 255 255 255 255 255 254 254 254 254 254 254 254 254 254 255 255 255 255 255 255 255 254 254 254 254 254 254 255 255 254 254 254 254 254 254 254 255 255 254 254 254 254 254 254 254 254 254 254 254 254 254 254 255 255 255 255 255 255 255 255 255 255 256 256 255 255 256 255 255 255 255 255 255 254 254 254 254 254 254 255 255 255 254 255 254 254 254 255 254 254 255 254 254 254 254 254 254 255 255 254 254 254 254 254 254 254 254 253 253 253 253 253 253 253 253 253 253 253 252 252 252 252 252 252 252 252 252 252 252 252 252 252 252 252 252 252 252 257 257 257 256 256 256 256 257 256 257 257 257 257 257 257 256 256 256 256 256 256 256 256 256 256 256 255 255 255 255 255 255 255 255 255 255 254 254 254 254 254 254 254 254 254 254 254 254 254 254 255 254 254 254 254 254 254 254 253 253 253 253 253 252 252 253 253 254 254 254 254 254 254 254 254 254 254 254 254 254 254 254 254 254 254 254 254 254 254 254 255 254 254 254 253 254 254 254 254 254 254 254 254 254 254 254 254 254 254 254 255 255 255 255 254 255 254 254 254 254 254 254 254 254 254 254 254 254 254 254 254 254 255 255 255 255 255 255 255 255 255 255 255 255 255 255 255 255 254 254 254 254 254 254 255 254 255 255 255 255 255 255 254 254 254 253 253 253 253 254 254 254 254 253 253 254 256 256 257 256 256 256 256 256 256 256 257 257 257 256 257 257 257 257 257 257 256 256 256 256 256 256 256 256 255 255 255 255 255 255 255 255 255 255 255 255 255 255 255 255 255 255 256 255 256 256 255 255 255 254 254 254 254 254 254 254 254 255 255 255 255 255 255 255 255 254 254 254 254 254 254 255 255 255 255 255 255 254 254 254 254 255 255 254 254 254 254 254 254 255 255 255 254 254 254 254 255 256 256 256 255 255 255 255 255 255 255 255 255 255 255 255 255 255 255 255 254 254 254 254 254 254 254 255 255 255 255 255 255 254 254 254 254 254 254 255 254 254 254 254 254 254 255 254 254 254 254 254 253 253 253 253 253 253 253 253 253 253 253 253 253 253 252 252 252 252 253 253 252 252 252 252 252 252 252 252 252 252 252 253 252 257 256 256 256 256 257 256 257 257 257 257 256 256 256 256 256 256 256 256 256 256 256 256 256 256 255 255 255 255 255 255 255 255 255 255 255 254 255 255 255 254 254 254 254 254 254 255 255 255 255 255 255 255 255 254 254 254 253 253 253 253 254 253 253 252 253 253 254 254 254 254 254 254 254 254 254 254 254 254 254 254 254 254 254 254 254 254 254 254 254 255 254 254 253 253 254 254 254 254 254 254 254 254 254 254 254 254 254 254 254 255 255 255 255 255 255 254 254 254 254 254 254 254 254 255 254 254 254 254 254 254 254 254 255 255 255 255 255 255 255 255 255 255 255 255 255 255 254 254 254 254 254 254 254 255 255 255 255 255 255 254 254 254 253 253 253 253 253 253 253 254 253 253 253 253 256 256 257 257 256 256 256 257 257 257 257 257 257 257 257 257 257 257 257 257 257 256 256 256 256 256 256 256 256 255 255 255 255 255 255 255 255 255 255 255 256 255 255 255 255 255 256 256 255 256 255 255 255 254 254 254 254 254 254 254 254 255 255 255 255 255 255 255 255 254 254 254 254 254 254 255 255 255 255 255 255 255 255 255 254 254 255 255 255 255 254 254 254 255 255 255 255 255 254 255 255 256 256 256 256 255 255 255 255 255 255 255 255 255 255 255 255 255 255 255 254 254 254 254 254 254 254 254 255 255 255 255 254 254 254 254 254 254 254 254 254 254 254 254 254 254 254 254 254 254 254 254 253 254 253 253 253 253 253 253 253 253 253 253 253 252 252 252 252 252 252 252 252 252 252 252 252 252 252 252 252 252 252 252 257 256 256 255 256 256 256 256 256 256 256 256 255 255 256 255 255 255 256 256 256 256 256 256 256 255 255 255 255 255 255 255 255 255 255 255 255 255 255 254 254 254 254 254 254 254 254 254 254 254 254 255 255 255 254 254 254 254 254 254 253 253 253 253 252 252 253 253 254 254 254 254 254 254 254 254 254 254 254 254 254 254 254 254 254 254 254 254 254 254 254 254 254 254 254 253 254 254 254 254 254 254 254 254 254 254 254 254 254 254 254 254 255 255 255 255 255 255 254 254 254 254 254 254 254 254 254 254 254 254 254 254 254 255 255 255 255 255 255 255 255 255 255 255 255 255 255 255 255 254 254 254 254 254 254 254 255 255 255 255 255 254 254 254 253 253 253 253 253 253 253 253 254 254 253 256 256 256 256 256 256 256 256 256 256 257 257 257 257 257 257 257 257 256 256 257 257 256 256 256 256 256 256 256 256 256 256 256 256 256 256 256 256 256 256 256 255 255 256 255 255 256 256 256 256 255 255 254 254 254 254 254 254 254 254 254 255 255 255 255 255 255 255 255 254 254 254 254 254 254 255 255 255 255 255 254 254 255 255 254 254 255 255 255 255 254 254 254 254 255 255 255 255 255 255 255 255 255 255 255 255 255 255 255 254 255 255 255 255 255 255 255 255 255 255 255 254 254 254 254 254 254 255 255 255 255 254 254 254 254 254 254 254 254 254 254 255 255 254 254 254 254 254 254 254 253 253 253 253 253 253 253 253 253 253 253 253 252 252 252 252 252 252 252 252 252 252 252 252 252 252 252 252 252 252 252 252 252 256 256 255 255 255 255 254 255 255 255 256 256 255 255 255 255 255 256 256 257 257 257 257 257 255 255 255 255 255 255 255 255 255 255 255 255 255 255 255 255 255 254 254 254 254 254 254 254 254 255 255 255 255 255 255 255 255 254 254 254 254 254 254 253 253 253 253 253 253 253 253 253 253 254 254 254 254 254 254 254 254 254 254 254 254 254 254 254 254 254 254 254 255 254 254 253 254 254 254 254 254 254 254 254 254 254 254 254 254 254 254 254 254 255 255 255 254 254 254 254 254 254 254 254 254 254 254 254 254 254 254 254 254 255 255 255 255 255 255 255 255 255 255 255 255 255 255 255 255 254 254 254 254 254 254 255 255 255 255 255 255 254 254 254 254 253 253 253 253 253 254 253 253 254 256 256 256 256 256 256 256 256 256 256 257 257 256 256 256 256 256 256 256 256 256 256 256 256 256 256 256 256 256 256 256 256 256 256 256 256 256 256 256 256 255 255 256 256 256 255 255 256 256 256 255 255 255 254 254 254 254 254 254 254 254 255 255 255 255 255 255 255 255 254 254 254 254 254 254 255 255 255 255 254 254 254 254 254 254 254 254 255 255 254 254 255 254 254 254 255 255 255 255 255 255 255 255 255 255 255 255 255 255 255 254 255 255 255 255 255 255 255 255 255 255 255 254 254 254 254 254 254 254 255 255 254 254 254 254 254 254 254 254 254 254 255 255 255 255 254 254 254 254 254 253 253 253 253 253 253 253 253 253 253 253 253 252 252 252 252 252 252 252 252 252 252 252 252 252 252 252 252 252 252 252 252 252 256 255 255 255 255 254 254 255 255 255 256 256 255 255 254 255 255 256 256 256 256 256 257 255 255 255 255 255 255 255 255 255 255 255 255 255 255 255 255 254 254 254 254 255 255 254 254 255 255 255 255 255 255 255 255 254 254 255 255 254 254 254 254 254 253 253 253 253 253 253 253 254 254 254 254 254 254 254 254 254 254 254 254 254 254 254 254 254 254 254 254 254 254 254 254 254 254 254 253 254 254 254 254 254 254 254 254 254 254 254 254 254 255 255 255 255 255 255 254 254 254 254 254 254 254 254 254 254 254 254 254 254 254 255 255 255 255 255 255 255 255 255 255 255 255 255 255 254 254 254 254 254 254 254 255 255 255 255 255 255 255 254 254 254 254 254 253 253 253 254 254 254 254 256 256 256 256 256 256 256 256 256 256 257 257 256 256 256 256 256 256 256 256 256 256 256 256 256 256 256 256 256 256 256 256 256 256 256 256 256 256 256 256 255 256 256 256 256 256 256 256 256 256 256 255 254 254 254 254 254 254 254 254 254 255 255 255 255 255 255 255 255 254 254 254 254 254 254 255 254 254 254 254 254 254 254 254 254 254 255 254 254 254 254 254 254 254 254 254 254 255 255 255 256 255 255 256 255 255 255 255 255 255 254 254 254 254 254 254 255 255 255 255 254 254 254 254 254 254 254 254 254 254 254 254 254 254 254 254 254 254 254 254 254 254 254 255 254 254 254 254 254 254 253 253 253 253 253 253 253 253 253 253 253 253 253 253 252 253 252 252 252 252 252 252 252 252 252 252 251 252 252 252 252 252 252 256 256 254 254 255 256 256 255 255 255 255 254 255 255 255 255 255 256 256 256 255 255 255 255 255 255 255 254 254 254 254 254 254 254 254 255 255 255 255 254 254 255 254 254 254 255 255 255 255 255 254 254 254 254 255 255 255 255 254 254 254 253 253 253 253 253 254 254 254 254 254 254 254 254 254 254 254 254 254 254 254 254 254 254 254 254 254 254 254 254 254 254 255 255 254 253 254 254 254 254 254 254 254 254 254 254 254 254 254 254 255 255 255 255 255 255 255 254 254 254 254 254 254 254 254 254 254 254 254 254 254 254 255 255 255 255 255 255 255 255 255 255 255 255 255 254 254 254 254 254 254 255 255 255 254 255 255 254 254 254 254 254 254 253 253 253 254 254 254 254 256 256 256 256 256 256 256 256 256 256 256 257 257 256 256 256 256 257 257 257 257 256 256 256 256 256 256 256 256 256 256 256 256 256 256 256 256 256 256 256 256 256 256 256 256 256 256 256 256 256 256 255 254 254 254 254 254 254 254 254 254 255 255 255 255 255 255 255 255 255 254 254 254 254 254 254 254 254 254 254 254 255 255 255 255 255 255 254 255 254 254 254 254 254 254 254 254 254 254 254 256 256 256 256 256 255 256 255 255 255 254 254 254 254 254 254 254 254 254 254 254 254 254 254 254 254 254 254 254 254 254 254 254 254 254 254 254 254 254 254 254 254 254 254 254 254 254 254 254 254 253 253 253 253 253 253 253 253 253 253 253 253 253 253 252 252 252 252 252 252 252 252 252 252 252 252 251 252 252 252 252 252 252 252 255 254 254 255 256 255 255 254 255 255 255 255 255 255 255 255 256 256 255 256 256 255 255 255 255 254 254 254 254 254 254 254 254 254 254 254 254 255 254 254 254 254 254 255 255 255 255 255 255 254 254 255 254 254 254 254 254 254 254 254 254 254 254 254 254 254 254 254 254 254 254 254 254 254 254 254 254 254 254 254 254 254 254 254 254 254 254 254 254 255 255 255 254 254 254 253 254 254 254 254 254 254 254 254 254 254 254 254 254 254 255 255 255 255 255 255 254 254 254 254 254 254 254 254 254 254 254 254 254 254 254 255 255 255 255 255 255 255 255 255 255 255 255 255 254 254 254 254 254 254 255 255 254 255 255 255 254 254 254 254 254 253 253 253 253 254 254 254 256 256 256 256 256 257 256 256 256 256 256 257 257 257 257 257 257 257 257 257 257 256 256 256 256 256 256 256 256 256 256 256 256 256 256 256 256 256 256 256 256 256 256 256 256 256 256 256 256 256 255 254 254 254 254 254 254 254 254 254 254 255 255 255 255 255 255 255 255 255 254 254 254 254 254 254 254 254 254 254 255 255 255 255 255 255 255 254 254 254 254 255 255 255 254 254 254 254 254 254 255 255 256 256 256 256 256 256 256 255 255 255 254 254 254 254 254 254 255 254 254 254 254 254 254 254 254 255 254 254 254 254 254 255 254 254 254 254 254 254 254 254 254 254 254 254 254 254 254 254 253 253 253 253 253 253 253 253 253 253 253 253 253 252 252 252 252 252 252 252 252 252 252 252 252 252 252 252 252 252 252 252 252 252 255 255 254 255 255 254 254 255 255 255 255 256 256 256 256 256 256 256 255 255 256 256 256 255 255 255 254 254 254 254 254 254 254 254 254 254 254 254 254 255 255 255 255 255 255 255 255 255 255 255 254 254 255 255 254 254 254 254 253 253 254 254 254 254 254 254 254 254 255 255 254 254 254 254 254 254 254 254 254 254 254 254 254 254 254 254 254 254 254 254 255 255 254 254 254 253 254 254 254 254 254 254 254 254 254 254 254 254 254 254 254 255 255 255 255 255 255 255 254 254 254 254 254 254 254 254 254 254 254 254 254 255 255 255 255 255 255 255 255 255 255 255 255 255 255 254 254 254 254 254 254 254 254 254 254 255 255 255 254 254 254 254 253 253 254 254 254 254 256 256 256 256 256 256 256 257 257 257 256 257 257 257 257 256 257 256 256 256 256 257 257 256 256 256 256 256 256 256 256 256 256 256 256 256 256 256 256 256 256 256 256 256 256 256 256 256 256 256 255 254 254 254 254 254 254 254 254 254 254 255 255 255 255 255 255 255 255 255 254 254 254 254 254 254 254 255 255 255 255 255 255 255 255 254 255 254 254 254 254 254 254 254 254 255 255 255 255 254 255 255 255 255 255 255 256 256 256 256 256 255 255 255 255 255 255 254 255 255 255 255 255 256 256 256 256 257 256 255 254 254 255 255 254 254 254 254 254 254 254 254 254 254 254 254 254 254 254 254 253 253 254 254 253 253 253 253 253 253 253 252 252 252 252 252 253 253 252 252 252 252 252 252 252 252 252 252 252 252 252 252 252 252 252 254 254 254 255 255 255 255 255 255 256 256 257 257 257 257 255 255 256 256 256 256 256 255 255 255 254 254 254 254 254 254 254 254 254 254 254 254 254 255 255 254 254 255 255 255 255 255 255 254 254 255 254 254 254 254 253 253 253 253 253 253 253 254 253 254 255 255 255 254 254 254 254 254 254 254 254 254 254 254 254 254 254 254 254 254 254 254 254 254 254 254 254 254 253 254 254 254 254 254 254 254 255 254 255 254 254 254 254 254 255 255 255 255 255 255 255 254 254 254 255 255 254 254 254 254 254 254 254 255 255 255 255 255 255 255 255 255 255 255 255 255 255 255 254 254 254 254 254 254 254 254 254 254 254 255 255 255 254 254 254 254 254 254 254 254 256 256 256 256 256 256 256 256 257 257 256 256 257 256 256 256 256 256 256 256 256 256 256 256 256 256 256 256 256 256 256 256 256 256 256 256 256 256 256 256 256 256 256 256 256 255 255 256 256 255 254 254 254 254 255 255 255 254 254 254 254 255 255 255 255 255 255 255 255 255 255 254 254 254 254 254 254 255 255 255 254 254 255 255 255 254 254 254 254 254 254 254 254 254 254 254 254 255 255 255 256 256 256 255 255 255 256 256 256 256 256 256 256 255 255 255 255 254 255 255 255 255 256 257 256 256 256 257 256 255 255 254 254 255 254 255 255 255 254 254 254 254 254 254 254 254 254 254 254 254 253 254 254 253 253 253 253 253 253 253 252 252 252 252 252 252 253 253 253 252 252 252 252 252 252 252 252 252 252 252 252 252 252 252 252 252 254 255 255 255 255 255 256 256 256 257 257 257 257 257 256 255 256 256 256 255 255 256 255 255 255 255 255 255 254 254 254 254 254 254 254 254 254 254 254 255 254 254 254 255 255 254 254 254 254 254 254 255 255 254 253 253 254 254 254 253 253 253 253 253 254 254 254 255 255 255 254 254 254 254 254 254 254 254 254 254 254 254 254 254 254 254 254 254 254 255 254 254 254 253 254 254 254 254 254 254 254 254 254 254 255 255 254 254 254 255 255 255 255 255 254 254 254 254 254 255 255 255 255 255 255 255 255 255 255 255 255 255 255 255 255 255 255 255 255 255 255 255 255 254 254 254 254 254 254 254 254 254 254 255 255 255 254 254 254 254 254 254 254 254 256 256 256 256 256 256 256 256 256 256 256 256 256 256 257 257 257 256 256 256 256 256 256 256 256 256 256 256 256 256 256 256 256 256 256 256 256 256 256 256 256 256 256 256 255 255 255 255 256 255 255 254 254 254 254 255 255 254 254 254 254 255 255 255 255 255 255 255 255 255 255 254 254 254 254 254 254 255 255 255 254 254 254 254 254 254 254 254 254 255 255 254 254 254 254 254 254 254 254 255 256 256 256 256 256 255 255 256 256 256 256 256 256 256 256 256 255 255 255 255 255 255 256 256 256 255 255 256 256 256 256 255 254 255 255 255 255 255 254 254 255 254 254 254 254 254 255 255 254 254 253 253 253 253 253 253 253 253 253 252 252 252 252 252 252 252 252 253 253 253 252 252 252 252 252 252 252 252 252 252 252 252 252 252 252 252 252 255 255 255 256 256 256 256 256 256 256 256 257 257 257 255 255 255 255 255 255 255 255 256 256 256 255 255 255 255 255 254 254 254 254 254 254 254 254 255 255 254 254 254 254 254 254 254 254 254 254 254 254 254 254 254 253 254 254 254 254 253 253 252 252 253 253 253 253 254 254 254 254 254 253 253 253 254 254 254 254 255 255 255 255 255 254 254 254 254 254 255 254 254 254 253 254 254 254 254 254 255 255 254 255 255 255 255 255 254 255 255 255 255 255 254 255 255 254 254 254 254 254 254 254 254 254 254 254 254 254 255 255 255 255 255 255 255 255 255 255 255 255 255 255 254 254 254 254 254 254 254 254 254 254 254 254 254 254 254 254 254 254 254 254 256 256 256 256 256 256 256 256 256 256 256 256 256 257 257 257 257 256 256 257 256 256 256 256 256 256 256 256 256 256 256 256 256 256 256 256 256 256 256 256 256 256 256 256 255 255 255 255 255 255 254 254 255 255 254 255 255 255 254 254 254 255 255 255 255 255 255 255 255 255 255 254 254 254 254 254 254 255 255 254 254 254 254 254 254 254 254 254 254 254 254 254 254 254 254 254 254 254 254 255 255 255 255 255 255 255 255 255 255 256 256 255 255 255 255 256 256 256 255 255 256 255 255 255 255 255 255 255 256 256 256 256 255 255 255 255 255 255 255 255 255 254 254 254 254 254 254 255 255 254 254 253 253 253 253 253 253 254 253 252 252 252 253 252 252 253 253 253 253 253 253 252 252 252 252 252 252 252 252 252 252 252 252 252 252 252 252 252 254 254 255 255 255 255 255 256 256 256 256 256 257 256 256 256 256 256 256 256 257 256 257 257 257 257 256 256 256 255 256 256 255 255 255 255 255 255 256 256 256 256 255 255 255 255 255 255 255 255 255 255 255 254 254 255 255 255 255 255 255 255 255 254 254 253 253 253 254 254 254 254 254 254 254 254 254 254 254 255 255 255 255 255 255 255 255 255 255 255 255 255 254 254 254 254 254 255 255 255 255 255 255 255 255 255 255 255 255 255 256 256 255 255 255 255 254 254 254 254 254 255 254 254 254 255 255 255 255 255 255 255 255 255 255 255 255 255 255 255 255 255 255 255 255 255 255 255 254 254 254 255 255 255 255 255 254 254 254 254 254 254 255 257 257 256 256 256 256 256 256 257 257 257 257 257 257 258 257 257 257 257 257 256 256 256 256 256 256 256 256 256 256 256 256 256 256 256 256 256 256 256 256 256 256 256 256 256 256 256 256 255 255 255 255 255 255 255 255 255 255 255 255 255 255 255 255 255 255 255 255 255 255 255 255 255 255 255 255 255 255 255 255 255 255 255 255 255 255 255 255 255 255 255 255 255 255 255 255 255 255 255 255 255 255 255 255 255 255 256 256 256 256 255 255 255 255 255 255 256 256 256 255 255 255 255 255 256 256 256 256 256 256 256 255 255 255 254 255 255 255 255 255 255 255 255 255 254 254 254 255 254 254 253 253 253 253 253 253 253 254 254 253 252 253 253 253 253 253 253 253 253 253 253 253 253 252 252 252 252 252 252 252 252 253 253 253 252 252 253 253 254 254 254 254 255 255 255 255 256 256 257 257 256 256 256 256 256 256 256 256 256 257 257 257 257 257 257 256 256 256 257 256 256 255 255 255 255 255 256 256 256 256 256 256 255 255 255 255 255 255 255 255 255 254 255 255 255 255 256 256 256 255 254 254 254 254 254 254 254 254 255 254 254 254 254 254 254 254 254 255 255 255 255 255 255 255 255 255 255 255 255 254 254 254 254 254 254 255 255 255 255 255 255 255 255 255 255 255 255 255 256 255 255 255 255 254 254 254 255 255 255 255 255 255 255 255 255 255 255 255 255 255 255 255 255 255 255 255 255 255 255 255 255 255 255 255 255 255 255 254 254 255 255 255 255 254 254 254 254 254 255 255 256 256 256 256 256 256 257 256 256 256 257 257 257 257 257 257 257 257 257 257 257 257 256 256 256 256 256 256 256 256 256 257 256 256 256 256 256 256 256 256 256 256 256 256 256 256 256 256 256 256 255 255 255 255 255 255 255 255 255 255 255 255 255 255 255 255 255 255 255 255 255 255 255 255 255 255 255 255 255 255 255 255 255 255 255 255 255 255 255 255 255 255 255 255 255 255 255 255 255 255 255 255 255 255 255 255 256 256 256 255 255 255 255 255 256 255 255 256 256 255 255 256 255 255 255 256 256 256 256 256 256 255 255 255 254 254 255 255 255 255 255 255 255 255 254 254 254 254 254 254 253 254 253 253 253 253 253 254 254 254 253 253 253 253 253 253 253 253 253 253 253 253 253 253 252 252 252 252 252 252 252 252 253 253 252 252 252 253 254 254 254 254 255 255 255 255 256 256 256 256 256 255 256 256 256 256 256 257 256 257 257 257 257 257 256 256 256 257 256 256 256 255 255 255 255 256 256 256 256 256 256 255 255 255 255 255 255 255 256 255 255 254 254 255 255 255 255 256 256 255 255 255 254 254 254 254 254 255 254 254 254 254 254 254 254 254 254 255 255 255 255 255 255 255 255 255 255 255 254 255 255 254 255 254 255 255 255 255 255 255 255 255 255 255 255 255 255 255 256 255 255 255 255 254 255 255 255 255 255 255 255 255 255 255 255 255 255 255 255 255 255 255 255 255 255 255 255 255 255 255 255 255 255 255 255 255 255 254 254 254 254 254 254 254 254 254 255 255 255 256 256 257 257 256 256 256 256 256 257 257 257 256 257 257 256 257 257 257 257 256 256 257 256 256 256 256 256 256 256 256 256 256 257 257 257 256 256 256 256 256 256 256 256 256 256 256 256 256 256 255 255 255 255 255 255 255 255 255 255 255 255 255 255 255 255 255 255 255 255 255 255 255 255 255 255 255 255 255 255 255 255 255 255 255 255 255 255 255 255 255 255 255 255 255 255 255 255 254 255 255 255 255 255 255 256 256 256 256 255 255 255 255 255 255 255 255 255 255 255 255 255 255 255 255 255 255 255 255 255 255 255 255 255 255 254 255 255 255 255 255 255 255 255 255 255 254 254 254 254 253 253 254 253 253 253 253 254 255 255 254 254 253 253 253 253 253 253 253 253 253 253 253 253 252 252 252 252 252 252 252 252 252 252 252 253 253 255 254 254 255 255 255 256 256 256 256 255 255 255 255 256 256 256 256 256 256 256 256 257 257 257 257 256 256 256 256 256 256 256 256 256 256 256 256 256 256 256 256 255 255 255 255 255 255 255 256 256 255 254 254 255 255 255 255 256 255 255 255 254 254 254 254 254 255 255 254 254 254 254 254 254 254 254 254 254 255 254 255 255 255 255 255 255 255 254 255 255 255 255 254 254 254 255 255 255 255 255 255 255 255 255 255 255 255 256 256 255 255 255 255 255 255 255 255 255 255 255 255 255 255 255 255 255 255 255 255 255 255 255 255 255 255 255 255 255 255 255 255 255 255 255 255 255 255 255 254 254 254 254 255 254 254 255 255 254 256 257 257 256 256 256 256 257 257 257 257 257 256 256 256 256 256 257 257 257 256 256 256 256 256 256 256 256 256 256 256 256 256 256 256 256 256 256 256 256 256 256 256 256 256 256 256 256 256 256 255 255 255 255 255 255 255 255 255 255 255 255 255 255 255 255 255 255 255 255 255 255 255 255 255 255 255 255 255 255 255 255 255 255 255 255 255 255 255 255 255 255 255 255 255 255 255 254 254 254 255 256 256 256 256 256 255 255 256 255 255 255 255 255 255 255 255 255 255 255 255 255 255 255 255 255 255 255 255 255 255 255 255 255 255 255 255 255 255 255 255 255 255 255 255 255 255 254 254 254 253 254 254 253 253 253 253 254 255 254 254 254 254 253 253 253 253 253 253 252 252 253 253 253 252 252 252 252 252 252 252 252 252 252 252 252 253 253 255 255 255 255 255 255 255 255 254 255 255 255 255 256 256 256 257 256 256 256 256 257 256 257 256 256 256 256 256 256 256 256 256 256 256 256 255 255 255 255 255 255 255 255 255 255 255 255 255 255 254 255 255 255 256 255 255 255 255 255 255 255 255 254 254 254 255 255 254 254 254 254 254 254 254 254 254 254 255 255 255 255 255 254 254 254 254 254 255 255 255 255 255 255 255 255 255 255 255 255 255 255 255 255 255 255 255 255 255 255 255 255 255 255 255 255 255 255 255 255 255 255 255 255 255 255 255 255 255 255 255 255 255 255 255 255 255 255 255 255 255 255 255 255 255 255 255 255 255 254 254 254 255 255 255 255 255 254 256 257 256 256 256 256 256 256 257 257 257 257 256 256 256 256 257 257 257 257 256 256 256 257 256 256 256 256 256 256 256 256 256 256 256 256 256 256 256 256 256 256 256 256 256 256 256 256 256 256 256 255 255 255 255 255 255 255 255 255 255 255 255 255 255 255 255 255 255 255 255 255 255 255 255 255 255 255 255 256 256 256 256 256 256 255 255 255 255 255 255 255 255 255 255 255 255 255 255 255 255 256 256 256 256 256 255 255 255 256 255 255 255 255 255 255 255 255 255 255 255 255 255 255 255 255 255 255 255 255 255 255 255 255 255 256 255 255 255 255 255 255 255 255 254 254 255 255 255 254 254 254 253 253 253 253 253 253 254 254 254 254 254 253 254 253 253 252 252 252 253 252 252 252 252 252 252 252 252 252 252 253 253 253 252 252 252 253 255 255 255 255 255 255 255 255 255 255 255 256 256 256 256 256 256 256 256 256 256 257 257 256 256 256 256 256 256 256 256 256 256 256 256 256 256 256 255 255 255 255 255 255 255 255 255 255 254 254 255 255 256 255 255 255 255 255 255 255 255 255 255 254 254 254 255 254 254 254 254 254 254 254 254 254 254 255 255 255 255 255 255 255 254 254 254 255 255 255 255 255 255 255 255 255 255 255 255 255 255 255 255 255 255 255 255 255 255 255 255 255 255 255 255 255 255 255 255 255 255 255 255 255 255 255 255 255 255 255 255 255 255 255 255 255 255 255 255 255 255 255 255 255 255 255 255 255 255 255 255 255 255 255 255 255 255 255 256 256 256 256 256 256 256 256 257 257 257 257 257 256 256 256 257 257 256 257 256 256 257 257 257 256 256 256 256 256 256 256 256 256 256 256 256 256 256 257 256 256 256 256 256 256 256 256 256 256 256 256 256 256 256 256 256 256 255 255 255 255 255 255 255 255 255 255 255 255 255 255 255 255 255 255 255 255 255 256 256 256 256 256 256 256 256 256 256 256 255 255 255 255 255 255 255 256 256 256 256 255 256 256 256 256 255 255 255 256 255 255 255 255 255 255 255 255 255 255 255 255 255 255 255 255 255 255 255 255 255 255 255 255 255 255 255 255 255 255 255 255 255 255 255 255 255 255 255 254 254 254 254 254 253 253 253 254 255 254 254 254 254 253 253 253 252 252 253 253 253 253 253 252 252 252 252 252 252 252 253 252 252 252 253 252 252 253 254 255 255 255 255 255 255 255 255 255 255 255 255 256 256 256 256 256 256 256 256 256 257 257 257 256 256 256 255 255 256 256 256 256 256 256 256 256 256 255 255 255 255 255 255 255 255 256 255 255 254 254 255 255 256 256 255 255 255 255 255 255 255 254 254 254 254 255 254 254 254 254 254 254 254 255 255 255 255 254 255 255 255 255 255 254 254 255 255 255 255 255 255 255 255 255 255 255 255 255 254 255 255 255 255 255 255 256 256 255 255 255 255 255 255 255 255 255 255 255 255 255 255 255 255 255 255 255 254 254 254 254 254 254 254 254 255 255 255 255 255 255 255 255 255 255 255 255 255 255 255 255 255 255 255 255 255 255 255 257 256 256 256 256 256 256 256 256 256 257 257 257 256 256 256 256 256 257 257 256 256 257 257 257 257 256 256 256 256 256 256 256 256 256 256 256 256 256 256 256 256 256 256 256 256 256 256 256 256 256 256 256 256 256 256 256 256 256 255 255 255 255 255 255 255 255 255 255 255 255 255 255 255 255 255 255 255 255 255 255 255 255 256 256 256 256 256 256 256 256 256 255 256 256 256 256 256 256 256 255 255 256 256 256 256 255 255 255 255 255 255 255 255 255 255 255 255 255 255 255 255 255 255 255 255 255 255 255 255 255 255 255 255 255 255 254 255 255 255 255 255 255 256 256 255 255 255 255 255 254 254 253 253 254 253 253 254 255 255 254 253 253 253 253 252 252 253 253 253 253 253 253 252 252 252 252 252 252 252 252 252 252 253 253 253 253 253 254 255 256 256 255 255 255 255 255 255 255 256 256 256 256 256 256 256 256 256 256 257 256 256 256 257 256 256 256 255 255 255 256 256 256 256 256 256 256 256 256 255 255 255 255 256 256 255 255 255 254 254 255 255 255 255 255 255 255 255 255 255 255 255 255 254 255 255 255 254 254 254 254 254 254 254 254 255 254 255 254 254 255 255 255 254 254 254 255 255 255 255 255 255 255 255 255 255 255 255 255 255 255 255 255 255 255 255 256 255 255 255 255 255 255 254 255 255 255 255 255 255 255 255 255 255 254 254 254 254 254 254 254 254 254 254 254 255 255 255 255 255 255 255 255 255 255 255 255 255 255 254 254 254 254 255 255 255 255 257 257 257 256 256 256 256 256 256 256 256 257 257 256 256 256 256 256 257 256 256 256 257 257 257 256 256 256 256 256 256 256 256 256 256 256 256 256 256 256 256 256 257 257 257 256 256 256 256 256 256 256 256 256 256 256 255 255 255 255 255 255 255 255 255 255 255 255 255 255 255 255 255 255 255 255 255 255 255 255 255 255 255 255 256 256 256 256 256 256 256 256 256 256 256 256 256 256 256 255 255 255 256 256 256 256 256 255 255 255 255 255 255 255 255 255 255 255 255 255 255 255 255 255 255 255 255 255 255 255 255 255 255 255 255 255 254 255 255 255 255 255 255 255 255 255 256 255 255 254 254 254 254 253 253 253 253 254 254 254 254 253 253 252 253 253 253 253 253 253 253 253 252 252 252 252 252 252 252 252 253 252 252 252 253 253 253 252 253 253 256 256 256 255 255 255 255 255 255 256 256 256 256 256 256 256 256 256 256 256 256 256 256 257 256 256 256 256 255 255 255 255 255 256 256 255 256 256 256 256 256 256 256 256 255 255 255 255 254 254 255 255 255 255 255 255 255 255 255 255 255 256 255 255 255 255 255 255 255 255 254 254 254 254 254 255 255 255 255 255 255 255 255 254 254 254 254 254 255 255 255 255 255 256 256 256 256 255 255 255 255 255 255 255 255 256 256 255 255 255 254 254 254 254 254 254 254 254 254 255 255 255 255 255 255 254 254 254 254 254 254 254 254 254 254 255 254 254 254 254 254 255 255 255 255 255 255 255 255 255 254 254 254 254 255 255 255 257 257 257 257 257 256 256 256 256 256 256 256 257 257 256 256 256 256 257 256 256 257 257 257 256 256 256 256 256 256 256 256 256 256 256 256 256 256 256 256 256 256 256 256 257 256 256 256 256 256 256 256 256 256 256 255 255 255 255 255 255 255 255 255 255 255 255 255 255 255 255 255 255 255 255 255 255 255 255 255 255 256 256 256 255 256 256 256 256 256 256 256 255 256 256 256 256 256 256 255 256 255 255 256 256 256 256 255 256 255 255 255 255 255 255 255 255 255 255 255 255 255 255 255 255 255 255 255 255 255 255 255 255 255 255 255 255 254 255 255 255 255 255 255 255 255 255 255 255 254 253 254 254 253 253 253 253 253 254 254 254 254 253 253 253 253 253 253 253 253 253 253 252 252 252 252 252 252 253 252 252 252 252 252 252 252 252 252 252 253 253 256 256 256 256 255 255 255 255 255 256 256 256 256 256 256 256 256 256 256 256 256 256 256 256 256 256 257 256 256 255 256 256 255 255 255 255 255 255 256 256 256 256 256 256 255 255 255 255 254 254 255 255 255 256 256 256 255 255 255 255 255 255 255 255 255 255 255 255 254 253 254 253 254 254 254 254 254 255 255 255 255 255 255 254 255 255 255 255 255 255 255 256 256 256 256 256 256 256 256 256 256 255 255 255 256 256 256 256 255 254 254 255 255 255 254 255 254 254 254 254 254 254 255 255 255 254 254 254 255 254 254 254 254 254 254 255 254 254 254 254 254 255 255 255 254 255 254 254 255 255 255 254 254 254 255 255 255 256 256 257 257 257 257 256 256 256 256 256 256 256 256 257 257 256 256 256 256 256 257 257 257 256 256 256 256 256 257 257 256 256 256 256 256 256 257 256 256 256 256 256 256 256 257 256 256 256 256 256 256 256 256 256 255 255 255 255 255 255 255 255 255 255 255 255 255 255 255 255 255 255 255 255 255 255 255 255 255 255 256 256 256 256 256 256 256 256 256 256 256 255 255 256 255 255 255 255 255 256 256 255 256 256 256 255 255 256 256 255 255 255 255 255 255 255 255 255 255 255 255 255 255 255 255 255 255 255 255 255 255 255 255 255 255 255 254 255 255 254 254 254 254 255 255 255 255 254 254 253 253 253 253 253 254 253 253 253 253 254 253 253 253 253 253 253 253 253 253 253 252 252 252 253 253 252 252 252 252 253 253 253 253 252 252 252 252 253 252 252 252 253 255 255 256 255 255 255 255 255 256 256 256 256 256 256 257 256 256 256 256 256 256 256 256 256 256 257 257 256 255 256 256 255 256 256 255 255 255 255 256 256 256 256 256 255 255 254 254 255 255 255 255 255 256 256 255 255 255 255 255 255 255 254 254 254 254 254 254 253 253 253 254 254 254 254 254 254 254 255 255 255 255 255 255 255 255 255 255 255 255 255 255 255 256 256 256 256 255 256 256 256 255 255 255 256 256 255 255 254 254 255 256 256 256 255 254 254 254 254 254 254 254 254 255 254 254 254 254 254 254 255 255 254 254 254 254 255 255 255 254 254 255 255 255 254 254 254 254 254 255 255 255 254 254 255 255 255 256 256 256 256 257 257 257 256 256 256 256 256 256 256 257 257 256 257 256 256 256 256 256 256 256 256 256 256 256 257 257 256 256 256 256 256 256 256 256 256 256 256 256 256 256 256 257 256 256 256 256 256 256 256 256 256 256 256 256 255 255 255 255 255 255 255 255 255 255 255 255 255 255 255 255 255 255 254 255 255 255 255 256 256 255 255 256 256 256 256 256 256 256 256 255 256 255 255 255 255 256 256 255 255 256 256 255 256 256 256 255 255 255 255 255 255 255 255 255 255 255 255 255 255 255 255 255 255 255 255 255 255 255 255 255 255 255 255 255 255 255 255 255 255 255 255 256 255 255 254 253 253 253 253 254 253 253 253 253 253 253 253 253 253 253 253 253 253 253 252 252 252 252 252 253 252 252 252 252 252 252 252 252 252 252 252 252 252 252 252 252 252 252 253 255 255 255 255 256 255 254 254 254 255 255 255 256 257 257 256 256 256 256 256 256 256 256 256 256 256 256 257 257 256 256 255 255 256 256 255 255 255 255 255 255 255 255 255 255 255 254 255 255 256 256 255 255 256 256 256 255 255 255 255 255 255 255 254 254 254 254 255 254 254 254 253 254 254 255 255 255 255 255 255 255 255 255 256 256 256 256 255 255 255 255 255 255 255 255 256 255 256 256 256 256 256 256 256 256 255 255 255 255 254 255 255 255 256 255 255 254 254 254 254 254 254 254 254 254 254 254 254 254 254 255 255 255 255 254 254 255 255 255 254 254 254 255 255 254 255 254 254 254 254 255 255 254 255 255 255 255 256 256 256 256 256 257 257 257 257 256 256 256 256 257 257 257 256 256 256 256 256 256 256 256 256 256 256 256 256 256 257 256 256 256 256 256 256 256 257 256 256 256 256 256 256 256 256 256 256 256 256 256 256 256 256 256 256 256 256 256 256 256 255 255 255 255 255 255 255 255 255 255 255 255 255 255 255 255 255 255 256 256 256 255 255 255 256 256 256 256 256 256 256 256 256 256 256 255 255 255 256 256 256 255 256 255 255 255 255 255 255 255 254 255 255 255 255 255 255 255 255 255 255 254 254 254 255 255 255 255 255 255 255 255 255 255 255 255 255 255 255 255 255 255 255 255 255 255 254 254 254 254 254 253 254 254 253 253 253 254 253 253 253 253 253 253 253 253 253 253 253 252 252 252 252 252 252 252 252 252 252 253 252 252 252 252 252 252 252 252 252 252 252 252 252 253 253 253 254 254 254 254 255 256 256 255 254 254 255 255 255 255 256 256 255 255 256 257 257 256 256 256 256 256 256 256 256 257 257 257 256 256 256 256 256 256 255 255 255 255 255 255 255 255 255 254 255 255 256 256 256 255 256 256 256 255 255 255 255 255 255 256 256 255 254 254 255 255 255 254 253 253 254 254 254 254 254 255 255 255 255 255 255 255 255 256 256 255 255 255 256 256 256 256 256 256 255 256 256 256 256 256 256 256 256 256 256 255 255 255 255 255 256 256 256 255 255 254 254 255 254 254 253 254 254 254 254 255 254 254 255 255 255 254 254 255 255 256 255 255 254 255 255 255 255 255 255 254 254 255 255 255 254 255 255 255 257 257 256 257 256 256 256 256 257 257 256 256 256 256 256 256 256 256 257 256 256 257 256 256 256 256 256 256 256 256 257 256 256 256 256 256 256 256 256 256 256 256 256 256 256 256 256 256 256 256 256 256 256 256 256 256 256 256 256 256 256 256 256 255 255 255 255 255 255 255 255 255 255 255 255 255 255 255 255 255 255 256 256 256 255 255 255 256 256 256 256 256 256 256 256 256 256 255 255 255 256 256 256 256 255 255 256 256 256 255 256 255 255 255 255 255 255 255 255 255 255 254 254 254 254 254 254 254 254 254 254 254 254 254 254 255 255 255 255 255 255 255 255 255 255 255 255 255 255 254 254 254 254 254 254 254 254 253 253 253 254 253 253 253 253 253 253 253 253 253 252 252 252 252 252 252 252 252 253 252 252 253 253 253 253 252 252 252 251 252 252 252 252 252 252 252 252 253 253 254 254 254 255 255 255 255 256 255 255 255 256 256 256 256 256 255 255 255 255 256 256 256 256 256 256 256 256 256 256 257 257 257 256 256 256 256 256 257 256 255 256 256 256 256 255 255 255 255 255 255 256 255 256 256 256 256 256 256 255 255 255 254 255 255 254 254 254 255 255 255 254 254 254 254 254 254 254 254 255 255 255 255 255 255 255 255 256 256 256 256 255 256 256 256 256 256 256 256 256 256 256 256 256 257 256 256 256 256 255 255 256 256 256 256 256 257 256 255 254 254 254 254 254 253 254 255 254 254 254 254 255 255 255 255 255 255 255 255 255 255 255 255 255 255 255 256 256 255 255 254 254 255 254 254 254 254 255 257 257 257 257 256 257 256 256 256 256 256 256 256 256 256 256 256 256 256 256 257 256 256 256 256 256 256 256 256 256 256 256 256 256 256 256 256 256 256 256 256 256 256 256 256 256 257 257 256 256 256 256 256 256 256 256 256 256 256 256 256 256 256 256 255 255 255 256 256 256 255 255 255 255 255 255 255 255 255 255 255 256 256 256 256 255 255 256 256 256 256 256 256 256 256 256 256 255 256 256 256 256 256 256 255 255 255 255 256 256 256 256 256 255 255 255 255 255 255 254 254 254 254 254 254 254 254 254 254 254 254 254 254 254 254 254 254 254 254 254 254 254 255 255 255 255 254 254 254 255 254 254 254 254 254 254 254 254 253 253 253 253 253 253 253 253 253 253 253 253 252 252 252 252 252 252 252 253 253 253 253 252 252 252 253 253 253 252 252 252 252 252 252 252 252 252 252 252 253 253 253 253 253 253 254 254 254 254 254 255 255 254 255 255 255 255 255 256 256 256 255 255 255 255 255 256 256 256 256 256 256 256 256 256 256 255 255 255 256 256 256 256 256 256 256 257 256 256 256 256 255 255 256 256 255 255 255 256 256 256 256 256 256 256 254 254 255 255 255 254 254 254 254 254 254 254 254 254 254 254 254 255 254 254 255 255 255 256 255 255 256 255 256 256 256 255 255 256 256 256 256 256 257 256 256 256 256 257 257 256 255 255 255 256 256 257 256 256 256 256 255 255 254 254 254 253 254 255 255 255 255 256 256 256 255 255 255 255 256 256 255 255 255 255 255 255 255 255 255 256 256 255 255 254 254 254 254 254 254 255 257 257 257 256 257 257 257 256 256 256 256 256 256 256 256 256 256 256 256 256 256 256 256 256 256 256 256 256 256 256 256 256 256 256 256 256 256 256 256 256 256 256 256 256 256 256 256 257 257 256 256 256 256 256 256 256 256 256 256 256 255 256 256 256 255 255 256 256 256 256 256 256 256 256 256 256 255 255 255 255 255 255 256 255 255 256 256 256 256 256 256 256 256 256 256 256 256 256 256 256 256 256 255 255 256 255 255 255 255 256 256 256 255 256 255 255 255 255 255 255 255 255 254 255 255 255 255 254 254 254 254 254 254 254 254 254 254 254 254 254 254 254 254 254 255 254 254 254 254 255 254 254 254 254 254 254 254 254 253 254 253 253 253 253 253 253 253 253 253 253 252 252 252 252 252 252 252 252 252 252 252 252 252 252 252 252 253 253 253 253 253 252 252 252 252 252 252 252 253 253 254 254 253 253 253 253 253 253 254 254 254 254 254 255 255 255 255 255 256 255 255 255 255 255 255 256 256 256 256 256 256 257 256 256 255 255 255 256 255 255 255 255 255 256 256 256 256 256 255 255 255 256 256 256 255 255 255 255 255 255 256 256 255 254 255 255 256 255 254 254 254 254 254 254 254 254 254 254 254 254 254 254 255 255 256 256 255 255 255 255 255 256 256 255 255 256 256 256 256 256 257 257 257 257 257 257 257 257 256 255 255 255 255 256 256 257 256 255 255 255 255 255 255 254 253 253 254 254 255 255 255 256 256 256 256 255 255 255 255 255 255 255 255 255 255 255 255 256 256 256 255 255 255 255 255 254 254 254 254 256 256 256 256 257 257 256 256 256 256 256 256 256 256 256 256 256 256 256 256 256 256 256 256 256 256 256 256 256 256 256 256 256 256 256 256 256 256 256 256 256 256 256 256 256 256 256 256 256 257 256 256 256 256 256 255 256 256 256 256 256 256 255 255 255 255 256 256 256 256 256 256 256 256 256 256 255 255 255 255 255 255 255 255 255 255 256 256 256 256 256 256 256 256 256 256 256 256 256 256 256 256 255 255 255 255 256 255 255 255 255 256 255 255 255 255 255 255 256 255 255 255 254 254 255 255 255 255 255 254 254 254 254 254 254 254 255 255 255 255 255 255 254 254 254 254 254 255 255 255 254 254 253 253 254 254 253 253 254 254 254 253 253 253 253 253 253 253 253 253 252 252 252 252 252 252 252 252 252 252 253 253 253 253 252 252 252 253 253 253 253 253 253 252 252 252 252 252 253 253 253 254 254 254 254 254 253 253 252 253 253 254 254 254 255 255 255 255 255 254 255 255 255 255 256 256 256 256 256 256 257 257 256 256 256 256 256 256 256 256 255 256 255 255 255 255 255 255 255 255 256 256 256 255 255 256 256 255 255 255 256 255 255 254 255 255 255 254 254 254 254 255 254 255 255 255 254 254 254 254 254 255 255 255 255 255 254 255 255 256 256 255 255 256 256 256 256 256 256 256 256 256 256 257 257 257 256 256 255 255 255 255 255 256 256 257 256 255 255 254 255 254 254 253 253 254 255 254 255 255 256 257 256 255 255 255 255 255 255 255 255 255 255 255 256 256 255 255 256 256 255 255 255 254 254 254 254 255 256 256 257 256 256 256 256 256 256 256 256 256 256 257 256 257 256 257 256 256 256 256 256 256 256 256 256 256 257 257 257 257 257 257 257 257 257 257 257 257 256 256 256 256 256 256 256 256 256 256 256 256 256 256 256 256 256 256 256 256 256 256 256 256 255 256 256 256 256 256 256 256 256 256 256 255 255 255 255 255 255 255 255 255 255 255 255 256 256 256 256 256 256 256 256 256 256 256 256 256 256 256 255 255 256 255 256 256 255 255 255 256 256 255 255 255 255 255 256 256 255 255 255 255 255 255 256 256 255 255 256 255 255 255 255 255 255 256 256 256 255 255 254 254 254 254 254 254 255 255 255 254 254 253 253 253 253 253 253 253 253 254 253 253 253 253 253 253 253 253 253 252 252 252 252 252 252 253 253 253 253 253 254 253 252 253 253 253 253 253 253 254 253 252 253 252 252 252 252 255 253 252 253 253 253 254 254 254 254 254 255 254 253 253 253 253 253 253 254 255 255 255 255 255 255 254 255 255 256 256 256 256 256 256 256 257 257 256 256 256 256 257 257 257 256 256 257 256 256 256 256 256 256 256 255 255 255 256 256 256 256 256 256 255 256 257 257 256 255 255 255 255 254 254 255 255 255 255 255 255 255 254 254 255 255 254 254 254 254 254 255 255 255 255 256 256 255 256 256 256 256 255 256 256 256 256 256 256 257 257 257 256 256 256 256 256 256 255 255 256 256 256 255 255 255 254 254 254 254 254 254 255 255 255 255 256 257 256 256 256 255 255 255 255 255 255 255 255 255 255 255 255 255 256 256 256 255 254 254 254 254 255 255 256 256 256 257 256 256 256 256 256 257 257 257 256 256 256 257 256 257 256 256 256 256 256 256 256 256 256 256 257 257 257 257 257 257 257 257 257 257 257 257 257 257 256 256 256 256 256 256 256 256 256 256 256 256 256 256 256 256 256 256 256 256 256 256 256 256 256 256 256 256 256 256 256 256 256 255 255 255 255 255 255 255 255 256 255 255 255 256 256 256 256 256 256 256 256 256 256 256 256 256 256 256 255 255 255 255 256 256 256 256 256 256 256 256 256 255 255 255 256 256 255 255 255 255 255 255 255 256 256 256 256 256 256 256 256 256 256 256 256 256 256 255 255 254 254 254 255 254 255 255 255 254 254 253 253 253 253 253 253 253 253 253 253 253 253 253 253 253 253 253 253 252 252 252 252 252 252 252 253 253 253 253 253 254 253 253 253 253 253 253 253 254 253 253 253 253 253 253 252 255 255 254 253 253 252 252 252 253 253 254 253 254 254 255 255 254 254 254 254 253 253 253 254 254 255 255 254 255 254 255 255 256 255 256 256 256 255 256 256 256 257 256 256 256 256 256 256 256 256 256 257 256 256 257 256 257 257 256 256 255 256 257 257 257 257 256 255 255 256 256 257 256 256 256 256 255 255 255 255 255 254 255 254 254 254 255 255 254 255 255 255 254 254 254 255 255 255 256 256 255 256 256 256 255 255 256 256 256 256 256 257 257 257 257 257 257 257 257 257 257 256 256 256 257 256 255 256 255 255 254 254 254 254 254 254 254 255 256 256 256 256 256 256 256 256 256 256 255 255 255 255 255 255 255 255 255 256 256 256 256 255 255 255 255 255 254 256 256 256 256 256 256 256 256 257 257 257 257 256 256 256 257 257 256 257 257 256 256 256 256 256 256 256 256 256 257 257 257 257 257 257 257 257 257 257 257 257 257 257 257 256 256 256 256 256 256 256 256 256 256 256 256 256 256 256 256 256 256 256 256 256 256 256 256 256 256 256 256 256 256 256 256 256 256 255 256 255 255 256 256 256 255 255 255 256 256 256 256 256 256 256 256 256 256 256 256 256 256 255 255 255 256 256 256 256 256 256 256 256 256 256 256 256 255 255 256 256 256 256 256 256 256 256 256 256 256 256 257 257 257 256 256 256 256 256 256 255 255 255 255 254 254 255 255 255 254 254 254 253 253 253 253 253 253 253 253 253 253 253 253 253 253 253 253 253 253 253 253 252 253 252 252 253 253 253 253 253 253 253 253 253 253 253 253 253 253 253 253 253 253 254 254 253 254 254 254 254 254 255 255 255 255 255 255 255 255 254 253 253 252 252 252 252 252 252 253 253 253 253 254 255 255 254 255 254 254 254 253 253 254 255 255 254 254 255 255 255 255 255 255 255 255 255 256 256 256 257 257 256 256 256 256 256 256 256 256 256 256 256 256 256 256 256 256 256 256 255 256 257 257 257 257 256 256 255 255 256 256 256 256 256 255 255 255 255 255 254 254 254 255 255 255 255 255 255 256 255 255 255 254 255 255 255 256 256 255 256 255 256 256 256 256 256 256 256 256 257 257 257 258 258 258 258 258 258 257 257 257 257 257 256 256 257 256 255 254 254 254 254 255 254 254 254 255 256 255 256 255 255 255 255 256 256 255 255 255 255 255 255 255 255 255 255 255 256 256 256 256 256 255 254 254 256 256 256 257 257 256 256 256 256 257 257 257 256 256 256 256 257 257 257 257 257 257 256 256 256 256 256 256 256 256 256 256 256 256 257 257 257 257 257 257 257 257 257 257 257 256 256 256 256 256 256 256 256 256 256 256 256 256 256 256 256 256 256 256 256 256 256 256 256 256 256 256 256 256 256 256 256 256 255 256 255 255 256 256 256 255 255 255 256 256 256 256 256 256 256 256 256 256 256 256 256 256 256 255 255 255 256 256 256 256 256 256 256 256 256 256 256 255 255 256 257 257 257 257 257 257 256 256 255 255 256 256 256 257 256 256 256 256 256 256 256 256 256 256 255 255 255 255 255 254 254 254 254 253 253 253 253 253 253 253 253 253 253 253 253 253 253 253 253 253 253 253 253 253 253 252 253 252 253 253 253 253 253 253 253 253 253 253 253 252 253 253 254 253 253 253 253 253 254 254 254 254 254 255 255 254 254 253 253 253 253 252 252 253 253 253 253 254 254 253 253 252 252 253 253 253 253 253 254 254 255 255 254 254 254 254 254 253 254 254 255 255 255 255 255 255 255 255 255 255 256 256 256 256 257 257 257 257 256 256 256 257 257 256 256 256 256 256 256 256 256 256 256 256 256 256 257 257 257 257 256 256 256 256 256 256 256 256 256 255 255 255 254 254 255 255 255 255 255 256 256 255 255 255 255 255 254 254 255 256 256 256 255 255 256 256 257 257 256 256 256 256 257 257 257 257 258 258 258 258 258 258 258 258 258 258 257 256 257 257 256 255 255 255 255 254 254 254 254 254 254 254 255 255 255 254 255 255 256 256 256 256 255 256 256 255 255 256 256 256 256 256 256 257 257 256 255 255 255 256 256 257 257 257 256 256 256 256 257 257 256 256 256 256 257 257 257 257 257 257 257 256 256 256 256 256 256 256 256 256 256 256 256 256 257 257 256 256 256 256 257 256 256 256 256 256 256 256 256 256 256 256 256 256 256 256 256 256 256 256 256 256 256 256 256 256 256 256 256 256 256 256 256 256 256 256 255 255 255 255 255 256 256 256 256 256 255 255 255 256 256 256 256 256 256 256 256 256 256 256 256 256 255 255 255 256 255 256 256 256 256 255 256 256 256 255 255 256 256 256 256 256 256 256 256 256 256 255 255 255 256 256 256 256 256 256 256 256 256 256 256 256 256 255 255 255 255 255 255 254 254 254 253 253 253 253 253 253 253 254 254 253 253 253 253 253 253 253 253 253 253 253 253 253 253 252 252 253 253 253 253 253 253 253 254 254 254 253 253 253 253 253 253 253 253 253 253 253 255 254 254 254 255 255 254 254 253 253 253 253 253 253 254 253 253 253 253 252 252 253 253 253 254 254 255 255 254 253 253 252 252 253 253 253 253 253 254 253 254 255 255 255 255 254 254 254 254 255 255 255 254 254 255 255 255 255 255 256 256 256 256 257 257 257 257 257 256 256 256 257 257 257 256 256 256 256 256 256 256 256 256 256 256 256 256 257 257 257 257 257 257 257 256 256 256 256 256 255 255 255 254 255 255 255 256 255 255 256 256 256 255 255 255 255 255 254 254 255 255 255 255 255 255 255 256 256 256 256 256 257 258 257 257 257 258 257 258 257 257 257 257 257 257 258 257 257 257 257 256 255 254 254 254 254 254 254 254 254 253 254 254 255 255 254 255 255 256 256 256 255 255 255 256 256 255 255 255 255 256 256 256 256 256 257 256 256 256 258 257 257 257 257 257 256 256 257 257 256 257 256 256 256 256 256 257 257 257 256 256 256 256 257 257 257 256 256 256 256 256 256 256 256 256 256 256 256 256 256 256 256 256 256 256 256 256 256 256 256 256 256 256 256 256 256 256 256 256 256 256 256 256 256 256 256 256 256 256 256 256 256 256 256 256 256 255 255 255 255 255 255 256 256 256 256 256 256 255 255 256 256 256 256 256 256 256 256 256 256 256 256 256 255 255 255 255 256 256 256 256 256 255 256 255 255 256 255 255 256 255 255 256 256 256 256 256 256 255 255 256 256 256 256 256 256 256 256 256 256 256 256 256 255 255 255 255 255 255 254 255 254 254 253 253 253 253 253 253 253 253 253 253 253 253 253 253 253 253 253 253 252 252 253 253 253 253 253 252 253 253 253 253 253 253 253 253 254 254 253 253 253 253 253 253 254 254 254 255 254 254 255 255 255 254 254 253 253 253 254 254 254 254 254 253 253 253 252 253 253 253 253 253 254 254 254 253 253 253 252 252 253 253 253 253 253 253 254 254 254 254 254 254 255 255 255 255 255 255 255 254 255 255 255 256 256 256 256 256 256 256 256 256 256 257 257 257 257 257 257 257 257 257 256 257 257 257 257 257 257 257 257 256 256 256 256 256 257 257 257 256 255 255 255 256 256 256 255 254 255 256 256 256 255 255 255 256 256 256 256 256 256 256 255 255 255 255 255 255 255 255 256 256 256 255 256 256 257 257 257 257 257 257 257 257 257 257 257 257 257 257 256 257 258 258 258 257 256 255 255 255 255 255 255 254 255 255 255 254 253 254 254 254 255 255 255 255 255 255 255 256 256 256 256 256 256 256 256 256 256 256 256 256 257 257 257 259 258 258 259 259 258 257 257 257 257 257 257 257 257 256 256 256 257 257 256 256 256 257 257 256 256 256 256 257 257 257 257 257 256 256 256 257 257 256 256 256 256 256 256 256 256 256 256 256 256 256 256 256 256 256 256 256 256 256 256 256 256 256 256 256 256 256 256 256 256 256 256 256 256 256 256 256 256 255 255 255 256 256 256 256 256 256 256 256 256 256 256 256 256 256 256 256 256 256 256 256 256 256 256 255 255 255 255 256 255 256 256 256 256 255 256 256 256 255 255 255 255 256 256 256 256 256 256 256 256 256 256 256 256 256 256 256 256 256 256 256 255 256 256 256 255 255 255 255 255 254 255 255 254 254 253 253 253 253 253 253 253 253 253 253 253 253 253 253 253 253 253 252 252 252 253 253 253 252 252 253 252 253 253 253 253 253 253 253 253 254 253 253 253 253 253 253 253 254 255 254 255 255 255 255 255 255 254 254 254 254 255 255 254 253 253 252 252 253 253 252 253 253 253 253 253 253 253 253 253 253 252 253 253 253 253 253 254 254 253 253 254 254 255 255 255 255 255 255 255 254 255 255 255 256 256 256 256 256 256 256 256 256 256 256 256 257 257 257 257 257 257 257 257 257 257 257 257 257 257 257 256 256 257 257 257 256 257 257 257 256 255 255 255 255 255 255 255 255 255 256 256 256 255 255 255 256 256 256 255 255 255 255 256 256 255 255 255 256 256 256 256 257 256 256 257 257 257 257 257 257 257 257 257 257 257 257 257 257 257 256 256 256 257 257 257 258 257 256 256 256 256 255 255 255 255 255 255 254 253 254 254 255 255 256 256 255 255 255 256 256 256 256 256 256 256 256 256 256 257 257 257 257 257 257 257 259 259 259 259 259 259 258 258 258 257 258 257 257 257 256 256 257 256 257 257 256 257 257 257 257 256 256 256 256 256 256 256 256 256 256 256 257 257 257 257 257 256 256 256 257 257 256 256 256 256 256 256 256 256 256 256 256 256 256 256 256 256 256 256 256 256 256 256 256 256 256 256 256 256 256 256 256 256 255 255 256 256 256 256 256 256 256 256 256 256 256 256 256 256 256 256 256 256 256 256 256 256 256 256 256 255 255 255 255 255 256 256 256 256 255 256 256 255 255 255 255 256 256 256 256 256 256 256 256 256 256 256 256 256 256 256 256 256 256 256 255 255 256 256 256 256 255 255 255 255 255 255 255 255 254 254 254 253 253 253 253 253 253 253 253 253 253 253 253 253 253 253 253 252 252 253 253 252 253 253 253 253 253 253 253 253 252 252 253 253 253 253 253 254 254 253 253 253 254 255 254 255 255 255 256 256 255 255 254 254 255 255 254 254 254 253 253 252 253 253 253 253 253 253 253 253 254 253 253 253 252 253 252 252 253 253 253 254 254 254 253 253 254 254 254 255 255 255 255 255 255 254 254 254 255 256 256 256 256 256 256 256 256 256 256 256 256 256 256 256 256 256 256 257 257 257 257 257 256 256 256 256 256 257 257 258 258 258 258 258 258 257 256 255 255 255 255 255 256 255 256 257 256 256 256 256 256 256 255 255 256 256 255 255 255 256 255 255 255 255 256 256 257 257 257 257 257 257 257 257 257 257 257 256 256 257 258 258 257 257 257 256 256 256 256 256 256 257 257 257 257 257 256 256 256 256 256 255 255 254 254 254 255 255 256 256 256 255 256 256 256 256 256 256 256 256 256 256 256 256 257 257 257 257 257 257 257 259 259 259 259 259 259 259 259 259 258 258 258 257 257 256 257 257 257 256 257 257 257 257 256 256 256 256 256 256 257 257 256 256 257 257 257 257 257 257 257 257 257 257 257 257 257 257 256 256 256 256 256 256 256 256 256 256 256 256 256 256 256 256 256 256 256 256 256 256 256 256 256 256 256 256 256 256 256 255 255 256 256 256 256 256 256 256 256 256 256 256 256 256 256 256 256 256 256 256 256 256 256 256 256 256 255 256 256 256 255 256 256 256 256 256 255 255 255 255 255 256 256 256 256 256 256 256 256 256 256 256 256 256 256 256 256 256 255 255 255 256 256 256 256 256 256 255 255 255 255 255 255 255 254 254 254 254 253 253 253 252 252 252 252 252 252 253 252 252 253 253 253 253 253 252 252 253 253 253 253 253 253 253 253 253 253 253 253 253 253 253 253 253 253 253 253 253 253 254 254 255 254 255 255 256 256 255 254 254 253 254 255 255 255 254 253 253 252 252 253 254 253 253 254 253 253 254 254 254 254 253 253 253 253 252 252 252 252 252 253 253 254 254 254 253 253 254 254 255 254 255 255 255 255 255 255 254 255 256 256 256 256 256 256 256 256 256 256 256 256 256 257 257 257 257 257 256 257 257 257 257 257 257 256 256 256 256 256 256 257 257 257 257 257 256 256 255 255 256 256 255 256 256 256 257 257 256 257 256 256 256 255 255 256 256 255 255 255 255 255 255 255 255 255 256 256 256 257 257 257 258 257 258 258 258 257 257 256 256 257 257 257 257 257 257 257 256 255 255 256 256 256 256 257 257 257 257 257 256 255 254 254 254 253 254 254 254 255 255 256 256 256 256 257 257 257 257 257 257 257 257 257 257 257 258 257 257 257 257 257 259 259 259 258 258 258 259 259 259 259 258 258 257 257 257 257 257 257 256 257 257 257 257 257 257 257 257 257 257 257 256 256 256 257 257 257 257 257 257 257 257 257 257 257 257 257 256 256 256 256 256 256 256 256 256 256 256 256 256 256 256 256 256 256 256 256 256 256 256 256 256 256 256 256 256 256 256 256 255 255 255 256 256 256 256 256 256 256 256 256 256 256 256 256 256 256 256 256 256 256 256 256 256 256 256 256 256 256 255 255 255 256 256 256 256 255 255 255 255 255 255 255 256 256 255 256 256 256 256 256 256 256 256 256 256 255 255 255 255 256 256 256 256 255 256 255 255 255 255 255 254 255 254 254 254 254 254 253 253 253 252 253 253 252 253 253 253 253 252 253 253 253 253 252 252 253 252 253 253 253 253 253 252 253 253 253 253 252 253 253 253 253 253 253 252 252 253 253 253 253 255 255 254 255 255 255 255 254 254 254 253 253 254 254 254 254 253 253 252 253 254 254 253 253 254 254 253 253 254 254 254 254 253 254 253 252 252 252 252 252 253 253 253 253 253 253 253 253 253 254 254 254 255 255 255 255 255 255 255 255 255 255 256 256 256 256 256 256 256 257 257 257 257 257 257 257 257 257 257 257 257 257 257 257 257 257 256 257 257 257 257 257 256 256 256 256 256 256 256 256 256 255 256 256 257 256 256 256 256 255 255 255 255 255 255 255 255 255 255 255 255 256 256 255 255 255 255 256 257 257 257 257 257 257 258 258 257 257 256 256 256 256 257 257 257 256 256 256 256 255 256 256 255 255 256 257 257 257 257 256 255 255 254 254 253 254 255 255 255 255 256 257 257 257 257 256 257 257 257 257 257 257 258 258 258 258 257 257 257 257 257 259 259 259 259 258 258 259 259 259 259 259 258 258 258 258 258 257 257 257 257 257 257 257 257 257 257 257 257 256 256 257 256 257 257 257 257 257 257 257 257 257 257 256 256 256 256 256 256 256 256 256 256 256 256 256 256 256 256 256 256 256 256 256 256 256 256 256 256 256 256 256 256 256 256 256 256 256 256 255 256 256 256 256 256 256 256 256 256 256 256 256 256 256 256 256 256 255 255 256 256 256 256 256 256 256 256 256 256 255 255 256 256 255 256 256 256 255 255 255 255 255 255 255 255 255 255 256 256 256 256 256 256 255 255 255 255 255 255 256 256 256 255 255 255 255 255 255 255 254 254 254 254 254 254 254 254 254 254 253 253 253 253 253 252 253 253 253 253 252 252 253 253 253 252 252 252 252 252 253 253 253 253 253 253 252 252 252 252 252 252 252 252 252 252 252 253 252 253 253 253 256 256 255 255 255 254 254 255 255 254 254 254 253 253 253 253 253 252 252 252 253 254 254 253 253 254 255 254 254 254 255 255 254 254 254 253 253 253 252 252 252 252 252 252 252 253 254 255 254 255 254 254 254 254 254 254 254 254 255 255 255 255 255 256 256 256 256 256 256 256 256 256 257 257 257 257 256 257 256 256 257 257 257 257 257 258 257 257 257 258 258 258 257 257 257 256 256 256 256 256 256 256 256 256 257 257 256 255 256 256 256 255 255 255 255 255 256 255 255 255 255 255 256 256 256 255 256 255 256 257 257 257 257 257 257 257 257 257 257 257 256 256 255 256 256 256 255 255 255 255 255 255 256 255 255 256 256 256 256 257 257 256 255 254 254 253 254 255 255 256 256 257 257 257 256 256 256 257 257 256 256 257 257 257 258 258 258 257 257 256 256 256 258 259 259 259 259 258 258 259 259 259 259 259 258 258 258 258 258 258 258 257 258 258 258 258 257 257 257 257 257 257 257 257 257 257 257 257 257 257 257 257 256 256 256 256 256 256 256 256 256 256 256 256 256 256 256 256 256 256 256 256 256 256 256 256 256 256 256 256 256 256 256 256 256 256 256 256 256 256 256 256 256 256 256 256 256 256 256 256 256 256 256 256 256 256 256 256 256 255 255 256 256 256 256 256 256 256 256 256 255 256 256 255 256 256 256 255 255 255 255 255 255 255 255 255 255 255 255 256 256 256 256 256 255 255 256 256 256 256 256 256 255 255 255 255 255 255 255 254 255 254 254 254 254 254 254 254 254 253 253 253 253 253 253 253 253 253 253 253 253 252 252 253 253 253 252 252 252 252 252 252 252 252 252 252 252 252 253 252 253 253 253 253 253 253 252 252 253 253 253 253 254 255 255 255 255 256 255 254 254 255 254 253 253 254 253 253 252 252 252 252 253 253 253 254 253 253 253 254 254 254 255 255 255 255 255 255 255 254 254 254 253 253 253 253 252 252 253 253 254 254 254 255 255 254 254 254 254 254 254 254 254 255 255 255 255 255 256 256 256 256 256 256 256 256 256 256 256 255 256 256 256 256 256 256 257 257 257 257 257 257 257 258 258 258 258 258 257 257 256 255 256 256 256 256 256 256 257 256 256 256 255 255 255 255 255 256 256 256 256 255 255 255 255 256 256 257 257 256 257 257 257 257 257 257 257 256 257 257 258 258 258 257 257 257 256 255 255 255 255 256 256 255 255 255 255 255 255 256 256 256 256 256 256 256 256 255 254 254 254 255 255 256 256 257 257 257 256 255 256 256 256 256 256 256 256 257 257 257 257 257 257 257 256 256 258 258 258 258 259 258 259 259 259 259 259 259 258 258 258 258 258 258 258 258 258 258 258 258 257 257 257 257 257 257 257 257 257 257 257 257 257 257 257 256 257 257 257 257 257 257 256 256 256 256 256 256 256 256 256 256 256 256 256 256 256 256 256 256 256 256 256 256 256 256 256 256 256 256 256 256 256 256 256 256 256 256 256 256 256 256 256 256 256 256 256 256 256 256 256 256 256 256 256 256 256 256 256 256 256 256 256 256 256 256 255 256 256 256 256 255 255 255 255 255 255 255 255 255 255 255 256 256 256 256 255 256 255 255 256 255 255 255 255 255 255 255 255 255 255 255 255 255 254 255 254 254 254 254 254 254 254 254 253 253 253 254 254 253 253 254 253 253 253 253 252 252 253 253 253 252 252 252 252 253 253 253 253 252 252 253 253 253 253 253 253 253 253 254 253 253 253 253 253 253 253 254 254 254 255 255 255 254 253 254 254 254 253 253 253 252 252 252 253 253 254 254 253 253 252 253 253 253 253 254 254 254 254 254 254 255 255 255 255 255 254 254 253 253 252 252 252 253 253 253 253 254 255 255 255 255 254 254 255 254 254 255 255 255 255 255 255 255 255 256 256 256 256 256 256 256 256 256 256 257 256 256 256 257 257 257 257 257 257 257 257 257 258 258 258 258 258 257 256 256 256 255 256 256 256 256 257 257 257 257 256 255 255 255 256 255 256 256 256 256 256 255 255 256 256 256 256 257 257 258 257 257 257 257 257 256 257 257 257 257 257 257 256 256 256 255 256 256 256 256 257 256 256 256 255 255 255 256 256 256 256 256 255 255 255 255 255 254 255 255 256 255 255 256 256 256 256 255 256 256 256 256 256 256 256 256 256 257 257 257 257 257 256 256 258 258 258 258 258 258 258 258 258 259 259 258 258 258 258 258 258 258 258 258 258 258 257 258 258 257 257 257 257 257 257 257 257 257 257 257 257 257 257 257 257 257 257 257 257 257 256 256 256 256 256 256 256 256 256 256 256 256 256 256 256 256 256 256 256 256 256 256 256 256 256 256 256 256 256 256 256 256 256 256 256 256 256 256 256 256 256 256 256 256 256 256 256 256 256 256 256 256 256 256 256 256 256 256 256 256 256 256 256 256 256 256 256 256 255 255 255 255 256 256 255 255 256 255 256 256 256 256 256 256 256 256 255 255 255 255 255 255 255 255 255 255 255 255 255 254 255 255 255 254 254 254 254 254 254 254 253 253 253 253 253 254 254 254 253 254 254 254 253 253 253 253 253 253 253 253 252 252 252 252 252 253 253 253 252 252 252 253 253 253 252 253 253 254 253 253 252 252 253 253 253 253 254 254 254 254 255 255 255 254 253 254 254 253 253 252 253 253 253 254 254 255 255 254 253 253 253 254 253 253 253 254 254 253 254 254 254 254 255 255 255 255 253 253 253 252 252 252 252 252 252 252 253 253 254 255 255 255 255 256 256 255 255 256 256 256 256 256 256 256 256 256 256 256 256 257 257 257 256 256 256 256 257 256 256 257 257 257 257 257 258 257 257 258 258 257 257 257 257 258 257 256 256 256 256 256 257 256 257 257 256 256 255 256 256 257 256 256 256 255 255 255 256 255 256 256 256 256 257 258 258 257 257 257 257 257 257 257 256 257 257 257 256 256 256 256 256 256 256 256 257 257 257 256 255 255 255 255 255 255 256 256 256 256 256 255 255 255 254 255 255 255 255 255 255 256 256 256 255 256 256 256 256 256 256 257 257 257 257 258 258 257 257 257 257 259 258 259 259 258 258 258 258 258 258 258 258 258 258 258 258 258 258 258 258 258 258 257 257 257 258 257 257 257 257 257 257 257 257 257 257 257 257 257 257 256 257 257 257 257 257 257 257 257 256 256 256 256 256 256 256 256 256 256 256 256 256 256 256 256 256 256 256 256 256 256 256 256 256 256 256 256 256 256 256 256 256 256 256 256 256 256 256 256 256 256 256 256 256 256 256 256 256 256 256 256 256 256 256 256 256 256 256 256 256 256 256 256 255 255 255 256 256 256 256 256 256 256 255 255 255 255 255 256 256 255 255 255 254 255 255 255 255 255 255 255 255 255 255 255 255 255 255 255 255 254 254 254 254 253 253 253 253 254 253 253 253 253 253 254 253 254 254 253 253 253 253 253 253 253 253 253 252 252 252 252 253 253 252 253 252 252 253 253 253 253 253 253 253 253 253 252 253 253 253 253 254 254 255 254 254 253 253 254 254 254 253 253 254 253 253 253 254 254 254 255 255 255 254 255 254 254 255 254 254 253 253 253 253 254 255 255 255 255 255 255 256 255 254 254 254 253 253 252 253 253 252 252 252 253 254 255 255 255 255 256 256 256 256 256 256 256 256 256 256 256 257 257 257 256 256 257 257 257 257 256 256 256 256 257 256 256 257 257 257 257 257 257 257 258 258 258 258 257 257 258 257 257 257 256 256 256 256 256 257 257 256 256 256 255 256 256 257 257 256 256 256 256 256 255 256 256 256 256 257 257 258 258 258 258 258 258 258 257 257 257 256 257 256 256 256 256 256 256 257 257 257 258 257 256 256 256 255 255 255 255 255 256 256 257 256 255 255 254 254 255 255 255 255 256 256 256 256 256 256 255 255 256 256 256 256 257 257 257 257 258 258 258 258 257 257 259 258 259 259 259 259 258 258 258 258 258 258 258 259 258 258 258 258 258 258 257 257 258 257 257 257 257 257 257 257 257 257 257 257 257 257 257 257 257 257 257 257 257 257 257 257 257 257 257 257 256 256 256 256 256 256 256 256 256 256 256 256 256 256 256 256 256 256 256 256 256 256 256 256 256 256 256 256 256 256 256 256 256 256 256 256 256 256 256 256 256 256 256 256 256 256 256 256 256 256 256 256 256 256 256 256 256 256 256 256 256 256 256 255 255 256 256 256 256 256 256 256 256 255 255 255 255 255 255 256 255 255 255 255 254 255 255 255 255 255 255 255 255 255 255 255 255 255 254 254 254 253 253 253 253 253 253 253 253 253 253 253 253 254 254 254 254 254 254 254 253 253 253 253 253 253 253 252 252 252 252 253 252 252 252 252 252 252 253 253 253 253 253 253 252 252 253 253 253 253 253 253 254 256 255 255 254 253 253 253 253 253 253 253 253 253 253 253 253 254 255 254 254 254 254 254 253 255 255 255 255 254 253 253 254 255 254 255 255 255 256 256 256 255 255 255 254 253 253 254 254 253 252 252 253 253 254 254 254 254 255 255 255 255 255 256 256 256 256 256 256 257 257 257 256 256 257 257 257 257 257 257 256 256 256 257 257 257 257 258 257 257 257 257 257 258 257 257 257 257 258 258 258 257 256 256 256 256 256 256 256 256 256 256 256 256 256 257 257 256 256 256 257 256 256 256 256 257 257 257 257 258 258 258 258 258 258 258 257 257 257 257 256 256 256 256 256 257 257 258 258 258 259 258 257 257 256 256 255 255 255 256 256 256 256 256 255 255 255 254 255 255 256 256 256 257 257 256 255 255 256 256 256 256 256 256 257 257 258 258 258 259 259 259 258 257 259 259 259 259 259 258 258 258 258 258 258 258 258 258 258 258 258 258 258 258 257 257 257 258 257 257 257 257 257 257 257 257 257 257 257 257 257 257 257 257 257 257 257 257 257 257 257 257 257 257 256 256 256 256 256 256 256 256 256 256 256 256 256 256 256 256 256 256 256 256 256 256 256 256 256 256 256 256 256 256 256 256 256 256 256 256 256 256 256 256 256 256 256 256 256 256 256 256 256 256 256 256 256 256 256 256 256 256 256 256 256 256 256 255 256 256 256 256 256 256 256 256 256 255 255 255 255 255 255 255 255 254 255 255 254 254 255 255 255 255 255 255 255 255 255 255 255 254 254 254 254 253 253 254 254 254 254 254 254 254 253 254 254 254 254 254 254 254 254 254 254 254 254 254 254 253 253 252 252 252 252 252 252 252 252 253 252 252 252 253 253 252 252 252 252 253 253 253 252 252 253 253 253 254 256 255 254 253 253 253 253 253 253 253 253 253 253 253 254 255 255 255 254 254 254 254 254 255 255 255 255 254 253 254 254 254 254 255 255 255 256 255 255 255 255 254 254 254 253 253 254 253 252 252 252 253 253 253 253 254 254 254 255 255 255 255 256 256 256 257 257 257 257 257 257 256 257 257 257 257 257 257 256 256 257 257 257 257 257 257 258 258 258 258 257 257 257 258 258 257 257 257 257 256 256 256 256 256 256 256 256 257 256 255 256 256 256 257 257 257 257 256 256 255 256 256 257 257 257 258 258 258 257 258 258 257 257 257 257 257 257 257 257 257 257 257 257 257 258 258 259 259 258 258 257 257 257 256 255 255 255 255 256 256 256 255 255 254 254 254 255 255 255 255 255 255 255 255 255 256 256 256 256 257 257 257 257 258 258 259 259 259 259 258 258 259 259 260 259 259 259 258 258 258 258 258 258 258 258 258 258 258 258 258 258 258 257 257 257 257 257 257 257 257 257 257 257 257 257 257 257 257 257 257 257 257 257 257 257 257 257 257 257 257 257 256 256 256 256 256 256 256 256 256 256 256 256 256 256 256 256 256 256 256 256 256 256 256 256 256 256 256 256 256 256 256 256 256 256 256 256 256 256 256 256 256 256 256 256 256 256 256 256 256 256 256 256 256 256 256 256 256 256 256 256 256 256 256 256 256 256 256 256 256 256 256 256 255 255 255 255 255 255 255 255 255 254 254 254 254 254 254 255 255 255 255 255 255 255 254 254 254 255 255 254 254 253 254 254 254 254 254 254 254 254 254 254 254 254 254 254 254 254 254 254 254 254 254 254 254 254 253 252 252 253 252 252 252 252 252 252 252 252 252 252 252 252 253 253 253 253 252 252 252 252 252 253 254 255 255 254 254 254 254 253 253 253 253 253 253 254 254 255 255 255 254 254 254 254 254 254 255 255 255 255 254 254 255 255 255 255 255 255 255 255 254 255 255 255 255 254 253 253 253 253 252 253 253 253 253 254 254 254 254 254 254 254 254 254 255 255 255 256 256 256 256 257 257 257 257 257 257 257 257 257 256 256 256 257 257 257 257 258 258 258 258 258 258 258 257 258 258 257 258 258 257 257 256 256 256 256 257 256 257 257 256 256 255 256 256 257 257 256 256 256 256 256 256 256 256 257 258 258 258 258 258 257 257 257 258 258 257 257 257 258 258 258 258 258 257 257 258 258 258 258 258 257 257 256 256 256 255 256 256 255 255 255 256 255 255 254 254 255 254 254 255 255 255 254 255 255 256 256 257 257 257 257 258 258 258 258 258 258 259 259 258 258 258 259 260 260 260 260 260 259 258 259 258 258 258 258 258 258 258 258 258 258 258 258 258 257 257 257 257 257 257 257 257 257 257 257 257 257 257 257 257 257 257 257 257 257 257 257 257 257 257 256 256 256 256 256 256 256 256 256 256 256 256 256 256 256 256 256 256 256 257 256 256 256 256 256 256 256 256 256 256 256 256 256 256 256 256 256 256 256 256 256 256 256 256 256 256 256 256 256 256 256 256 256 256 256 256 256 256 256 256 256 256 256 256 256 256 256 256 255 256 256 256 256 255 255 255 255 256 255 255 255 255 254 254 254 254 254 254 254 255 255 255 255 255 255 255 255 255 255 255 255 255 254 254 253 253 253 253 253 254 254 254 254 254 254 254 254 254 254 254 254 254 254 254 254 254 254 254 254 253 252 252 252 252 252 252 252 251 251 252 252 252 252 253 252 252 252 252 252 253 252 252 252 253 254 254 254 255 255 255 255 254 254 253 253 253 253 253 254 254 255 254 254 255 254 254 254 254 255 255 255 255 255 255 255 255 254 255 256 256 256 256 255 254 254 254 254 254 255 254 253 253 253 252 253 254 254 254 254 255 255 255 255 255 255 255 255 255 255 255 255 256 256 256 257 257 257 256 257 257 257 257 257 256 256 257 257 257 257 257 257 258 258 258 258 258 258 258 258 258 258 258 258 258 258 257 257 256 256 257 257 257 257 256 256 256 255 256 256 257 257 257 256 256 256 257 257 257 256 258 259 259 258 257 257 257 257 258 258 257 256 257 257 258 259 259 259 258 258 258 258 258 258 258 258 258 257 256 255 256 256 256 256 256 255 255 255 255 255 255 255 255 255 255 255 255 255 255 255 255 256 256 256 257 257 257 257 257 258 258 258 259 259 259 259 259 259 260 260 260 260 260 260 260 259 259 258 258 258 258 258 258 257 257 258 258 258 258 258 258 257 257 257 257 257 257 257 257 257 257 257 257 257 257 257 257 257 257 257 257 257 257 257 257 256 256 256 256 256 256 256 256 256 256 256 256 256 256 256 256 256 256 257 257 257 256 256 257 257 256 256 256 257 257 256 256 256 256 256 256 256 256 256 256 256 256 256 256 256 256 256 256 256 256 256 256 256 256 256 256 256 256 256 256 256 256 256 256 256 256 256 256 255 256 256 256 256 256 255 255 255 255 255 255 255 254 254 254 254 255 255 255 255 255 255 255 255 255 255 255 255 255 255 255 254 254 254 253 253 253 253 253 253 253 253 254 254 254 254 254 254 254 254 254 254 254 254 254 254 254 254 254 254 254 253 253 253 252 253 252 253 253 252 252 252 252 252 252 252 252 252 252 253 253 253 253 253 253 253 253 253 254 254 254 253 253 254 255 254 254 255 254 254 254 254 254 254 254 254 254 254 254 254 255 255 256 256 256 256 255 255 255 255 255 255 255 256 255 254 254 254 254 254 254 254 254 253 252 252 253 253 254 254 255 255 256 255 255 256 256 256 255 256 256 256 255 255 256 256 257 257 257 257 257 257 257 257 257 257 257 257 257 257 257 257 257 257 258 258 258 258 258 258 258 258 259 258 259 258 258 258 257 257 257 257 257 257 257 257 257 256 256 256 257 257 256 256 256 256 256 256 257 258 257 258 259 259 258 258 258 258 257 257 258 258 257 256 257 258 258 258 258 258 259 258 258 258 258 258 258 258 257 256 256 257 257 256 256 255 255 255 255 255 256 255 255 255 256 256 256 256 255 255 255 256 256 256 257 257 257 257 257 257 257 257 258 258 258 258 258 258 258 260 260 260 260 260 260 260 259 259 258 258 259 259 258 258 258 258 257 258 258 258 258 258 258 257 257 257 257 257 257 257 257 257 257 257 257 257 257 257 257 257 257 257 257 257 257 256 256 256 256 256 256 256 256 256 256 256 256 256 257 256 257 256 256 256 257 257 258 257 257 257 256 256 257 256 256 256 256 256 256 256 256 256 256 256 256 256 256 256 256 256 256 256 256 256 256 256 256 256 256 256 256 256 256 256 256 256 256 256 256 256 256 256 256 256 255 256 256 256 256 255 255 256 256 255 255 256 256 256 256 255 255 256 256 255 255 255 255 255 255 254 254 254 254 254 254 254 254 254 254 254 253 253 253 253 253 254 254 254 254 254 254 254 254 254 254 254 254 254 254 254 254 254 254 254 254 254 254 254 254 253 253 253 253 253 253 252 252 252 252 252 252 252 252 252 252 253 253 253 253 253 253 253 253 253 253 253 252 252 253 254 255 254 254 254 254 254 254 254 255 254 255 255 255 256 256 256 256 256 256 255 255 255 255 256 256 255 255 255 254 254 253 254 254 254 253 253 253 253 253 253 254 254 254 255 255 255 256 256 256 256 256 256 256 256 256 256 256 257 257 257 257 257 257 257 257 257 257 258 257 257 257 257 257 257 257 258 258 258 258 258 258 258 258 259 259 259 259 259 259 258 258 258 258 257 257 257 257 257 256 256 256 256 257 257 256 256 257 256 257 257 258 258 258 259 258 258 259 259 259 258 258 258 258 257 257 257 257 257 257 258 258 259 258 258 258 258 259 259 259 258 256 257 257 257 256 256 256 256 256 256 256 256 256 255 255 256 256 255 255 255 255 255 256 256 257 257 257 257 256 256 257 256 256 257 258 257 257 257 258 258 260 260 260 260 260 261 260 260 260 260 259 258 258 258 258 258 258 258 257 258 258 258 258 258 258 258 257 257 257 257 257 257 257 257 257 257 257 257 257 257 257 257 257 257 257 256 256 256 256 256 256 256 256 256 256 256 257 256 256 257 257 257 257 256 256 256 256 257 258 258 257 257 257 256 257 256 256 256 256 256 257 256 256 256 256 256 256 256 256 256 256 256 256 256 256 256 256 256 256 256 256 256 256 256 256 256 256 256 256 256 256 256 256 256 256 256 256 256 256 255 255 255 255 255 255 255 256 256 256 256 256 256 256 256 256 256 255 255 255 255 254 254 254 254 254 254 254 254 254 254 254 254 253 253 254 254 254 254 254 254 254 254 254 254 254 254 254 254 254 254 254 254 254 254 254 254 254 254 254 254 253 254 254 253 253 253 253 252 252 252 252 252 252 253 252 252 252 252 252 253 253 253 252 253 253 252 252 252 253 253 254 255 255 255 254 254 254 255 255 255 255 255 256 256 256 256 256 256 256 256 256 256 256 256 256 255 255 255 255 254 253 253 253 253 253 253 253 253 254 254 254 254 254 254 255 256 256 256 256 256 256 257 256 256 256 257 257 257 257 257 257 257 257 257 257 258 258 258 258 257 257 257 257 257 258 258 258 258 258 258 258 258 258 258 258 258 258 259 259 259 259 259 258 257 257 257 257 256 256 257 257 257 257 256 257 257 257 256 257 257 258 259 259 259 259 259 259 259 259 259 259 259 258 257 257 257 258 258 258 258 258 258 258 258 258 258 258 258 258 258 257 257 257 257 256 256 257 257 257 256 256 256 256 256 255 256 255 255 255 255 256 256 256 256 257 256 257 257 256 256 256 256 257 257 257 257 257 257 257 258 260 260 260 260 260 261 260 260 260 259 259 258 258 258 258 258 258 258 258 258 258 258 258 257 258 258 258 257 257 257 257 257 257 257 257 257 257 257 257 257 257 257 257 257 256 256 256 256 256 256 256 256 256 256 256 256 256 257 256 257 257 257 257 256 256 256 256 257 257 258 258 257 257 257 257 257 257 257 256 256 257 256 256 256 256 256 256 256 256 256 256 256 256 256 256 256 255 255 255 255 255 256 256 256 256 256 256 256 256 256 256 256 256 256 256 256 256 255 255 255 255 255 255 255 255 255 255 255 255 255 255 255 256 255 256 256 256 255 255 255 255 254 254 254 254 254 254 254 254 254 254 254 254 254 254 254 254 254 254 254 254 254 254 254 254 254 254 254 254 254 254 254 254 254 254 254 254 254 254 253 254 254 254 254 254 253 253 252 252 252 252 252 252 252 252 252 252 252 253 253 253 253 252 253 252 252 252 253 253 253 253 254 254 255 255 256 255 255 255 255 254 255 255 255 255 256 256 256 256 256 257 256 256 256 256 256 256 257 257 256 256 256 255 254 254 253 253 253 253 253 254 254 254 254 254 254 255 255 255 256 256 255 255 255 256 257 257 257 257 257 257 257 257 257 257 257 257 257 257 257 257 257 258 258 257 257 257 258 258 258 258 258 259 259 258 258 258 259 258 258 258 258 258 259 259 259 258 257 257 257 257 257 257 257 258 258 257 256 256 257 258 257 257 257 258 259 259 259 259 259 260 259 259 259 258 258 259 258 257 257 257 257 257 258 258 258 258 259 258 258 258 258 258 258 258 257 257 257 257 257 257 257 256 256 256 256 255 256 256 256 256 255 255 255 255 256 256 256 256 256 257 257 257 256 256 256 257 258 258 257 257 257 258 258 260 260 260 260 261 260 260 260 261 260 259 258 258 259 258 258 258 258 258 258 258 258 258 258 258 258 258 258 257 257 257 257 257 257 257 257 257 257 257 257 257 257 257 257 256 256 256 256 256 256 256 256 257 256 257 257 256 257 257 256 257 257 257 256 256 256 256 256 256 257 258 258 259 258 258 257 256 256 256 256 256 256 256 256 256 256 256 256 256 256 256 256 256 256 256 255 255 255 255 256 256 256 256 256 256 256 256 256 256 255 255 256 256 256 256 256 256 256 256 256 256 255 255 255 255 255 255 256 256 256 256 256 256 256 256 256 256 255 255 255 255 255 254 254 254 254 254 254 254 254 254 254 254 253 254 254 254 254 254 254 254 254 254 254 254 254 254 254 254 254 254 254 254 254 254 254 254 254 254 253 254 254 254 253 253 253 253 252 252 252 251 252 252 252 252 252 253 252 253 253 253 252 252 252 252 252 253 253 253 253 253 253 253 254 254 254 254 254 255 255 255 255 255 255 256 256 256 256 256 256 256 256 256 256 256 256 256 257 257 256 256 256 256 255 254 254 253 253 253 252 253 254 254 254 254 254 255 255 255 256 255 255 255 255 256 256 257 258 258 258 258 257 257 257 257 257 257 257 257 257 257 257 257 258 257 257 257 257 258 258 258 258 259 259 259 259 259 259 258 258 259 259 259 259 259 259 258 258 257 257 257 257 257 258 258 258 258 257 256 257 258 257 257 257 258 259 259 259 259 259 259 259 259 258 258 258 258 258 257 258 257 258 258 259 259 258 258 259 259 258 258 258 258 258 258 257 257 257 257 257 257 257 256 256 256 256 256 256 256 256 256 256 255 255 256 256 256 255 256 256 257 257 256 256 257 257 258 258 258 257 257 258 257 258 260 259 260 260 260 260 260 261 260 260 259 259 259 258 258 258 258 258 258 258 258 259 258 258 258 258 258 258 258 258 258 258 257 257 258 258 258 257 257 257 257 257 257 257 257 257 257 257 257 256 256 257 257 256 257 257 256 257 257 256 257 257 258 257 257 256 256 257 257 258 259 258 258 257 257 256 257 257 257 257 256 256 256 257 256 256 256 256 256 256 256 256 256 256 256 256 256 256 256 256 256 256 256 256 256 256 256 256 255 255 255 255 256 256 256 256 256 256 256 255 255 255 256 256 256 256 256 256 256 256 256 256 256 256 256 256 256 256 256 255 255 255 255 254 254 254 255 255 255 254 254 254 254 254 253 253 253 253 253 254 254 254 254 253 254 254 254 254 254 254 254 254 254 254 254 254 254 253 253 254 253 253 253 253 254 253 253 253 252 252 252 251 252 251 252 252 252 252 253 252 253 252 252 252 253 253 252 252 253 253 253 253 253 253 253 253 253 254 254 255 256 256 256 256 256 256 256 256 256 256 256 256 256 256 256 256 256 257 257 256 256 256 255 255 254 254 253 253 253 252 253 254 254 254 254 254 254 255 255 255 255 255 255 256 257 257 257 258 258 258 258 258 258 258 258 258 257 257 257 257 257 257 257 257 258 258 258 258 258 258 258 258 258 258 258 258 259 259 258 258 259 259 259 259 259 258 257 257 257 257 257 257 257 257 258 258 257 257 258 259 258 257 258 258 259 259 258 259 259 259 258 259 258 258 259 259 258 259 258 257 257 258 259 259 259 259 259 258 258 258 258 258 258 257 257 257 257 257 257 257 257 256 256 256 256 256 256 256 256 256 255 255 255 255 255 255 255 255 255 256 256 256 257 257 258 258 258 258 257 258 258 258 258 259 259 260 260 260 260 260 260 260 259 259 258 258 258 258 258 258 258 258 258 258 258 259 258 258 258 258 258 258 257 257 257 257 257 258 257 257 257 257 257 257 257 257 257 257 257 257 257 257 257 256 257 257 257 257 257 257 257 257 257 257 258 258 258 258 257 257 257 257 259 259 258 258 257 258 257 258 257 257 257 256 256 257 257 256 256 256 256 256 256 256 256 256 256 256 256 256 256 256 256 256 256 256 256 256 256 256 256 256 256 255 255 255 256 256 256 256 255 255 256 256 255 256 256 256 256 256 256 256 256 256 256 256 256 256 256 256 256 256 256 255 255 255 254 254 255 255 255 254 254 254 253 253 253 253 253 253 253 253 253 253 253 253 254 254 254 254 254 254 254 254 254 254 254 254 254 253 253 254 254 254 253 253 253 253 253 253 253 252 252 252 252 252 251 251 251 251 252 252 252 252 252 252 252 253 253 253 253 253 252 252 252 253 253 253 253 254 255 255 256 256 256 256 256 256 256 256 256 256 256 256 256 256 256 256 256 256 256 255 255 255 254 255 254 254 254 253 253 253 253 253 253 253 254 254 255 255 255 255 255 255 255 256 257 258 258 258 258 258 258 258 258 258 258 257 257 257 257 257 257 257 258 258 257 258 258 258 259 259 258 259 259 258 258 258 259 259 259 259 259 259 259 259 259 258 258 258 257 257 257 258 258 258 258 257 257 258 259 258 257 257 258 258 259 258 259 259 259 259 258 258 259 260 259 258 259 259 257 258 258 259 259 259 259 259 259 258 258 258 259 258 257 257 256 256 257 257 257 257 257 257 257 256 256 255 255 255 255 255 255 256 255 255 256 256 256 256 257 256 256 256 256 257 257 257 257 257 257 258 258 258 260 260 260 260 260 260 261 261 260 260 260 259 259 259 259 258 258 258 258 258 258 258 259 259 258 259 259 258 258 257 257 257 257 257 258 257 257 257 257 257 257 257 257 257 257 257 257 257 257 257 256 256 257 257 257 257 257 258 258 258 258 258 258 258 258 258 258 258 258 259 259 259 259 259 258 257 258 258 258 257 257 257 257 257 257 256 256 256 256 256 256 256 257 256 257 257 257 257 257 256 256 257 256 256 256 256 256 256 256 256 256 255 255 256 256 256 256 256 256 256 256 256 256 256 256 256 256 256 256 256 256 256 256 256 256 256 256 256 256 256 255 255 255 255 255 254 255 254 254 254 254 253 254 253 253 253 253 253 253 253 253 253 253 253 253 254 254 254 254 254 254 254 254 254 254 253 253 254 254 254 254 253 253 253 253 252 252 252 253 252 252 252 252 252 251 251 251 251 251 251 252 253 252 252 252 252 252 252 253 253 254 253 253 253 253 254 255 255 255 255 256 256 256 256 256 256 256 256 256 256 256 256 256 256 255 254 254 254 255 255 255 254 253 253 253 253 253 253 253 254 254 255 255 254 254 255 256 256 257 257 258 257 258 258 258 258 258 258 258 258 258 258 258 258 257 257 257 257 257 258 258 258 258 258 259 259 259 259 259 259 259 259 259 259 259 259 259 259 259 259 258 258 257 257 257 257 258 258 258 258 257 257 257 258 258 258 258 258 259 259 259 258 258 258 259 259 259 259 259 258 259 259 259 258 258 259 259 259 259 259 259 259 258 258 258 259 258 257 257 256 256 256 257 257 257 257 257 257 256 255 255 255 255 255 255 255 256 256 256 256 256 256 257 258 257 256 256 256 256 256 257 257 257 258 258 258 259 261 260 261 261 261 260 260 261 261 261 260 259 259 258 258 258 258 258 258 259 258 258 258 258 258 258 259 259 258 258 257 257 257 257 258 257 257 257 257 257 257 257 257 257 257 258 258 258 257 257 257 257 257 258 258 258 258 258 258 258 258 258 258 258 258 258 258 258 259 258 258 258 259 259 259 258 259 259 258 257 257 257 257 257 256 256 256 256 256 256 257 256 257 257 257 257 257 257 257 256 257 257 257 257 257 257 256 256 256 256 255 255 255 256 256 256 256 256 256 256 256 256 256 256 256 255 255 256 255 256 256 255 256 255 256 256 255 256 256 256 256 256 256 255 255 255 255 255 255 255 254 254 254 253 253 253 253 253 253 253 253 253 253 253 253 253 254 254 254 254 254 254 254 254 253 253 253 253 254 254 254 254 253 254 253 253 253 252 252 252 252 252 253 253 252 252 252 251 251 251 252 252 253 253 253 253 253 253 252 252 253 253 253 253 253 255 255 254 254 254 255 256 256 255 255 255 254 255 255 256 256 256 256 256 256 256 256 256 256 256 256 256 254 254 254 253 254 254 255 254 253 253 253 254 254 254 253 254 254 254 254 254 255 256 257 257 257 258 258 257 257 257 258 258 258 258 258 258 258 258 258 258 258 258 257 257 257 258 258 258 259 258 259 259 259 259 259 259 259 259 259 259 259 259 259 259 259 259 259 259 258 257 257 258 258 258 258 258 257 258 258 258 259 259 258 258 259 259 259 258 258 258 259 259 259 259 259 259 259 260 259 259 258 258 258 258 258 259 259 259 259 258 258 258 258 257 257 257 256 256 256 256 257 257 257 257 256 256 256 255 255 255 255 256 256 256 256 256 257 257 258 257 257 256 256 256 257 257 257 257 257 257 258 258 259 261 261 260 261 261 261 260 260 261 261 260 259 259 258 259 259 259 259 259 259 258 258 258 258 258 258 258 259 258 258 257 257 257 258 258 258 258 257 257 257 257 257 257 257 257 258 258 258 258 258 257 258 258 258 258 258 258 258 258 258 258 258 258 258 257 258 258 259 258 258 257 258 258 258 258 259 259 259 258 257 257 257 257 257 257 257 256 256 256 256 257 257 257 257 257 257 257 257 257 257 257 257 257 257 257 257 256 256 256 256 255 255 256 256 256 256 256 256 256 256 256 256 256 256 256 255 256 255 255 255 256 255 255 255 256 256 255 255 255 255 256 255 255 255 255 254 254 255 255 255 254 254 254 254 254 254 254 253 253 253 254 253 253 253 253 253 253 253 253 253 253 253 253 253 253 253 253 253 253 253 253 254 254 254 253 253 253 253 252 252 252 251 252 253 252 252 252 252 252 252 252 252 252 252 253 253 253 253 253 253 253 253 253 253 254 254 254 253 253 253 253 254 255 255 254 253 253 254 254 254 254 257 256 256 256 256 257 257 256 256 256 256 256 256 255 254 254 253 253 253 253 253 253 253 254 255 255 255 254 254 254 254 254 255 255 256 256 257 257 257 258 257 257 258 258 258 258 258 258 259 258 258 258 258 258 258 258 258 258 258 258 258 258 259 259 259 259 259 259 259 259 259 259 259 259 259 259 259 259 259 259 259 258 258 257 257 258 258 258 258 257 258 258 258 258 259 259 259 259 259 259 259 259 259 259 259 259 259 259 258 259 260 259 259 259 259 259 259 258 259 259 259 258 258 258 257 257 257 257 257 257 256 256 256 257 257 256 257 256 256 256 256 256 255 256 256 256 256 256 256 257 257 258 257 256 256 257 257 258 258 258 257 258 258 257 258 258 261 261 261 261 261 261 260 261 261 261 260 259 259 259 259 259 259 259 259 258 258 258 259 258 258 258 258 258 258 258 258 258 258 258 258 258 258 258 257 257 257 257 257 257 257 257 258 258 258 258 258 258 258 258 258 258 258 257 258 258 258 257 258 257 258 258 258 258 258 258 257 258 258 257 258 258 258 258 258 258 258 258 258 258 257 257 257 256 256 256 257 257 257 257 257 257 257 257 257 257 257 256 256 256 256 256 256 256 256 256 256 256 256 256 256 256 256 256 256 256 256 256 256 256 256 255 255 255 255 255 255 255 255 255 255 255 255 255 255 255 255 255 255 255 255 254 254 254 254 255 254 255 254 254 254 254 253 253 253 254 253 253 253 253 253 253 253 253 254 254 253 253 253 253 253 253 253 253 253 253 253 253 253 253 253 253 253 253 253 252 252 251 251 252 253 252 252 253 253 253 252 252 252 252 252 252 253 252 253 253 253 254 254 255 255 254 253 252 252 252 253 253 254 254 254 253 252 252 253 253 253 254 257 257 257 257 257 257 257 257 256 256 255 255 254 254 254 254 254 254 253 253 253 253 254 254 255 255 255 255 255 255 255 254 254 255 256 256 256 257 257 258 257 258 258 258 258 258 258 258 258 258 258 258 258 258 258 259 259 258 258 258 259 259 259 259 259 259 259 259 259 259 259 259 259 259 259 259 259 259 259 259 258 257 257 257 258 258 259 258 258 258 258 258 258 259 260 259 260 260 260 259 259 259 259 259 259 259 259 258 259 259 259 259 258 259 259 259 259 259 259 259 258 258 257 257 257 257 257 257 257 256 256 256 256 257 256 257 256 256 256 256 256 256 255 255 256 256 256 257 257 258 258 257 257 257 257 258 258 259 258 258 258 258 258 258 259 261 261 261 261 260 260 260 261 261 261 261 260 259 259 259 259 259 259 259 258 259 259 259 259 259 258 258 258 258 258 258 258 258 258 258 258 257 257 257 257 257 257 257 257 258 258 258 258 258 258 258 258 258 258 258 258 258 257 257 258 258 257 258 257 258 258 258 258 258 257 257 258 258 257 257 257 258 258 257 257 258 258 258 258 258 258 257 257 257 257 257 257 257 257 257 257 257 257 257 257 257 257 256 256 256 256 256 256 256 256 256 256 256 256 256 256 256 256 256 256 256 256 256 256 256 255 256 255 255 255 256 256 255 255 255 255 255 255 255 255 255 255 255 255 255 254 254 255 255 255 255 255 254 254 254 254 254 254 254 255 254 253 253 254 254 254 253 253 253 253 253 253 253 253 253 253 253 253 253 253 253 252 253 253 253 253 253 253 253 253 252 252 251 252 253 253 252 253 253 252 252 252 252 252 252 252 253 253 254 254 254 255 255 254 254 254 253 252 252 252 252 252 253 253 253 254 253 252 252 253 253 254 255 257 257 257 257 257 257 257 256 256 255 254 254 254 254 255 255 254 254 254 253 253 253 253 254 254 255 254 255 255 255 255 255 255 256 256 256 256 257 257 258 257 257 258 257 257 258 258 258 259 258 258 258 258 258 258 258 259 259 259 258 258 258 259 259 259 259 259 259 259 259 259 259 259 259 259 259 259 259 259 259 259 258 258 258 258 259 258 258 259 258 259 259 259 260 260 259 260 260 259 259 259 259 259 260 260 260 259 259 259 259 259 259 258 259 259 259 259 259 259 259 258 258 257 257 257 257 257 257 258 257 257 256 256 256 256 256 256 256 256 257 256 256 255 256 256 256 256 256 257 257 258 257 258 258 257 258 258 259 259 259 259 259 259 258 258 261 261 262 261 261 261 260 261 261 261 260 260 259 259 259 259 259 259 259 259 259 259 259 259 258 258 258 258 258 258 258 258 258 258 258 258 258 258 258 257 257 257 257 257 257 258 258 258 258 258 258 258 258 258 258 258 258 258 257 257 258 257 257 257 257 257 257 258 257 257 257 258 257 257 257 258 258 258 258 257 257 258 257 257 257 257 257 257 257 257 257 257 257 257 257 256 257 256 256 256 256 256 256 256 256 256 256 256 256 256 256 256 256 256 256 256 256 256 256 256 256 256 256 256 256 256 256 255 256 256 256 256 255 255 255 255 255 255 255 255 255 255 255 255 255 254 254 255 255 255 255 255 255 255 255 254 254 255 255 255 255 255 255 255 254 254 254 253 253 253 253 253 254 254 254 254 254 254 253 254 253 253 252 253 253 253 253 254 253 253 253 252 251 251 252 252 252 252 252 252 253 252 252 252 252 252 252 252 253 254 254 254 254 254 253 254 254 254 253 252 252 253 253 252 253 253 253 252 252 252 253 253 253 254 257 257 257 257 257 257 256 256 255 254 254 254 255 256 255 255 255 254 254 253 253 253 254 254 254 254 254 254 255 256 256 256 257 257 257 256 257 257 257 257 257 257 257 257 258 258 258 258 258 258 258 259 259 259 259 259 259 259 259 259 259 258 259 259 259 259 259 259 259 259 259 259 259 259 259 259 259 259 260 259 258 258 258 259 259 258 258 259 259 259 259 260 260 260 260 260 260 260 260 260 259 259 260 259 259 259 259 259 259 259 259 259 259 260 259 259 260 259 259 258 258 257 257 257 257 257 258 258 257 257 257 256 256 256 256 256 257 257 257 256 256 255 256 256 256 256 256 256 257 258 258 258 258 258 259 259 259 260 260 260 260 260 259 259 261 261 262 262 261 261 261 261 261 260 259 259 259 259 260 259 259 259 259 259 259 259 259 258 258 258 258 258 258 258 258 258 257 257 257 257 257 257 257 257 257 257 257 257 257 257 258 257 258 258 258 258 258 258 258 258 257 257 257 257 257 257 257 257 257 257 257 257 257 257 258 257 257 257 257 258 257 257 257 257 257 257 257 257 257 257 257 257 257 257 257 257 257 257 257 257 256 256 256 256 256 256 256 256 256 256 256 256 256 256 256 256 256 256 256 256 256 256 256 256 256 256 256 256 256 256 256 256 256 255 255 255 255 255 255 255 255 255 255 255 255 255 255 255 255 254 255 255 255 254 253 254 254 253 253 253 254 254 254 254 253 253 254 254 254 255 255 254 253 253 253 254 254 255 254 254 254 254 254 253 253 253 252 252 253 253 253 253 253 253 253 252 251 252 251 252 252 252 252 252 253 253 252 252 252 252 252 252 253 253 253 254 254 253 252 253 254 253 253 253 252 252 252 252 252 252 252 252 252 252 252 252 253 253 254 257 257 257 257 257 257 255 255 255 255 255 255 256 255 256 255 254 254 254 253 253 254 254 254 255 255 254 255 255 255 256 256 257 257 257 256 256 256 257 258 258 257 258 258 258 258 258 258 258 259 259 259 259 259 259 259 259 259 259 259 259 259 259 259 259 259 259 259 259 259 259 259 259 259 260 260 260 260 259 258 258 259 259 259 258 259 259 259 260 260 260 260 260 260 260 261 261 260 260 260 260 260 259 259 259 260 260 259 260 259 259 259 259 260 260 260 259 258 258 257 257 257 258 258 257 258 258 258 257 256 256 256 256 256 257 257 256 256 256 256 256 256 256 256 256 256 257 257 258 258 258 259 259 259 260 260 260 260 260 260 260 259 260 262 262 262 262 262 261 261 260 260 259 259 259 259 259 259 259 259 259 259 259 259 260 259 259 259 258 259 258 258 258 258 258 258 258 257 257 257 258 257 257 257 257 257 257 257 257 257 257 258 258 258 258 258 258 258 258 258 257 257 257 257 257 257 257 257 257 257 257 257 257 257 257 257 257 257 257 257 257 257 257 257 257 257 257 257 257 257 257 257 257 257 257 257 257 257 257 257 256 256 256 256 256 257 257 256 256 256 256 256 256 256 256 256 256 256 256 256 256 256 256 256 256 256 256 256 256 256 256 256 255 255 255 255 255 255 255 255 255 255 255 255 255 255 255 255 255 255 255 254 254 253 253 253 252 252 252 252 253 253 253 252 252 252 253 254 254 254 255 255 255 255 255 254 254 255 255 254 254 254 254 254 253 252 252 253 253 253 253 253 254 253 253 252 252 251 251 252 252 252 252 252 253 253 252 252 252 252 252 253 253 253 253 253 253 252 253 253 252 252 252 252 252 252 252 252 252 252 253 252 253 253 253 253 253 254 255 255 256 257 257 257 257 256 255 255 255 255 255 255 255 256 255 254 254 254 254 254 254 254 254 254 255 255 255 255 255 256 256 256 257 257 258 258 257 257 258 258 258 258 258 258 258 258 258 258 259 259 259 259 259 259 259 259 259 259 259 259 259 259 259 259 259 259 259 259 259 260 260 260 260 260 260 260 260 260 259 259 259 259 260 259 259 260 260 260 260 261 260 260 260 260 260 260 261 261 261 261 260 260 260 260 260 260 260 260 260 260 260 260 259 259 259 258 258 258 258 257 257 257 258 257 257 257 257 257 257 257 257 257 256 256 256 256 256 255 255 256 256 256 256 257 257 257 257 258 258 258 259 260 259 260 260 260 260 260 260 261 260 260 260 260 260 260 259 259 258 258 258 258 257 257 258 258 257 258 257 257 257 258 257 257 257 257 256 256 256 256 256 256 256 256 257 256 256 256 256 255 255 255 256 256 256 256 255 255 255 256 256 256 256 256 256 256 256 256 256 256 256 256 256 256 256 256 256 256 256 256 256 256 256 256 256 256 256 256 256 256 256 256 256 256 256 256 256 256 256 256 256 256 256 256 255 256 256 255 255 255 255 255 256 256 257 257 256 256 256 256 256 256 256 256 256 256 256 256 256 256 256 256 256 256 256 256 256 256 256 256 255 255 255 255 255 255 255 255 255 255 255 255 255 255 255 255 255 255 254 254 253 254 254 254 253 253 253 253 254 253 253 253 253 253 253 253 254 254 254 254 255 255 256 255 255 255 255 255 255 255 255 255 254 254 253 253 253 254 253 253 253 254 254 254 253 253 252 252 252 253 253 253 253 253 253 253 252 252 252 253 253 253 253 252 252 252 252 253 253 253 252 252 253 253 253 253 252 253 253 254 254 254 254 254 254 255 255 255 254 254 255 257 257 257 256 255 255 255 255 255 256 255 254 254 255 254 254 254 254 255 254 254 254 255 255 256 256 256 257 256 256 257 258 257 257 256 257 258 258 259 259 258 258 258 258 259 259 259 259 259 259 259 259 259 259 259 259 259 259 259 259 259 259 259 259 259 259 260 259 259 259 260 260 260 260 260 260 260 259 260 260 260 260 260 260 260 260 260 260 259 259 259 259 260 261 261 261 260 260 260 261 261 261 260 260 261 261 261 261 260 259 259 259 259 259 258 257 257 257 257 258 258 257 257 257 257 257 257 257 256 256 256 256 255 255 256 256 256 256 256 256 257 257 257 257 257 257 257 259 260 260 260 260 260 260 260 260 261 261 261 260 260 259 259 259 259 259 259 258 258 257 258 259 258 257 257 258 257 257 257 257 256 256 256 256 256 256 256 256 257 256 257 257 256 256 256 256 255 256 256 256 256 257 256 255 255 255 256 256 256 256 256 256 256 256 256 256 256 256 256 256 256 256 256 256 256 256 256 256 256 256 256 256 256 256 256 256 256 256 256 256 256 256 256 256 256 256 256 256 256 256 256 256 256 256 256 256 255 255 255 257 256 256 257 257 256 256 256 256 256 256 256 256 256 256 256 256 256 256 256 256 256 256 256 256 256 255 255 255 255 255 255 255 255 255 255 255 255 255 255 255 255 255 255 254 255 254 254 255 255 255 254 254 253 253 253 254 255 254 253 253 253 253 253 253 254 254 254 254 254 254 255 255 255 255 255 255 255 255 255 254 253 253 253 253 253 254 253 253 253 253 254 253 253 253 253 252 252 252 252 252 253 253 252 252 252 252 252 253 253 253 253 253 253 252 252 252 252 252 252 252 253 253 254 254 253 254 254 254 255 255 255 255 255 255 254 254 254 254 257 256 255 255 255 255 256 255 255 254 255 255 254 254 255 255 254 253 253 254 254 255 255 256 256 256 257 258 258 258 258 257 257 257 257 258 258 259 259 259 259 259 259 259 259 259 259 259 259 259 259 259 259 259 259 259 259 259 259 259 260 260 260 260 259 259 260 260 260 260 260 260 260 260 260 260 260 260 260 260 260 260 260 260 260 259 259 259 259 259 260 261 261 261 260 261 261 262 261 260 261 261 262 261 260 260 258 258 258 259 259 258 258 257 257 257 257 257 257 257 257 257 257 257 257 257 257 256 256 256 256 256 256 256 256 256 257 257 257 257 257 257 257 257 258 259 260 260 260 260 260 260 260 261 261 261 261 260 259 259 259 259 259 258 258 258 258 258 259 259 258 258 258 257 257 257 257 256 257 257 257 256 256 256 256 256 257 257 257 257 256 255 256 255 256 256 257 256 256 256 255 255 256 256 256 256 256 256 256 256 256 256 256 256 256 256 256 256 256 256 256 256 256 256 256 256 256 256 256 256 256 256 256 256 256 256 256 256 256 256 256 256 256 256 256 256 256 256 256 256 256 255 256 255 255 255 257 256 256 256 257 256 256 256 256 256 256 256 256 256 256 256 256 256 256 256 256 256 256 256 256 255 255 255 255 255 255 255 255 255 255 255 255 255 255 255 255 255 254 254 254 254 254 254 255 255 255 255 254 254 254 253 254 254 254 253 253 253 253 253 253 253 253 254 253 253 254 254 254 254 254 254 254 254 254 254 254 254 253 253 253 253 253 253 253 253 253 253 253 253 253 253 252 252 252 252 252 252 253 252 252 252 252 253 253 252 253 252 253 253 253 252 252 252 252 253 253 253 254 254 254 254 254 254 255 254 254 254 254 254 253 253 254 255 255 255 257 256 255 255 255 255 255 255 254 255 255 255 256 255 255 254 255 254 254 253 254 255 255 255 256 258 258 258 259 259 258 257 257 258 258 258 259 259 259 259 259 259 259 259 259 259 259 259 259 259 259 259 259 259 259 259 259 259 259 260 260 260 260 260 259 260 260 260 260 260 260 260 260 260 260 260 260 260 260 260 260 260 260 259 259 259 259 259 259 260 260 261 261 260 261 261 261 261 261 261 261 262 261 260 260 258 258 258 259 259 259 259 258 258 257 257 256 256 256 256 256 257 257 257 256 257 257 256 256 256 256 256 256 256 257 257 257 257 257 257 257 257 257 258 259 259 260 260 260 260 260 260 261 261 261 260 260 259 258 258 258 258 258 258 258 258 259 259 259 258 258 258 258 258 258 257 257 257 257 257 257 256 256 257 256 256 257 257 257 256 256 256 255 256 256 257 256 256 256 255 255 256 256 256 256 256 256 256 256 256 256 256 256 256 256 256 256 256 256 256 256 256 256 256 256 256 256 256 256 256 256 256 256 256 256 256 256 256 256 256 256 256 256 256 256 256 256 256 256 256 256 255 256 255 255 256 256 256 256 256 256 256 256 256 256 256 256 256 256 256 256 256 256 256 256 256 256 256 256 256 256 256 255 255 255 255 255 255 255 255 255 255 255 255 255 254 254 254 254 254 254 254 254 254 254 255 255 255 255 254 254 254 254 254 254 253 253 252 252 252 252 253 253 254 254 254 254 253 254 254 254 254 254 254 254 254 255 254 254 253 253 253 253 253 253 253 252 253 253 253 253 253 253 252 252 251 251 252 252 252 252 253 253 252 252 252 252 252 252 252 252 252 252 253 252 253 254 254 253 253 254 254 254 254 254 254 253 253 253 253 254 254 255 255 255 255 257 257 256 256 256 256 255 255 255 255 255 255 256 256 255 255 255 256 256 255 254 254 254 255 255 256 258 258 259 259 259 259 258 258 258 258 258 259 259 259 259 259 259 259 259 259 259 259 259 259 260 259 259 259 259 259 259 259 259 259 259 260 260 260 260 260 260 260 260 260 260 260 260 260 260 260 260 260 260 260 260 260 260 260 259 259 259 259 259 259 260 260 260 260 261 261 261 262 262 261 261 261 262 261 261 260 258 258 258 258 258 259 258 258 257 257 257 256 256 257 257 256 256 257 257 256 256 257 257 256 256 257 257 257 257 257 257 257 257 257 257 257 257 258 258 259 259 259 260 260 260 260 260 261 261 261 261 261 260 259 259 258 259 259 259 259 259 259 259 259 258 257 257 258 258 258 258 258 258 258 257 257 256 256 257 257 256 257 257 257 256 256 256 256 256 256 256 256 256 256 256 256 256 256 256 256 256 256 256 256 256 256 256 256 256 256 256 256 256 256 256 256 256 256 256 256 256 256 256 256 256 256 256 256 256 256 256 256 256 256 256 256 256 256 256 256 256 256 256 256 256 256 256 256 255 255 256 256 256 256 256 256 256 256 256 256 256 256 256 256 256 256 256 256 256 256 256 256 256 256 256 256 256 256 256 255 255 255 256 255 255 255 255 255 255 255 254 254 254 254 254 254 254 254 254 254 254 254 255 255 255 254 254 254 254 254 254 253 253 253 253 252 252 253 253 253 254 253 254 254 254 254 254 254 254 254 254 254 254 254 253 253 253 253 253 252 253 252 253 253 253 253 253 253 253 252 251 251 252 252 252 252 252 252 252 252 251 251 251 251 252 253 253 253 253 253 253 254 254 253 252 253 253 254 254 254 253 253 253 253 254 254 255 255 255 254 253 257 257 257 257 256 256 256 255 255 255 255 256 256 256 256 256 256 256 256 256 256 255 254 254 256 256 257 257 258 259 259 259 259 259 259 259 259 259 259 259 259 258 259 258 259 259 259 259 259 259 259 259 259 259 259 259 260 260 260 260 260 260 260 260 260 260 260 260 260 260 260 260 260 260 259 260 260 260 260 260 260 260 260 260 260 259 258 259 260 260 260 260 259 260 260 261 261 261 261 261 261 261 261 261 260 260 259 258 258 257 258 258 259 258 258 257 257 257 257 257 257 257 257 257 257 256 256 256 256 256 256 256 256 256 257 257 257 257 257 257 257 257 257 258 258 258 259 259 259 259 260 260 260 261 261 261 261 261 260 260 260 259 258 259 259 259 259 259 258 258 258 258 258 257 257 257 258 258 258 257 258 258 257 256 257 256 257 256 256 256 257 257 257 256 256 257 257 257 257 257 256 256 256 256 256 257 257 256 256 256 257 256 256 256 256 256 256 256 256 256 256 256 256 256 256 256 256 256 256 256 256 256 256 256 256 256 256 256 256 256 256 256 256 256 256 256 256 256 256 256 256 256 256 256 255 255 255 256 256 256 256 256 256 256 256 256 256 256 256 256 256 256 256 256 256 256 256 256 256 256 256 256 256 256 256 256 255 255 255 256 256 255 255 255 255 254 255 255 255 254 254 254 254 254 254 254 255 254 255 254 254 254 255 255 254 254 254 254 254 254 253 253 253 253 253 253 253 253 253 254 254 254 253 253 254 254 254 254 254 254 253 253 253 253 253 253 252 253 252 253 253 253 253 253 253 253 253 252 251 251 252 252 252 252 252 251 251 251 252 252 252 251 252 252 252 252 253 253 254 253 252 252 253 254 254 254 254 254 253 253 253 253 254 254 254 253 253 253 257 257 257 257 257 257 256 256 255 256 256 257 256 256 256 256 256 257 257 256 256 255 254 254 255 256 256 257 258 258 259 259 259 259 259 259 260 260 259 259 258 258 258 258 259 259 259 260 259 259 259 259 259 259 259 259 260 260 260 260 260 260 260 260 260 260 260 260 260 260 260 260 260 260 260 260 260 260 260 260 260 260 260 260 260 259 258 259 259 260 260 260 259 259 260 260 261 261 261 261 261 261 261 260 260 259 259 258 258 257 258 258 258 259 259 258 258 257 257 257 257 257 257 257 257 257 257 257 257 256 256 256 256 256 256 257 257 257 257 257 258 258 257 257 258 258 258 259 259 259 260 260 260 261 261 261 261 260 260 260 259 258 259 259 259 259 258 259 259 258 258 258 258 258 258 257 257 257 257 257 258 258 258 257 257 257 257 257 256 257 257 258 258 257 257 257 257 258 257 256 256 256 256 256 256 256 256 256 256 257 257 256 256 256 256 256 256 256 256 256 256 256 256 256 256 256 256 256 256 256 256 256 256 256 256 256 256 256 256 256 256 256 256 256 256 256 256 256 256 256 256 256 255 255 256 256 256 257 257 257 256 256 256 256 256 256 256 256 256 256 256 256 256 256 256 256 256 256 256 256 256 256 256 256 256 256 256 255 255 255 255 255 255 255 255 254 254 255 255 255 255 254 254 254 254 254 254 255 255 255 255 254 254 255 255 255 254 255 254 254 254 254 253 253 253 253 253 253 253 253 253 253 253 254 253 253 254 253 253 254 253 253 253 253 253 253 253 252 252 252 253 253 253 252 252 253 253 252 252 252 251 252 252 252 251 251 251 252 252 253 252 252 251 251 252 252 252 252 253 253 252 252 253 253 254 254 254 254 253 253 253 253 253 254 254 253 252 252 253 257 257 257 257 257 257 256 256 256 256 257 256 256 256 257 257 257 257 256 256 254 255 256 256 257 257 257 257 258 258 259 259 259 259 260 260 260 259 259 258 258 259 259 259 260 260 260 260 259 259 259 259 259 259 259 260 260 260 260 260 260 260 260 260 260 260 260 260 260 260 260 260 260 260 260 260 260 260 260 260 260 260 260 260 259 258 259 259 260 260 260 259 259 260 260 261 261 261 261 261 260 260 260 259 259 259 258 258 258 258 258 258 258 258 258 258 258 257 257 257 257 257 257 257 257 257 256 256 256 256 257 257 257 256 257 257 257 257 257 257 257 257 257 257 258 258 258 259 259 259 260 260 260 261 262 261 261 260 259 259 258 258 258 258 258 259 259 258 258 258 257 257 258 258 258 258 258 258 257 257 257 257 258 258 258 258 257 257 257 257 258 258 258 257 257 257 257 257 256 256 256 257 257 257 257 256 256 256 256 256 256 257 257 256 257 256 256 256 256 256 256 256 256 256 256 256 256 256 256 256 256 256 256 256 256 256 256 256 256 256 256 256 256 256 256 255 256 256 256 256 256 256 255 256 256 256 257 257 257 257 257 257 256 256 256 256 256 256 256 256 256 256 256 256 256 256 256 256 256 256 256 256 256 256 256 256 255 255 255 255 255 255 255 255 254 254 254 255 255 255 255 255 254 254 254 254 254 255 255 255 255 255 255 255 255 255 255 254 254 254 254 254 253 253 253 253 253 253 253 253 253 253 253 253 253 253 253 253 253 253 252 253 252 252 253 253 253 252 252 252 253 252 252 252 252 253 252 252 252 252 251 252 251 251 251 252 252 252 253 253 252 252 251 251 252 252 251 252 252 251 252 252 253 253 254 254 253 253 252 253 253 253 254 253 253 252 252 253 252 253 257 257 257 257 257 257 257 256 256 256 256 256 256 256 256 256 256 256 256 255 255 257 257 257 256 257 257 257 257 258 259 259 259 260 260 260 259 259 259 259 259 259 259 260 260 260 260 260 260 260 260 260 260 259 259 259 260 260 260 260 260 260 260 260 260 260 260 260 260 260 260 260 260 260 260 260 260 260 261 261 261 261 260 259 259 259 259 259 259 259 259 259 260 260 260 260 261 260 259 260 259 259 259 259 259 258 258 258 258 258 258 258 258 258 258 258 257 257 257 257 257 257 257 257 257 256 256 257 257 257 257 257 256 256 256 257 257 257 257 257 257 257 257 258 258 258 259 259 259 260 259 260 260 260 261 261 260 259 258 258 259 258 258 258 259 258 258 258 258 258 257 257 257 258 258 257 257 258 257 257 257 257 258 258 257 258 258 257 258 258 258 257 257 257 256 256 257 256 256 256 257 257 257 257 257 256 256 257 256 256 257 257 257 256 257 256 256 256 256 256 256 256 256 256 256 256 256 256 256 256 256 256 256 256 256 256 256 256 256 256 255 255 256 256 256 255 255 255 256 256 256 255 255 255 255 257 257 257 257 257 257 257 256 256 256 257 257 256 256 256 256 256 256 256 256 256 256 256 256 256 255 255 255 255 255 255 255 255 255 255 255 255 255 254 254 254 254 254 255 255 255 255 255 254 254 254 254 255 255 255 255 255 254 254 254 255 254 254 254 254 254 253 254 253 253 253 253 253 253 253 253 253 253 253 252 252 253 253 252 252 253 252 252 252 253 253 253 252 252 252 252 252 252 252 252 252 252 252 252 251 251 251 251 251 251 251 252 252 252 252 251 251 251 251 251 251 252 252 251 252 252 252 253 253 253 253 253 252 252 253 253 254 253 253 252 252 252 252 253 258 258 258 258 258 257 257 256 257 257 257 257 256 255 255 255 255 256 256 255 255 255 256 256 257 257 257 257 257 258 258 259 259 259 259 259 259 260 259 259 259 259 260 260 260 260 260 260 260 260 260 260 260 260 259 259 260 260 260 260 260 260 260 260 260 260 260 260 260 260 260 261 261 260 260 260 260 261 261 260 260 261 260 260 259 259 259 259 260 260 260 260 260 260 260 260 260 260 259 259 259 259 259 259 259 258 258 258 258 258 259 258 258 258 257 257 257 257 257 257 257 257 256 257 257 256 257 257 257 257 257 257 257 257 256 257 257 257 257 257 257 257 257 257 257 258 258 259 259 259 259 259 259 260 260 260 260 259 259 259 259 259 258 258 258 258 258 258 258 257 257 257 257 257 257 257 257 257 257 257 257 257 257 257 257 258 258 258 258 258 258 258 257 257 257 256 257 257 256 256 256 257 257 257 257 257 257 256 257 257 257 257 257 257 256 257 257 256 256 256 256 256 256 256 256 256 256 256 256 256 256 256 256 256 256 256 256 256 256 255 255 255 256 256 256 255 255 255 255 256 256 256 255 255 255 257 257 257 257 257 257 257 256 256 256 257 256 256 256 256 256 256 256 256 256 256 256 256 256 255 255 255 255 255 255 255 255 255 256 256 256 255 255 255 254 254 254 254 254 255 255 255 255 255 254 254 254 254 254 254 255 254 254 254 254 254 254 254 254 254 254 254 254 253 253 253 253 253 253 253 253 253 253 252 252 252 252 252 252 253 252 253 252 252 252 252 253 252 252 252 252 252 252 252 252 252 252 252 251 251 251 251 252 252 252 252 252 252 252 252 251 251 251 251 251 252 252 251 251 251 252 252 252 252 252 253 253 253 252 253 253 253 254 253 253 252 251 252 252 253 258 258 258 257 257 257 257 257 257 256 255 255 255 255 256 256 256 256 256 256 256 256 256 257 258 257 258 258 259 259 258 259 259 260 260 260 259 259 259 260 260 260 260 260 260 260 260 260 260 260 260 260 260 260 260 260 260 260 260 260 260 260 260 260 260 260 260 260 260 261 260 261 261 261 261 261 260 261 261 260 260 260 259 259 259 259 259 260 260 260 260 260 260 260 259 259 259 259 259 259 259 259 258 258 258 258 258 259 259 258 258 258 257 257 257 258 257 257 257 257 257 257 257 257 257 257 257 257 257 257 257 256 257 257 257 257 257 257 258 257 257 258 258 258 258 258 258 258 259 259 259 259 259 259 260 259 259 259 259 258 258 258 259 259 258 258 258 258 258 258 257 258 257 257 257 258 257 257 257 257 257 258 258 257 258 258 258 258 257 258 257 257 257 256 256 257 256 256 256 257 257 257 257 257 257 257 257 256 256 257 256 256 256 256 256 256 256 256 256 256 256 256 256 256 256 256 256 256 256 256 256 256 256 256 256 256 256 255 255 256 256 256 255 255 255 255 255 255 255 256 255 255 257 257 257 257 257 257 257 257 256 256 256 256 256 256 256 256 256 256 256 256 256 256 256 255 255 255 255 255 255 255 255 256 255 255 256 256 256 255 255 254 254 254 254 254 254 254 254 254 254 255 255 254 254 254 254 254 254 255 254 254 254 254 254 254 254 254 254 254 253 253 253 252 252 253 253 253 253 253 252 252 252 252 252 252 252 253 252 252 252 252 252 252 252 252 252 252 252 252 252 252 252 252 252 251 251 251 251 251 251 252 252 253 253 252 252 251 252 251 251 251 251 252 251 251 252 252 251 251 251 251 253 253 253 252 253 253 253 253 253 253 252 251 252 252 253 253 258 258 258 258 257 256 255 255 255 256 256 256 256 256 256 256 256 256 256 256 257 257 257 258 258 258 258 258 259 260 260 260 259 259 259 259 260 260 260 260 260 260 260 260 260 260 260 260 260 260 260 260 260 260 260 260 260 260 260 260 260 260 260 260 260 261 261 261 261 261 261 261 261 261 261 261 261 260 260 260 259 259 259 259 259 259 260 260 260 260 260 259 259 259 259 259 259 259 259 258 258 258 258 258 258 258 259 258 258 257 257 257 257 257 257 257 257 257 257 257 257 257 258 258 257 257 257 257 256 256 257 257 257 257 258 257 257 258 258 258 258 257 258 259 259 259 259 258 258 259 259 259 259 259 259 258 258 258 258 258 259 259 258 258 258 258 257 257 258 258 257 258 259 258 257 257 257 257 257 257 257 257 258 257 257 257 257 257 257 257 257 257 256 256 256 256 257 257 257 257 257 257 257 257 257 257 256 256 256 256 256 256 256 256 256 256 256 256 256 256 256 256 256 256 256 256 256 256 256 256 256 256 256 256 255 255 256 255 255 255 255 255 255 255 255 255 255 255 255 257 257 257 257 257 257 257 257 257 256 256 256 256 256 256 256 256 256 256 256 256 256 255 255 255 255 255 255 256 256 256 256 256 256 256 256 256 256 255 255 255 254 254 254 254 254 254 254 254 255 255 254 254 254 254 254 254 254 254 254 254 254 254 254 254 254 254 254 253 253 252 252 252 252 252 253 253 252 252 252 252 252 252 252 252 252 252 252 252 252 252 252 252 252 252 252 252 252 252 252 252 252 251 251 252 252 252 251 251 251 252 252 253 252 252 252 252 252 252 252 251 251 251 252 252 251 251 251 251 251 253 253 253 252 252 253 253 253 253 252 252 252 252 252 252 252 258 257 256 256 256 256 256 256 257 256 256 256 256 256 256 256 257 257 257 257 257 258 258 258 259 259 260 260 260 259 259 259 260 260 260 260 260 260 260 260 260 260 260 260 260 260 260 260 260 260 260 260 260 260 260 260 260 260 260 260 260 260 261 261 261 261 261 261 261 261 261 261 261 261 261 260 259 259 259 259 259 259 259 259 260 260 260 260 260 259 259 259 259 259 259 259 258 258 258 258 258 258 258 258 259 258 258 258 257 257 257 257 257 257 257 257 257 257 258 257 257 257 257 257 257 257 257 257 257 257 257 257 257 257 257 257 257 258 258 258 258 258 258 259 258 258 258 258 258 259 259 259 259 259 258 258 258 258 258 258 258 258 259 258 258 258 258 258 259 258 258 257 257 258 257 256 256 257 257 257 256 257 257 257 257 257 257 257 257 257 256 256 256 257 257 256 256 256 256 257 257 256 256 256 256 256 256 256 256 256 256 256 256 256 256 256 256 256 256 256 256 256 256 256 256 256 256 255 255 255 255 255 255 255 255 255 255 255 255 255 255 255 255 255 255 255 257 257 257 257 257 257 257 257 256 256 256 256 256 256 256 256 256 256 256 256 256 256 255 255 256 256 256 256 256 256 256 256 256 256 256 256 256 256 255 255 254 254 254 254 254 254 254 254 254 254 255 255 254 254 254 254 254 254 254 254 254 254 254 254 254 254 254 255 254 253 252 252 252 252 252 252 252 252 252 252 252 252 252 252 252 252 252 252 252 252 252 252 251 251 251 251 251 251 252 252 252 252 251 251 251 251 251 251 251 252 252 252 252 252 252 252 252 253 252 252 251 251 250 250 250 251 251 251 251 252 253 253 253 252 252 252 252 252 253 252 252 251 252 252 252 252 253 253 258 257 256 256 257 256 257 257 257 257 256 256 256 256 256 256 256 257 257 257 258 258 259 259 259 259 260 259 259 259 259 260 260 260 260 260 260 260 260 260 260 260 260 260 260 260 260 260 260 260 260 260 260 260 260 260 260 261 261 261 260 261 261 261 261 261 261 261 261 261 261 261 261 261 260 260 260 260 259 259 259 259 260 260 260 260 260 260 260 260 260 259 259 259 259 258 258 258 258 258 258 258 258 258 259 258 258 258 257 257 257 257 257 257 257 257 257 257 258 257 257 257 258 258 257 257 257 257 256 257 257 257 258 258 258 258 258 258 258 259 258 258 258 258 258 258 258 259 259 259 259 259 259 259 258 258 258 258 258 258 259 259 259 259 259 258 258 258 258 258 257 258 258 258 257 256 256 257 256 256 257 257 257 257 257 257 257 257 257 257 257 257 257 257 257 257 257 257 257 257 256 256 256 257 256 256 256 256 256 256 256 256 256 256 256 256 256 256 256 256 256 256 256 256 256 256 255 256 255 255 255 255 255 255 255 255 255 255 255 255 255 255 255 255 255 257 257 257 257 257 257 257 257 257 257 257 257 257 257 256 256 256 256 256 256 256 256 256 256 256 256 256 256 256 256 256 256 256 256 256 256 255 255 255 255 255 255 255 254 254 254 254 254 254 254 255 256 255 255 255 254 254 254 254 254 254 254 254 254 253 253 254 254 255 253 253 252 252 252 252 252 252 252 252 252 252 252 252 252 252 252 252 252 252 251 252 252 252 252 252 251 251 251 251 251 251 251 251 251 251 251 251 251 251 251 252 252 252 252 252 252 252 252 252 253 253 252 251 251 250 250 251 251 251 251 252 252 253 253 252 251 252 252 253 252 251 251 252 252 252 253 253 253 253 253 257 257 257 257 256 256 256 256 256 256 257 257 258 258 257 256 257 257 257 258 258 259 259 259 259 259 259 260 260 260 260 260 260 260 260 260 260 260 261 261 261 261 260 260 260 260 260 260 260 260 260 260 260 260 260 260 261 261 261 261 261 261 261 261 261 261 261 261 261 261 261 261 261 261 261 260 259 259 259 259 259 260 260 260 260 260 261 261 260 260 260 260 259 259 258 258 258 258 258 258 258 258 258 258 258 259 259 258 257 257 257 257 257 257 257 257 257 258 258 258 258 258 258 258 257 257 257 256 257 257 257 258 258 258 258 259 259 259 258 258 259 258 258 258 258 259 259 258 259 259 259 259 258 258 258 258 258 258 258 259 259 259 259 258 258 258 258 259 258 257 258 258 258 257 257 256 256 256 256 257 256 257 257 256 257 257 257 257 257 257 257 257 257 257 257 257 257 257 257 256 256 256 257 257 256 256 256 256 256 256 256 256 256 256 256 256 256 256 256 256 256 256 256 256 256 256 255 256 256 255 255 255 255 256 255 255 255 255 255 255 255 255 255 255 256 257 257 257 257 257 257 257 257 256 256 256 256 256 256 256 256 256 256 256 256 256 256 256 256 256 256 256 256 256 256 256 256 256 255 255 255 255 255 255 255 255 255 255 255 254 254 254 254 254 255 255 256 257 256 255 255 254 254 254 254 254 253 254 253 253 254 254 255 254 254 253 253 252 252 252 252 253 252 252 252 252 252 252 252 252 252 252 252 252 252 252 252 252 252 252 252 252 251 251 251 251 251 251 252 251 251 251 251 252 252 252 252 251 251 251 251 251 252 252 253 253 253 252 252 251 250 250 250 251 251 251 252 253 253 252 251 252 253 252 251 252 252 253 253 253 252 253 253 253 253 258 257 257 256 256 256 256 256 256 256 257 258 258 257 256 256 257 258 258 259 259 259 259 258 258 259 259 260 260 260 261 261 260 260 260 260 261 261 261 261 261 261 261 260 260 260 260 260 260 261 261 260 260 260 261 260 260 261 261 261 261 261 261 261 261 261 261 261 261 261 261 261 261 261 261 260 259 259 259 259 259 259 259 260 260 260 261 261 261 260 260 260 260 259 259 258 258 259 259 258 258 258 258 258 258 258 258 258 258 257 257 258 258 257 257 257 258 258 258 258 258 258 258 258 257 257 257 257 256 257 257 258 257 257 258 259 258 258 258 258 258 258 258 258 258 258 258 258 259 259 259 259 259 258 258 258 258 259 259 259 259 259 259 259 258 258 258 258 258 258 258 258 258 258 257 257 256 257 257 256 256 256 256 256 257 257 257 257 257 257 257 257 257 257 257 257 257 257 256 257 257 257 257 257 257 256 256 256 256 256 256 256 256 256 256 256 256 256 256 256 256 256 256 256 256 256 256 256 256 256 255 255 255 255 255 255 255 255 255 255 255 255 255 255 256 256 257 257 257 257 257 256 256 256 256 256 256 256 256 256 256 256 256 256 256 256 256 256 255 256 256 256 255 255 256 256 256 255 255 255 255 255 255 255 255 255 255 255 255 255 254 254 254 254 255 255 255 256 257 257 256 255 254 254 254 254 254 253 253 253 254 254 255 255 254 253 253 252 252 252 252 253 253 252 252 252 252 252 252 252 252 252 252 252 252 253 253 253 254 253 253 253 252 252 251 251 251 251 251 252 251 251 251 252 252 252 251 252 252 252 252 251 251 252 252 252 252 252 252 252 252 251 250 250 250 250 252 252 253 252 251 252 253 252 252 252 253 253 252 252 252 253 253 253 253 253 253 253 253 253 253 258 258 257 257 257 256 257 256 256 256 257 257 257 256 256 256 257 258 258 258 258 258 258 258 258 258 259 259 259 260 261 261 260 260 261 261 261 261 261 261 261 261 261 261 261 261 261 261 261 261 261 261 261 261 260 260 261 261 261 261 261 261 261 261 261 261 261 261 261 261 261 261 261 261 261 260 260 260 260 259 259 259 259 260 260 260 260 260 260 259 260 260 260 260 259 259 259 258 259 259 258 258 258 258 258 258 258 258 258 257 258 257 258 258 258 257 258 258 258 258 258 258 257 257 257 257 257 257 256 256 257 257 257 257 258 258 259 258 258 258 258 258 257 258 259 259 259 259 259 259 260 259 259 258 258 258 258 259 259 259 260 260 259 259 259 259 258 258 257 258 259 259 258 258 257 257 257 257 257 257 257 257 256 256 256 256 257 257 257 257 257 257 257 257 257 257 257 257 257 257 257 257 257 257 257 256 256 256 256 256 257 256 256 256 256 256 256 256 256 256 256 256 256 256 256 256 256 257 256 256 256 256 255 255 255 255 255 255 255 255 255 255 255 255 256 256 256 256 256 256 256 256 256 256 256 256 256 256 256 256 256 256 256 256 256 256 256 256 256 255 256 255 255 255 255 255 255 255 255 255 255 255 255 256 255 255 255 255 255 255 255 255 255 255 255 255 255 255 255 255 255 256 255 255 254 254 254 254 254 254 253 254 254 255 255 254 253 252 252 252 252 253 253 253 253 252 252 252 252 252 253 253 253 253 253 253 253 253 254 253 254 254 253 253 252 252 251 251 251 252 251 251 252 252 252 251 252 252 252 253 252 252 252 252 251 251 251 252 252 252 252 252 252 251 251 251 251 252 252 252 252 251 252 252 251 252 252 252 252 251 252 252 252 252 252 252 253 253 252 252 253 253 253 258 258 258 258 257 257 257 257 256 256 256 256 256 256 256 257 257 257 257 258 258 258 258 258 259 259 259 259 260 260 261 261 261 261 261 261 261 261 261 261 261 261 261 261 261 261 261 261 261 261 261 261 261 261 261 261 261 261 261 261 261 261 261 262 261 261 261 261 261 261 261 261 261 261 261 261 261 260 259 259 259 259 259 260 260 260 260 259 259 260 260 260 259 259 258 259 259 259 258 259 258 258 259 259 258 258 257 257 258 258 258 258 258 258 258 258 258 258 258 258 258 258 257 257 257 257 257 256 256 257 257 257 257 258 258 258 258 258 258 257 258 258 259 259 260 259 259 259 260 260 259 259 258 258 259 259 259 259 260 259 259 259 260 259 259 258 258 258 258 259 258 258 258 257 257 258 258 258 257 257 256 257 256 256 256 257 257 257 257 257 257 257 257 257 257 257 257 257 257 257 256 256 256 256 256 256 256 256 256 256 256 256 256 256 256 256 256 256 256 256 256 256 256 256 256 257 256 256 256 256 255 255 255 255 255 255 255 255 255 255 255 255 256 256 256 256 257 256 256 256 256 256 256 256 256 256 256 256 256 256 256 256 256 256 256 256 256 256 256 256 256 256 256 255 255 255 256 255 255 255 255 255 255 255 254 255 255 255 255 255 255 255 255 255 255 255 255 255 255 255 256 257 256 255 254 254 253 253 253 254 254 256 255 254 253 252 252 252 252 252 253 253 253 253 252 252 252 252 252 253 253 253 254 254 254 254 253 253 253 253 253 253 253 253 253 252 252 252 251 251 251 252 252 251 252 252 252 252 252 252 253 252 252 252 251 251 252 252 252 252 252 251 251 251 251 252 252 252 252 252 251 251 251 252 252 252 252 251 252 252 252 252 252 252 252 252 252 253 253 253 253 253 254 258 258 257 257 257 257 257 257 257 256 257 258 258 258 259 259 259 259 259 260 259 259 259 260 260 260 261 261 261 261 261 261 261 261 261 261 261 261 261 261 261 261 261 261 262 262 261 261 261 261 261 261 261 261 261 261 261 261 261 261 261 261 261 261 261 261 262 261 261 261 261 261 261 261 261 260 260 259 259 258 259 260 260 259 259 259 259 259 259 259 258 258 259 259 258 258 258 258 258 258 258 258 257 258 258 258 258 258 258 258 258 259 258 258 257 257 257 257 257 257 257 257 257 257 257 256 257 258 257 257 258 258 258 258 258 259 259 259 259 259 259 258 259 259 259 259 259 259 259 258 259 259 259 260 259 259 259 259 259 260 259 258 258 258 259 259 259 258 257 257 257 258 258 258 258 257 257 257 256 257 256 256 256 256 257 257 257 257 257 257 257 257 257 257 257 257 256 256 256 256 256 256 256 256 256 256 257 256 256 256 257 257 256 255 256 256 256 256 256 257 257 256 256 256 256 255 255 256 255 255 255 255 256 255 256 255 255 255 256 256 256 256 257 256 256 256 256 256 256 256 256 256 256 256 256 256 256 256 256 256 256 256 256 256 256 256 256 256 256 255 255 256 256 255 255 255 255 255 255 255 255 254 255 254 254 254 254 254 255 254 255 254 254 255 255 254 255 257 258 258 256 255 255 254 254 254 255 256 256 255 254 253 252 252 252 253 253 253 253 253 253 253 253 253 253 253 253 253 253 253 253 253 253 253 253 253 253 252 252 253 253 253 253 252 252 252 251 251 252 251 251 252 252 252 252 252 253 252 252 252 252 252 252 252 251 251 251 251 251 251 250 251 251 252 252 252 252 251 251 252 252 252 252 251 252 252 252 251 252 251 252 251 252 252 253 253 253 253 259 259 258 258 257 257 257 257 257 257 258 258 258 259 258 258 259 259 259 259 259 259 260 260 261 261 262 261 261 261 261 261 261 261 261 262 262 261 261 261 262 262 262 262 261 261 261 261 261 261 261 261 261 261 261 261 261 261 261 261 261 261 262 262 261 261 261 261 261 261 262 261 261 261 261 260 259 259 258 258 259 259 259 258 258 259 258 258 258 258 259 259 259 259 259 259 258 258 258 258 258 258 258 258 258 259 258 258 259 259 259 258 258 257 257 257 258 257 258 258 258 257 257 256 257 257 257 258 258 258 257 258 259 259 258 258 258 258 258 259 259 259 259 260 260 259 259 259 259 259 259 259 259 259 259 258 258 259 259 259 258 258 258 259 259 258 258 257 257 257 258 258 258 257 257 257 256 257 257 256 256 256 256 256 256 257 257 257 257 257 257 257 257 257 257 256 256 256 256 256 256 256 256 256 257 257 256 256 257 257 256 255 256 256 256 256 256 257 257 257 256 256 256 256 256 256 255 255 256 256 256 256 256 256 255 255 256 256 256 256 256 256 257 257 257 257 257 257 256 256 256 256 256 256 256 256 256 256 256 256 256 256 256 256 256 256 255 256 256 256 255 255 255 255 255 255 255 255 255 255 255 254 254 254 254 254 254 254 254 254 254 254 255 255 254 255 256 257 257 257 257 256 255 254 255 256 256 256 255 254 253 252 252 252 253 253 253 254 254 254 254 254 254 254 254 254 254 253 253 253 253 253 253 252 252 252 252 252 252 252 252 252 252 252 252 252 252 252 252 252 251 251 251 251 252 252 252 252 252 253 253 252 252 251 251 251 250 251 251 250 250 251 251 252 251 251 252 253 252 251 251 252 252 252 252 252 251 251 251 251 252 252 252 252 253 258 258 258 258 258 257 258 258 258 258 259 259 260 260 260 260 260 261 261 262 262 262 261 261 261 262 262 262 262 262 261 261 262 262 262 262 262 262 261 261 261 261 261 261 261 261 261 261 261 261 261 261 261 261 262 261 261 261 261 261 261 262 262 261 261 261 261 261 261 260 260 259 258 258 258 258 258 258 258 258 258 258 258 258 258 259 259 259 259 259 258 258 258 258 258 258 258 258 259 259 258 258 258 259 259 258 258 258 258 258 257 258 258 258 257 257 257 257 257 257 257 258 257 258 259 259 258 258 258 258 259 259 259 259 259 260 260 260 259 259 259 259 259 259 259 259 259 259 259 258 258 258 258 258 258 258 259 259 259 258 257 257 257 258 258 258 258 257 257 257 257 257 257 257 256 256 256 256 256 256 257 257 256 256 256 256 256 256 256 256 256 256 256 256 256 256 256 257 257 257 257 257 256 256 256 256 256 256 256 257 256 256 256 257 257 256 256 256 256 256 255 255 256 257 257 256 255 255 256 257 256 256 256 256 257 257 257 257 257 257 257 256 256 256 256 257 256 256 256 256 256 256 256 256 256 256 256 256 256 255 256 256 256 256 256 256 256 255 255 256 255 255 255 255 254 255 255 254 254 254 254 254 254 254 254 254 254 254 254 255 256 257 257 257 257 257 256 257 257 256 256 256 255 254 253 252 252 252 253 253 253 254 254 254 254 254 254 254 254 254 253 253 253 253 252 253 253 253 252 252 252 252 252 252 252 252 252 252 252 252 252 252 252 251 251 251 251 251 251 251 252 252 252 253 252 252 252 252 251 250 250 250 250 250 250 250 250 251 251 251 252 251 251 251 252 252 252 252 252 252 251 251 252 251 252 252 252 253 257 258 258 258 259 258 259 259 260 260 261 260 260 260 261 261 261 261 261 261 262 262 262 262 262 262 262 262 262 262 262 262 262 262 262 261 261 261 261 261 261 261 262 261 261 261 261 261 261 261 261 261 261 261 262 262 261 261 261 261 261 261 261 261 261 261 261 261 260 260 259 259 260 260 259 258 257 257 258 258 258 258 259 259 259 259 258 258 258 258 258 258 258 258 258 258 259 258 259 259 259 259 258 258 258 258 258 257 258 258 258 257 257 257 257 257 257 257 257 257 258 259 259 258 258 258 259 259 259 259 259 259 260 260 260 260 260 260 259 259 259 259 259 259 260 259 258 258 259 259 258 258 258 258 258 259 259 258 257 257 258 259 259 258 258 258 257 257 257 257 256 257 257 256 256 256 256 256 257 256 256 256 256 256 256 256 256 256 256 256 256 257 256 256 256 257 257 256 256 256 256 256 256 257 256 256 256 256 256 256 257 257 257 256 256 256 256 256 255 256 257 257 256 256 257 256 257 256 256 257 257 257 257 257 257 257 257 257 256 256 256 257 256 256 256 256 256 256 256 256 256 256 256 256 256 256 256 256 255 256 256 256 256 256 256 255 256 256 256 256 255 255 255 255 254 255 255 254 254 254 255 254 254 255 254 254 254 255 256 257 258 257 257 257 257 257 257 256 257 256 255 254 253 252 252 252 253 253 253 254 254 254 254 254 254 254 254 253 253 253 253 253 253 253 253 252 252 252 252 252 252 252 252 252 252 252 252 252 252 252 251 251 251 251 251 251 251 251 251 252 252 252 252 252 252 252 251 251 251 251 251 250 250 250 250 250 250 251 251 251 251 251 251 252 252 251 251 251 252 251 252 252 252 251 252 252 257 258 259 259 259 259 259 260 260 261 261 261 260 260 261 261 261 261 261 261 262 262 262 262 262 262 262 262 262 262 262 262 262 262 262 262 262 262 261 262 262 262 262 262 262 262 262 261 261 261 261 261 261 261 262 261 261 261 261 261 261 261 261 261 261 261 261 262 261 261 261 260 260 260 260 259 258 258 258 258 258 258 258 259 259 259 258 258 258 258 258 259 258 258 259 258 258 259 259 259 259 259 259 258 258 259 258 258 258 258 258 257 257 257 258 258 257 257 257 258 258 259 258 258 258 258 259 259 259 259 259 259 259 260 260 260 260 261 260 260 259 259 259 259 259 259 259 259 260 259 259 258 258 258 259 259 259 259 258 258 259 259 259 258 258 257 257 257 257 257 257 257 257 256 256 256 256 256 256 256 256 256 256 256 256 256 256 256 256 256 257 256 257 257 256 257 257 257 257 256 256 256 257 256 257 256 256 256 256 256 256 257 257 257 257 257 256 256 256 256 257 257 256 256 256 256 257 257 257 257 257 257 257 257 257 257 257 256 256 257 257 257 256 256 256 256 256 256 256 256 256 256 256 256 256 256 256 256 255 255 255 256 255 256 256 256 256 256 256 256 256 256 255 255 255 255 255 255 254 254 254 255 254 254 254 254 254 254 255 257 257 258 258 257 257 257 256 256 256 256 255 255 254 253 252 252 253 253 253 253 254 254 254 254 254 254 253 253 253 253 253 253 253 252 252 252 252 252 252 252 252 252 252 252 252 252 252 252 252 252 252 251 251 251 251 251 251 251 251 252 252 252 252 252 252 252 252 252 252 252 252 252 252 251 251 250 250 250 250 251 251 251 251 251 251 251 251 251 251 251 251 251 251 252 252 257 258 259 259 259 260 260 260 260 260 261 261 261 260 260 261 261 261 261 262 262 262 262 262 262 262 262 262 262 262 262 262 262 262 262 262 262 262 262 262 262 262 262 262 262 262 262 262 261 261 261 261 261 261 261 261 261 261 261 261 261 262 261 262 261 261 261 261 261 261 261 261 260 260 260 259 259 259 258 258 258 258 258 258 258 258 258 258 258 258 259 259 259 258 258 259 259 259 259 259 259 259 260 259 259 259 259 259 258 258 259 258 258 258 257 258 257 257 257 257 258 258 258 258 258 258 258 258 259 258 258 259 259 260 260 259 259 260 261 261 260 260 260 260 260 260 260 260 260 260 260 259 258 258 258 258 259 260 259 259 258 258 259 259 259 258 257 258 257 257 257 257 257 257 257 256 256 256 256 256 256 256 256 256 256 256 256 256 256 256 256 256 256 256 257 257 257 257 257 257 257 256 256 256 256 256 256 256 256 256 256 256 256 257 257 256 256 256 256 256 257 257 257 257 256 256 256 257 257 257 257 257 257 257 257 257 257 257 256 256 257 257 256 256 256 256 256 256 256 256 256 256 256 256 256 256 256 256 256 256 255 256 255 255 255 255 256 256 256 255 256 256 256 255 255 255 255 255 255 254 254 254 255 255 255 254 254 254 254 255 256 257 257 257 257 257 257 256 256 256 256 255 254 254 254 253 253 253 253 253 253 253 253 254 254 254 253 253 253 253 253 253 253 253 252 252 252 252 252 252 252 252 252 252 252 252 252 252 252 252 252 252 252 252 251 251 251 251 251 251 252 252 252 252 252 252 252 252 252 252 252 251 252 252 252 252 251 251 250 250 250 251 251 251 251 251 251 251 252 252 251 251 251 252 252 252 258 259 259 259 259 260 260 260 261 261 261 261 260 260 261 261 261 261 261 262 262 262 262 262 262 262 262 262 262 262 262 262 262 262 262 262 262 262 262 262 262 262 262 262 262 262 262 262 261 261 261 261 261 261 261 261 261 261 261 262 262 261 261 261 261 261 261 262 261 261 261 260 260 259 259 259 258 258 258 258 258 259 258 258 258 259 259 258 258 258 259 259 259 258 258 259 259 259 259 259 259 260 260 260 260 259 259 259 259 259 259 258 258 258 258 258 257 257 257 257 257 258 258 258 258 258 258 258 258 258 259 259 260 259 259 260 260 261 261 261 261 261 261 260 260 260 260 260 260 260 259 258 259 259 259 260 260 260 259 259 259 258 259 259 259 258 258 257 257 257 257 257 257 257 257 257 256 256 256 256 256 256 257 256 256 256 257 257 256 256 256 256 256 256 257 257 257 257 257 256 256 256 256 256 256 256 257 257 256 256 256 256 257 257 256 256 256 256 256 256 256 256 256 256 256 256 257 257 257 257 257 257 257 257 257 257 257 257 257 257 257 257 257 256 256 256 256 256 256 256 256 256 256 256 256 256 256 256 255 255 255 255 255 255 255 255 255 255 255 256 256 256 256 256 256 255 255 255 255 254 254 254 255 255 255 254 254 254 254 255 255 256 256 256 256 257 257 257 257 256 255 255 254 253 253 253 253 253 253 253 253 253 254 254 254 253 253 253 253 254 253 253 253 252 253 253 252 252 252 252 252 252 252 252 252 252 252 252 252 252 252 252 252 252 251 251 251 251 251 251 251 251 251 252 252 252 252 252 252 252 251 251 251 251 252 252 252 251 250 250 250 251 251 251 251 251 251 251 252 252 252 252 251 251 252 258 259 259 259 260 260 261 261 261 261 261 260 261 261 261 261 261 261 262 262 262 262 262 262 262 262 262 262 262 262 262 262 262 262 262 262 262 262 262 262 262 262 262 262 262 262 261 261 261 261 261 261 261 261 261 261 262 261 262 261 261 261 261 261 261 261 261 261 260 259 259 259 259 259 258 259 259 259 258 259 259 259 259 258 259 259 259 258 258 258 259 259 259 259 259 259 259 259 259 260 260 260 260 260 260 259 259 260 260 259 259 259 259 258 258 257 257 257 257 258 258 258 259 259 259 258 259 259 259 259 259 259 259 260 261 261 261 260 260 261 261 261 260 260 260 260 259 260 260 259 259 260 260 260 259 259 260 259 259 259 259 258 258 258 257 257 257 257 257 257 257 256 256 256 256 256 257 257 256 256 256 257 256 256 257 256 256 256 256 256 256 256 256 257 257 257 256 256 256 257 257 256 256 256 256 256 257 257 257 257 256 256 256 256 256 256 256 256 256 256 256 256 256 256 257 257 257 257 257 257 257 257 257 257 257 257 257 257 257 257 256 256 256 256 256 256 256 256 256 256 256 256 256 256 256 256 256 255 255 255 255 255 255 255 255 255 255 256 256 256 256 256 256 255 255 255 255 255 254 254 254 255 255 254 254 254 254 254 254 255 254 255 256 257 257 257 257 256 256 255 254 254 253 253 253 253 253 254 254 254 253 253 253 253 253 253 253 254 254 253 253 252 253 253 253 252 252 252 252 252 252 252 252 252 252 252 252 252 252 252 252 252 252 251 251 251 251 251 251 251 251 251 251 251 251 251 251 251 251 251 251 251 251 251 251 252 251 250 250 250 251 251 251 251 251 251 251 251 251 251 251 252 260 260 261 261 261 261 261 260 261 261 261 261 262 262 262 262 262 262 262 262 262 262 262 262 262 262 262 262 262 262 262 262 262 262 262 262 262 262 262 263 262 262 262 262 262 261 261 261 261 261 261 261 261 262 262 262 262 262 262 262 262 262 261 261 260 260 259 259 260 260 259 259 260 259 259 259 259 259 258 259 259 259 259 259 259 258 258 258 259 259 259 259 259 259 259 259 260 259 259 259 260 260 259 259 260 260 260 260 259 259 258 258 258 257 257 257 258 258 258 259 258 259 259 259 259 259 259 259 260 260 261 260 260 260 260 261 262 262 261 261 261 260 260 260 260 261 260 261 260 260 259 259 260 260 260 260 260 259 259 258 258 258 257 257 257 257 257 257 257 257 256 256 257 257 256 256 256 257 257 257 257 257 257 257 256 256 256 256 256 256 257 257 257 256 257 257 257 256 256 256 256 256 256 257 257 256 256 256 256 256 256 256 256 256 256 256 256 256 256 256 257 257 257 257 257 257 257 257 257 257 257 257 257 257 257 257 256 256 256 256 256 256 256 256 256 256 256 256 256 256 256 256 256 256 255 255 255 255 255 255 255 255 256 255 256 255 255 256 256 256 256 256 255 255 254 254 254 254 254 254 254 254 254 254 254 254 254 254 255 256 256 257 257 256 256 256 255 254 254 253 253 253 253 253 254 253 253 253 253 253 253 253 253 254 253 253 253 253 253 253 252 252 252 252 252 252 252 252 252 251 251 252 252 252 252 252 252 252 252 252 251 251 251 251 251 251 251 251 251 251 251 251 251 251 251 251 250 251 250 251 251 251 252 251 251 251 250 250 251 251 251 251 251 251 251 251 251 251 259 260 261 261 261 261 261 261 261 261 262 262 262 262 262 262 262 262 262 262 262 262 262 262 262 262 262 262 262 262 263 262 262 262 262 263 262 262 262 262 262 262 262 261 261 261 261 262 262 262 262 262 262 262 262 262 262 262 262 262 261 260 260 260 261 260 259 259 260 259 259 259 258 258 259 259 259 259 259 259 259 259 259 259 259 259 259 259 259 259 259 259 260 260 260 259 259 259 259 259 259 259 259 259 259 260 259 258 258 258 257 257 258 258 259 258 258 259 259 259 259 259 259 260 260 260 260 260 259 260 261 261 261 261 262 262 261 260 260 259 259 260 260 260 260 260 259 259 259 260 259 259 260 260 259 259 258 258 258 257 258 258 257 257 257 257 257 256 257 257 257 256 256 257 257 257 257 257 257 257 257 256 256 256 256 256 257 257 257 256 257 257 257 256 256 256 256 257 256 257 256 256 256 256 256 256 256 256 256 256 256 256 256 256 256 256 257 257 257 257 257 257 257 257 257 257 257 257 257 257 257 256 256 256 256 256 256 256 256 256 256 256 256 256 256 256 256 256 256 256 255 255 255 255 255 255 255 255 255 255 255 255 255 255 255 256 256 256 255 255 255 255 254 254 255 255 255 254 254 254 254 254 254 254 254 254 254 255 256 256 256 256 255 254 254 253 253 253 253 254 253 253 253 253 253 253 253 253 253 253 253 254 254 253 253 254 253 252 252 252 252 252 252 252 252 252 251 251 251 252 252 252 252 252 252 252 251 251 251 251 251 251 251 251 251 251 251 251 251 251 251 251 250 250 250 250 250 250 251 251 252 252 251 251 250 251 251 251 251 251 251 251 260 261 261 261 261 262 262 262 262 262 262 262 262 262 262 262 262 263 263 263 263 263 263 263 263 263 263 262 262 263 263 262 262 262 262 262 262 262 261 262 262 262 262 261 261 262 262 262 262 262 262 262 262 261 261 260 260 261 261 259 259 260 259 259 259 259 259 259 259 259 259 259 259 259 259 259 259 259 259 259 259 259 259 260 259 259 260 260 260 260 259 259 260 259 259 258 258 259 260 259 259 258 258 258 258 258 258 258 258 259 259 259 259 259 260 260 260 259 260 259 259 260 260 261 261 261 261 261 261 261 260 260 259 259 261 260 260 260 260 259 260 259 259 259 259 260 260 259 258 258 258 257 258 258 258 258 258 257 257 257 256 257 257 257 257 256 256 257 257 257 257 257 257 257 257 256 256 256 256 256 256 256 256 257 257 257 256 257 257 257 256 257 256 256 256 256 256 256 256 256 256 256 256 256 256 256 256 256 256 257 257 257 257 257 257 257 257 257 257 257 257 257 257 256 256 256 256 256 256 256 256 256 256 256 256 256 256 256 256 256 256 256 256 256 255 255 255 255 255 255 255 255 255 255 255 255 255 255 255 256 256 256 256 255 255 255 254 255 255 255 254 254 254 254 254 254 254 254 254 254 254 255 255 256 255 255 254 254 254 254 253 253 253 253 253 253 253 253 253 253 253 253 253 253 253 253 253 253 253 253 253 253 252 252 252 252 252 252 252 252 251 251 251 252 252 252 251 252 251 251 251 251 251 251 251 251 251 251 251 251 251 251 251 251 251 250 250 250 250 250 250 250 250 251 251 252 252 251 250 251 251 251 251 251 262 262 262 262 262 262 262 262 262 262 263 263 263 263 263 263 263 263 263 263 263 263 263 263 263 263 263 262 262 263 262 262 262 262 262 262 262 262 262 262 262 262 261 261 262 262 261 261 261 260 260 261 260 259 259 259 259 259 259 259 259 259 259 259 259 259 259 260 260 259 259 260 259 259 259 260 259 260 260 260 260 260 260 259 259 260 260 260 259 259 258 258 259 259 259 259 259 258 258 258 258 258 258 259 259 259 259 259 259 259 259 259 259 260 260 261 261 261 260 261 261 260 261 261 260 260 259 259 260 260 260 260 260 260 260 260 259 259 259 260 260 259 259 258 258 258 258 258 258 258 258 257 257 257 257 257 258 257 257 256 256 257 257 257 257 257 257 257 257 257 257 256 256 256 256 256 256 256 257 256 256 256 257 256 256 256 256 256 256 256 256 256 256 256 256 256 256 256 256 256 256 256 256 257 257 257 257 257 257 257 257 257 257 257 257 256 256 256 256 256 256 256 256 256 256 257 256 256 256 256 256 256 256 256 256 256 256 256 256 255 255 255 255 255 255 255 255 255 255 255 255 255 255 255 255 256 256 256 256 255 255 255 255 255 255 254 254 254 254 254 254 254 254 254 254 254 254 254 255 255 255 254 254 254 253 253 253 253 253 253 253 253 253 253 253 253 253 253 253 253 253 253 253 253 252 252 252 252 252 252 252 252 252 252 251 251 251 251 252 252 252 251 251 251 251 251 251 251 251 251 251 252 252 252 252 252 251 251 251 250 250 250 250 250 250 250 250 250 250 250 251 251 251 251 251 263 262 262 262 262 262 262 262 262 262 263 263 263 263 263 263 263 263 263 263 263 263 263 263 263 263 262 262 263 263 262 262 262 262 262 262 262 262 262 262 262 262 262 261 261 261 261 261 261 261 260 260 260 260 260 260 260 259 259 259 259 260 260 260 259 259 259 259 259 259 259 259 259 260 260 260 260 261 261 260 261 260 260 260 260 260 260 259 259 259 259 258 258 259 258 258 258 258 258 258 258 258 259 258 259 259 259 259 259 259 260 260 260 261 261 261 261 260 260 260 261 261 261 261 260 260 259 259 259 259 260 260 260 260 260 260 259 259 260 260 259 258 258 258 257 258 258 258 258 258 258 257 257 257 258 258 257 257 256 256 257 257 257 257 257 257 258 258 258 257 257 257 256 256 256 256 256 256 256 256 257 256 256 256 256 256 256 256 256 257 257 256 256 256 256 256 256 256 256 256 256 256 257 257 257 257 257 257 257 257 257 257 257 257 257 256 256 256 256 256 256 257 257 257 257 256 256 256 256 256 256 256 256 256 256 256 256 256 255 255 255 255 255 255 255 255 255 255 255 255 255 255 255 255 255 255 256 256 256 255 255 255 255 255 254 254 254 254 254 254 254 254 254 253 254 254 254 254 254 255 255 254 254 254 253 253 253 253 253 253 253 253 253 253 253 253 253 253 253 253 253 253 253 252 252 252 252 252 252 252 252 252 252 252 252 251 251 251 252 252 251 251 251 251 251 251 251 251 251 251 251 251 251 252 252 251 251 250 250 250 250 250 250 250 250 250 250 250 250 250 250 251 263 263 262 262 263 262 262 263 263 263 262 263 263 263 263 263 263 263 263 263 263 263 263 263 263 263 263 262 262 263 262 262 262 262 263 263 262 263 262 262 262 262 262 261 261 261 261 262 261 261 260 260 260 260 261 260 260 259 259 259 259 260 260 260 260 260 260 259 260 260 260 260 260 260 260 260 261 261 261 261 261 261 261 260 260 260 259 259 259 259 259 259 259 259 259 259 259 259 258 258 258 258 258 259 259 259 259 260 260 260 260 260 260 261 261 261 261 260 260 261 261 262 261 261 261 260 259 260 260 260 259 259 260 260 260 260 259 259 260 260 259 259 258 258 258 258 257 257 257 258 258 258 257 257 258 258 257 257 257 256 257 257 257 257 257 258 258 258 258 258 257 257 257 257 256 257 257 256 256 256 256 256 256 256 256 256 256 256 256 256 256 256 256 256 256 256 256 256 256 256 256 256 257 257 257 257 257 257 257 257 257 257 257 257 257 256 256 256 256 256 256 257 257 257 257 256 256 256 256 256 256 256 256 256 256 256 256 256 256 256 255 255 255 255 255 255 255 255 255 255 255 255 255 255 255 256 255 256 256 256 255 255 255 255 254 254 254 254 254 254 254 254 254 254 254 254 254 254 254 254 254 254 255 254 254 253 253 253 253 253 253 253 253 253 253 253 253 253 253 253 253 253 253 253 253 252 252 252 251 252 252 252 252 252 251 251 251 251 251 251 251 251 251 251 251 251 251 251 251 251 251 251 251 251 251 251 251 251 251 251 251 250 250 250 250 250 250 250 250 250 250 250 263 263 263 263 263 263 262 263 263 262 263 263 263 263 263 263 263 263 263 263 263 263 263 263 263 262 262 262 262 262 263 263 262 262 263 262 262 263 263 262 262 262 262 262 262 261 261 261 260 261 261 260 260 260 260 259 260 260 259 259 259 260 260 260 260 261 260 260 261 261 260 261 261 261 261 261 261 261 261 261 261 261 261 260 260 260 260 260 260 259 259 259 259 259 259 259 259 258 258 258 258 258 259 259 260 260 260 260 260 260 260 261 261 261 261 261 261 261 261 261 261 261 261 261 260 260 260 260 260 260 260 259 260 260 260 259 259 260 260 260 259 258 258 258 258 258 258 257 257 257 257 257 257 258 257 257 257 257 257 256 257 257 257 257 258 258 258 258 258 258 258 257 257 257 257 257 257 257 256 256 256 256 256 256 256 256 256 256 256 256 256 257 256 256 256 256 256 256 256 256 256 257 257 257 257 257 257 257 257 257 257 257 257 256 256 256 256 256 256 257 257 257 257 257 256 256 256 256 256 256 256 256 256 256 256 256 256 256 256 255 255 255 255 255 255 255 255 255 255 255 255 255 255 255 255 255 256 256 256 255 255 254 255 254 254 254 254 254 254 254 254 254 255 255 254 254 253 253 254 254 254 254 254 254 254 253 254 253 253 253 253 253 253 253 253 253 253 254 254 254 254 253 253 253 253 253 252 252 251 251 252 252 252 252 251 251 251 251 251 251 251 251 251 251 251 251 251 251 251 251 251 251 251 251 251 251 251 251 251 251 250 250 250 250 250 250 250 250 250 250 263 263 263 263 263 263 263 263 262 263 263 263 263 263 263 263 263 263 263 263 263 263 263 263 263 263 263 263 262 262 262 263 263 262 262 262 262 263 263 263 262 262 262 262 262 261 261 261 261 261 261 261 261 260 260 259 259 259 259 259 260 260 260 260 260 260 261 261 261 261 261 261 261 261 261 261 261 261 261 261 261 261 261 261 260 260 260 260 260 259 259 259 259 258 258 259 259 258 258 258 258 259 259 259 259 260 260 259 260 260 261 261 261 261 261 261 261 261 261 261 260 261 261 261 261 261 260 259 260 260 259 259 259 259 259 259 260 260 260 260 259 259 258 258 259 259 258 258 258 257 257 257 258 258 258 257 258 258 257 256 257 257 257 257 257 257 257 257 257 257 258 258 258 257 258 258 258 257 257 257 256 257 257 257 256 256 256 256 256 256 256 256 256 256 256 256 256 256 256 256 256 257 257 257 257 257 257 257 257 257 257 257 257 257 256 256 256 256 256 256 257 257 257 256 256 256 256 256 256 256 256 256 256 256 256 256 256 256 256 255 256 255 255 255 255 255 255 255 255 255 255 255 255 255 255 255 255 256 256 255 255 255 254 254 254 254 254 254 254 254 254 254 254 254 254 253 253 253 254 253 254 253 254 254 254 253 253 253 253 253 253 253 253 253 253 253 253 253 253 253 253 253 253 253 253 253 253 252 252 251 252 252 253 252 251 251 251 251 251 251 251 251 251 251 251 251 251 251 251 251 251 251 251 251 251 251 251 251 251 250 250 250 250 250 250 250 250 250 250 250 263 263 263 263 263 263 263 263 263 263 263 263 263 263 263 263 263 263 263 263 263 263 263 263 263 263 262 262 262 262 262 262 262 262 262 262 263 262 263 262 262 262 261 261 261 261 261 261 261 261 260 260 260 259 259 260 259 260 261 261 261 260 260 261 261 261 260 260 261 261 261 261 261 261 261 261 261 261 261 261 261 261 261 260 260 260 259 259 259 259 259 259 259 258 258 258 258 258 259 259 259 260 259 259 259 259 260 260 260 260 261 261 261 261 261 261 261 260 261 261 261 261 261 261 260 259 259 260 260 260 260 260 260 259 260 260 260 260 259 259 259 258 259 259 259 259 258 258 257 257 258 258 258 258 258 258 257 257 257 257 257 257 257 257 257 257 257 257 257 257 257 258 258 258 258 258 257 257 257 257 257 257 256 256 256 256 256 256 256 256 256 256 256 256 256 256 256 256 256 257 257 257 257 257 257 257 257 257 257 257 257 256 256 256 256 256 256 256 257 257 257 257 257 257 257 256 256 256 256 256 256 256 256 256 256 256 256 256 255 255 255 255 255 255 255 255 255 255 255 255 255 255 255 256 256 256 255 255 255 255 255 255 254 254 254 254 254 254 254 254 254 254 254 253 254 254 254 253 253 253 253 253 253 253 253 253 253 253 253 253 253 253 253 253 253 253 253 253 253 253 253 253 253 253 253 252 252 252 252 252 253 252 252 251 251 251 251 251 251 251 251 251 251 250 250 251 251 251 250 251 251 251 251 251 251 250 250 250 250 250 250 251 250 250 250 250 250 264 263 263 263 263 263 263 263 263 263 263 263 263 263 263 263 263 263 263 263 263 264 263 263 262 262 262 262 263 262 262 263 263 262 262 262 262 263 263 262 262 262 262 261 261 261 261 261 261 260 260 260 260 260 260 260 259 260 260 260 260 260 260 260 260 260 260 260 260 260 261 261 261 261 261 261 260 260 260 260 261 260 260 261 260 260 260 259 259 259 259 259 258 258 258 258 258 259 258 258 259 259 259 259 260 260 260 260 260 261 261 261 261 261 261 260 261 261 261 262 261 261 260 260 260 260 260 260 260 260 260 260 259 259 259 259 260 259 259 259 259 259 259 259 259 259 258 258 258 258 258 258 258 258 258 257 257 258 257 257 257 257 257 257 257 257 257 257 257 257 257 257 257 257 258 258 257 257 256 256 256 256 256 256 256 256 256 256 256 256 256 256 256 256 256 256 256 256 257 257 257 257 257 257 257 257 257 257 257 257 257 256 256 256 256 256 257 257 257 257 256 256 256 256 256 256 256 256 256 256 256 256 256 256 256 256 256 256 255 255 255 255 255 255 255 255 255 255 255 255 256 256 256 256 255 256 256 255 256 256 255 254 254 254 254 254 254 254 254 254 254 254 253 254 254 254 253 253 254 253 253 253 253 253 253 253 253 253 253 253 253 253 253 253 252 253 253 253 253 253 253 253 253 253 252 253 252 252 251 252 252 252 252 251 251 251 251 251 251 251 251 251 250 250 250 251 251 251 251 251 251 250 250 250 250 250 250 250 250 250 250 250 250 250 250 250 263 263 263 264 264 263 263 263 263 263 263 263 263 263 263 263 263 263 263 263 263 262 262 262 263 263 263 263 263 263 263 263 262 262 262 263 262 262 262 262 262 262 262 261 262 261 261 261 260 260 260 260 260 260 260 260 260 260 260 260 260 261 261 260 261 261 261 261 261 261 262 261 261 261 260 260 260 260 260 260 261 261 260 260 260 260 260 259 259 259 259 258 258 258 258 258 259 259 259 260 260 259 259 259 260 261 261 260 261 261 261 261 261 261 261 261 261 262 261 261 261 261 260 260 260 260 260 260 260 259 259 259 259 260 259 259 259 259 259 259 259 260 259 259 258 258 258 258 258 257 257 257 257 257 257 258 257 257 258 258 257 257 257 257 258 257 257 257 257 257 257 258 258 258 257 257 257 257 257 256 256 256 256 256 256 256 256 256 256 256 256 256 256 256 256 257 257 257 257 257 257 257 257 257 257 257 257 257 257 256 256 256 257 257 257 257 257 256 256 256 256 256 256 256 256 256 256 256 256 256 256 256 256 256 256 255 255 255 255 255 255 255 255 255 255 256 256 256 256 256 255 255 255 255 255 256 255 255 254 254 254 254 254 254 254 254 253 253 254 253 254 253 253 253 253 253 253 253 253 253 253 253 253 253 253 253 253 253 253 253 253 253 253 253 254 253 253 253 253 253 253 253 253 253 252 251 251 252 252 252 252 251 251 251 251 251 251 251 251 250 250 250 250 251 251 251 250 250 250 250 250 250 250 250 250 250 250 250 250 250 250 264 264 264 264 264 264 264 263 263 263 263 264 263 263 263 263 263 263 264 263 263 263 263 263 263 263 263 263 262 262 262 262 262 262 262 262 262 262 262 262 262 262 262 262 261 261 261 261 260 260 260 261 261 260 261 261 261 261 261 261 261 261 261 261 261 261 261 261 261 262 261 261 261 260 260 260 260 260 260 260 260 260 260 260 260 260 259 259 259 259 258 259 258 258 259 259 260 260 260 259 259 260 259 260 260 260 260 261 260 261 261 261 261 261 262 262 262 261 261 261 261 261 260 260 259 259 259 259 260 260 259 259 259 260 260 259 260 260 259 260 260 260 259 259 259 258 258 258 257 257 257 257 257 257 258 257 257 258 258 258 258 258 258 258 258 258 257 258 258 258 258 258 258 257 257 258 257 257 257 256 256 256 256 256 256 256 256 256 256 256 256 256 256 256 257 257 257 257 257 257 257 257 257 257 257 257 257 256 256 257 257 257 257 257 257 256 256 256 256 256 256 256 256 256 256 256 256 256 256 256 256 256 256 256 256 255 255 255 255 255 255 255 255 255 256 256 256 255 255 255 255 255 255 255 255 255 255 254 254 253 254 254 254 254 253 253 253 253 253 253 253 253 253 253 252 252 252 252 252 252 252 253 254 253 253 253 253 253 253 253 253 253 253 253 253 253 254 253 253 253 253 253 253 253 252 251 251 252 252 252 251 251 251 251 251 251 251 251 251 250 250 250 250 250 250 250 250 249 249 249 249 249 249 250 250 250 250 264 264 264 264 264 264 264 264 264 264 264 263 263 263 263 264 263 264 264 264 264 263 263 263 263 263 263 263 263 262 262 262 262 262 262 262 262 263 263 263 262 262 262 262 261 261 261 261 261 260 261 261 261 261 261 262 262 261 261 261 261 262 262 262 261 261 261 261 261 261 261 261 261 261 260 261 261 260 260 260 259 259 260 260 260 260 260 259 259 259 258 259 258 259 260 260 260 259 259 259 260 260 260 260 260 261 260 260 260 260 261 261 261 261 261 262 262 261 261 260 261 261 260 260 260 259 259 259 259 260 259 259 259 260 260 260 260 260 259 259 260 260 260 259 259 258 258 258 258 258 257 257 257 257 257 257 258 258 258 258 258 258 258 258 258 258 258 257 257 258 258 258 258 258 258 258 258 257 257 256 256 256 256 256 256 256 256 256 256 256 256 256 256 256 257 257 257 257 257 257 257 257 257 257 257 257 257 256 256 257 257 257 257 257 257 256 256 256 256 256 256 256 256 256 256 256 256 256 256 256 256 256 256 256 256 256 255 255 255 255 255 255 255 255 255 255 255 255 255 255 255 255 255 255 255 255 255 255 255 254 253 254 255 254 253 253 253 253 253 253 253 253 253 252 252 253 253 253 253 253 253 253 253 253 253 253 253 253 253 253 253 253 253 253 253 253 254 254 254 253 253 253 253 253 252 251 251 251 252 252 251 251 250 251 251 251 251 251 251 250 250 250 250 250 249 249 249 249 249 249 249 249 249 249 249 249 250 264 264 264 264 264 264 264 264 263 263 263 263 264 264 264 263 263 263 264 264 263 263 262 263 263 263 263 262 262 262 263 262 262 262 262 262 262 263 263 263 262 262 261 260 260 261 261 261 261 261 261 261 261 261 262 261 261 261 261 261 261 261 262 261 260 261 261 261 261 260 260 260 260 261 261 261 260 261 260 260 259 259 260 260 260 260 260 260 259 258 259 259 259 260 260 259 259 259 260 260 260 261 261 260 260 260 260 260 260 260 261 261 261 261 261 262 262 262 261 261 262 261 260 260 259 259 259 259 260 259 259 259 260 260 260 260 260 259 259 259 260 260 259 259 258 258 259 258 258 258 257 257 257 257 258 258 258 257 257 257 257 258 258 258 258 258 258 258 258 258 258 259 259 259 258 258 257 257 256 256 256 256 256 256 256 256 256 256 256 256 256 256 256 257 257 257 257 257 257 257 257 257 257 257 257 257 256 256 257 257 257 257 257 257 257 257 256 256 256 256 256 256 256 256 256 256 256 256 256 256 256 256 256 256 256 255 255 255 255 255 255 255 255 255 255 255 255 255 255 255 255 255 255 255 255 254 254 255 255 254 254 254 255 254 254 253 253 253 253 253 253 253 253 253 253 253 254 253 253 254 253 253 252 253 253 253 253 253 253 253 253 253 253 253 254 253 253 253 253 253 253 253 253 253 252 251 250 250 251 251 251 250 251 251 251 251 251 251 250 250 250 250 250 250 249 250 250 250 249 249 249 249 249 249 249 264 264 264 265 264 265 265 264 263 263 264 264 264 264 264 264 263 263 264 264 263 263 263 263 263 263 263 263 262 262 262 262 262 262 263 262 262 262 263 263 263 262 263 262 261 260 261 261 262 261 261 261 261 261 262 261 261 261 261 261 261 261 261 261 260 261 261 261 261 260 260 260 260 261 261 261 261 262 261 261 260 259 259 260 260 260 259 260 259 259 259 259 259 259 259 259 260 259 259 259 260 260 261 261 261 260 260 260 260 260 261 261 261 261 262 262 262 261 261 261 261 261 260 260 259 259 259 259 259 259 259 260 260 260 260 259 259 259 259 260 260 259 259 260 259 259 259 258 258 257 257 257 257 258 257 257 257 257 257 258 258 258 258 257 258 258 259 258 258 258 258 259 259 259 258 258 258 257 257 256 257 257 256 256 256 256 256 257 257 256 256 256 256 257 257 257 257 257 257 257 257 257 257 257 257 257 257 257 257 257 257 257 257 257 257 256 256 256 256 256 256 256 256 256 256 256 256 256 256 256 256 256 256 256 256 256 255 255 255 255 255 255 255 255 255 255 255 255 255 255 255 255 254 254 254 254 254 254 254 254 254 254 254 254 254 253 253 253 253 253 253 253 253 253 254 254 253 253 253 253 254 253 253 253 253 253 253 253 253 253 253 253 253 253 253 254 253 253 252 253 253 252 253 253 252 251 251 250 250 250 251 251 251 251 252 252 251 251 251 250 250 250 250 250 249 249 249 250 250 249 249 249 249 265 265 265 264 264 263 264 264 263 263 263 263 263 263 263 263 263 263 263 263 263 263 263 263 263 263 263 263 263 263 263 262 262 262 263 263 263 263 263 262 261 260 260 261 262 261 261 261 261 261 261 261 261 262 262 262 262 261 261 260 260 261 261 261 261 261 261 260 260 261 261 261 261 262 261 261 261 260 259 259 259 260 259 259 260 260 260 259 259 259 259 260 260 260 260 260 260 260 260 261 261 261 260 261 260 261 262 261 261 262 262 261 261 261 261 261 261 261 261 260 260 259 259 259 260 260 260 260 260 260 260 259 260 259 259 259 260 260 260 259 259 258 258 258 258 257 257 257 257 257 257 257 257 257 257 258 257 257 258 258 258 258 259 259 258 258 258 257 258 258 258 258 258 257 257 256 256 256 256 256 256 256 257 257 257 256 256 256 256 257 257 257 257 257 257 257 257 257 257 257 257 257 257 257 257 257 257 257 257 257 257 256 256 256 256 256 256 256 256 256 256 256 256 256 256 256 256 256 256 256 256 256 255 255 255 255 255 255 255 255 255 255 255 255 255 255 255 255 255 254 254 254 254 254 254 254 254 254 254 254 253 253 254 254 254 253 254 253 253 253 254 254 254 253 254 254 254 253 253 253 253 253 252 253 253 253 253 253 253 252 253 253 253 253 253 252 252 252 253 254 253 252 251 251 250 250 251 251 252 251 251 252 251 251 251 251 250 250 251 250 250 250 249 249 250 265 265 264 264 264 263 263 263 263 263 263 263 263 263 263 263 263 263 263 263 263 263 263 263 263 263 263 263 263 262 262 263 263 263 263 263 262 261 261 260 261 261 261 261 260 260 260 261 261 261 261 261 262 261 261 261 260 261 261 261 261 261 262 261 260 260 260 261 261 261 261 261 261 261 261 260 259 259 259 259 259 259 259 260 259 259 260 260 260 260 260 261 261 261 260 260 261 261 261 261 261 261 261 261 262 262 262 262 262 262 261 261 261 261 261 261 260 260 260 259 260 260 260 260 260 260 260 260 260 260 259 259 259 259 260 259 259 259 259 258 258 258 258 258 258 258 257 257 257 257 257 257 257 257 258 258 258 258 258 258 259 259 258 257 257 257 257 257 257 258 258 257 257 256 256 256 256 256 257 257 256 256 256 256 256 256 257 257 257 257 257 257 257 257 257 257 257 257 257 257 257 257 257 257 257 257 257 257 257 257 257 257 256 256 256 256 256 256 256 256 256 256 256 256 256 256 256 256 256 256 255 255 255 255 255 255 255 255 255 255 255 255 255 255 255 254 254 254 254 254 254 254 254 254 254 253 253 253 253 254 254 254 254 254 254 253 254 254 254 254 254 254 254 254 253 254 253 253 253 253 252 252 253 253 253 253 252 252 252 253 253 253 252 252 252 252 253 253 253 252 251 251 250 250 251 251 251 251 251 252 252 251 251 251 251 251 251 250 250 249 265 265 265 264 263 263 263 263 263 263 263 263 263 263 263 263 263 263 263 263 263 263 263 263 263 263 263 263 263 264 264 263 262 262 261 260 260 260 261 260 261 261 261 261 261 261 261 261 262 261 261 261 260 261 261 261 261 261 261 261 261 260 261 261 261 260 261 261 261 260 260 260 260 260 260 259 259 259 259 259 259 260 260 260 260 260 260 260 261 260 260 260 260 261 261 261 262 261 261 261 261 261 261 262 262 261 262 261 262 261 260 261 261 260 260 259 260 260 260 260 260 260 260 260 260 260 260 259 260 260 260 259 259 259 259 259 258 258 258 258 258 258 257 258 258 258 257 257 258 258 258 258 258 258 258 258 259 259 258 258 257 257 257 257 257 257 257 258 257 257 256 256 257 257 257 257 257 257 256 256 256 256 258 258 258 257 257 257 257 257 257 257 257 257 257 257 257 257 257 257 257 257 257 257 257 257 257 257 256 256 256 256 256 256 256 256 256 256 256 256 256 256 256 256 256 256 255 255 255 255 255 255 255 255 255 255 255 255 255 255 255 254 254 254 254 255 255 254 254 254 254 254 254 253 253 253 253 253 253 253 253 253 254 254 254 254 254 254 254 254 254 254 253 253 253 253 252 252 252 253 253 252 252 252 252 252 253 253 253 252 252 252 252 253 252 252 250 251 251 250 251 250 250 251 251 251 252 252 252 251 251 251 251 251 250 250 264 264 264 264 263 263 264 263 263 263 263 263 263 263 263 263 263 263 263 263 263 263 263 263 263 264 264 263 261 261 260 261 261 261 261 261 261 262 262 261 261 261 261 261 261 261 260 260 261 261 261 261 261 261 261 261 261 260 261 260 260 261 261 261 261 261 260 260 261 261 260 260 259 259 259 259 259 259 260 260 260 260 260 260 260 260 260 260 261 261 261 261 261 261 261 261 261 261 261 261 261 261 261 261 261 261 261 261 261 260 260 259 260 260 260 260 260 260 260 260 260 260 260 260 260 260 260 259 259 259 259 259 258 258 258 259 258 258 258 258 258 258 258 257 258 258 258 258 258 258 258 259 258 259 258 258 258 257 257 257 257 257 257 257 258 257 257 257 257 257 256 256 256 256 256 256 256 256 258 258 258 257 257 257 257 257 257 258 257 257 257 257 257 257 257 257 257 257 257 257 257 257 257 256 256 256 256 256 256 256 256 256 256 256 256 256 256 256 256 256 256 256 255 255 255 255 255 255 255 255 255 255 255 255 254 254 254 254 254 254 254 254 255 254 254 254 254 254 254 254 253 253 253 253 253 253 254 254 253 254 253 253 254 253 253 253 254 254 254 254 253 253 253 253 252 253 253 253 252 252 252 252 253 253 253 253 252 252 251 252 251 251 250 252 251 251 251 250 250 251 251 251 251 252 252 252 252 251 250 250 250 250 264 264 264 264 263 263 263 263 263 263 263 263 263 263 263 263 263 263 263 263 263 263 264 263 261 262 262 262 262 261 261 261 261 262 262 261 262 261 262 261 261 261 261 260 260 260 261 261 261 261 261 261 261 260 261 261 261 261 261 261 261 261 261 260 260 261 261 260 260 259 259 260 260 260 259 260 259 259 260 260 261 261 261 261 261 261 261 261 261 261 261 261 261 261 261 261 261 262 262 261 261 261 261 261 261 260 260 260 260 260 260 260 260 260 260 260 260 260 260 260 260 260 260 260 259 259 259 259 258 258 258 258 258 258 258 258 259 259 258 258 258 258 258 258 258 259 259 259 258 258 258 258 258 257 258 257 257 257 257 257 258 257 257 257 257 257 257 257 256 256 256 256 256 256 258 258 258 258 257 257 257 258 258 258 257 257 257 257 257 257 257 257 257 257 257 257 257 257 256 256 256 256 256 256 256 256 256 256 256 256 256 256 255 255 256 256 256 256 255 255 255 255 255 255 255 255 255 255 255 255 255 255 254 254 255 255 255 254 254 255 254 254 254 254 254 254 254 254 254 253 253 254 254 253 254 254 253 253 253 253 253 253 253 254 254 255 254 254 253 253 252 253 253 253 252 252 252 252 252 253 253 253 253 253 252 251 251 250 251 252 252 251 251 251 250 250 251 251 251 251 252 251 251 251 251 250 250 250 264 264 264 264 264 263 263 263 263 263 263 263 264 263 263 263 263 264 264 263 263 264 263 261 262 263 263 263 262 262 262 262 262 262 261 262 262 261 262 262 262 262 261 260 260 260 261 261 260 261 261 260 260 261 261 261 261 261 260 261 260 260 261 260 260 260 260 260 260 260 260 260 259 259 259 259 260 260 260 261 261 261 260 260 261 261 261 261 261 261 261 262 261 261 261 261 262 261 261 260 260 261 261 261 260 260 260 260 260 260 260 260 260 260 260 260 260 260 260 260 260 260 260 259 259 259 259 259 259 259 259 259 259 259 259 259 258 258 258 258 258 258 258 258 258 258 258 258 258 258 258 258 257 257 257 257 257 257 257 257 257 257 257 257 257 257 257 257 257 256 256 256 256 258 258 258 258 257 257 258 258 258 257 257 257 257 257 257 257 257 257 257 257 257 257 256 256 256 256 257 256 256 256 256 256 256 256 256 256 256 256 256 255 255 256 256 255 255 255 255 255 255 255 255 255 255 255 255 255 255 255 255 255 255 255 255 255 254 255 255 255 254 254 254 254 254 253 253 253 253 253 253 254 254 254 253 253 253 253 253 254 254 253 254 254 254 254 254 254 253 253 254 254 253 253 253 253 252 252 252 253 253 253 253 252 251 251 251 251 252 252 251 251 251 250 251 251 251 251 251 251 251 250 250 250 264 264 264 264 264 263 263 263 264 263 263 263 263 264 264 263 263 263 263 262 262 263 263 263 263 263 262 262 263 262 261 262 262 262 261 261 262 262 262 261 261 260 260 260 260 260 261 261 260 260 260 260 261 261 261 260 260 260 260 261 260 260 260 260 260 260 260 260 259 259 260 260 260 260 260 260 260 260 260 260 261 261 261 261 261 262 262 261 261 261 261 261 261 261 261 261 260 261 261 261 260 260 260 260 260 260 260 260 260 260 260 260 260 260 260 260 260 260 260 259 259 259 259 259 259 259 259 259 259 259 259 259 259 258 258 258 258 258 258 258 258 258 258 258 258 258 258 257 257 257 257 257 257 257 257 258 257 257 257 257 257 257 257 257 256 256 257 256 256 258 258 258 257 258 258 258 258 257 257 257 257 257 257 257 257 257 257 257 257 257 256 257 257 257 257 256 256 256 256 256 256 256 256 256 256 256 256 256 255 255 255 255 255 255 255 255 255 255 255 255 255 255 255 255 255 255 255 255 255 255 255 255 255 254 255 255 255 254 254 255 255 254 254 254 253 253 253 254 253 253 253 253 253 253 253 253 254 253 253 254 254 254 254 254 254 253 253 254 254 253 253 253 253 252 252 253 252 252 253 253 252 252 251 250 250 251 252 252 251 251 251 251 252 252 252 251 251 251 251 251 251 250 264 264 264 264 264 263 263 263 263 263 263 263 263 263 263 263 263 262 262 263 263 263 264 263 263 263 263 263 263 262 262 261 261 261 261 262 262 262 262 261 261 261 261 261 261 261 261 260 260 260 261 261 261 261 260 260 260 260 260 260 260 260 260 259 259 259 259 259 260 261 260 260 260 260 260 260 260 261 261 261 261 261 261 261 261 261 261 261 261 261 261 261 262 261 260 261 260 261 261 260 260 260 260 260 260 260 260 260 260 260 260 260 260 260 260 260 260 260 260 259 259 259 258 259 259 259 259 259 259 259 259 259 259 258 258 258 258 258 258 258 258 259 258 258 258 257 257 257 257 257 257 257 257 257 257 257 257 257 257 257 257 257 257 257 257 256 256 258 258 258 258 258 258 258 258 257 257 257 257 257 257 257 257 257 257 257 257 257 257 257 257 257 256 256 256 256 256 256 256 256 256 256 256 256 256 256 255 255 255 255 255 255 255 255 255 255 255 256 255 255 255 255 255 255 255 255 255 255 255 255 255 255 255 255 255 254 255 255 255 254 255 254 254 253 253 253 254 254 254 254 253 253 253 253 253 253 253 253 254 253 254 254 254 254 254 254 254 254 254 253 253 253 253 253 253 252 252 252 252 252 252 251 250 250 251 252 252 252 251 251 251 252 252 251 251 251 251 250 250 250 264 264 264 263 263 263 263 263 263 264 263 263 264 264 262 262 263 263 263 263 263 263 264 263 263 263 263 263 263 262 262 262 262 262 262 262 261 261 262 261 260 261 262 262 261 260 260 260 260 260 261 261 261 260 260 260 260 261 261 260 260 260 260 260 260 260 261 261 260 260 260 260 260 261 261 261 261 261 261 261 260 261 261 261 261 260 261 261 261 261 261 261 260 260 261 261 260 260 260 260 260 260 260 260 260 260 260 260 260 260 260 260 260 260 260 260 259 259 259 259 259 259 259 260 259 259 259 259 259 258 258 258 258 258 258 258 258 259 259 258 258 257 257 257 257 257 257 257 257 258 257 257 257 257 257 257 257 257 257 257 257 257 257 257 258 258 258 258 258 257 257 257 257 257 257 257 257 257 257 257 257 257 257 257 257 257 257 257 256 257 257 256 256 256 256 256 256 256 256 256 256 256 256 255 256 255 255 255 255 255 255 255 255 255 255 256 256 256 255 255 255 255 255 255 255 255 255 255 255 256 256 256 255 255 256 256 255 255 254 254 254 254 253 253 254 254 254 254 253 253 253 253 253 253 253 253 253 253 253 254 254 254 254 255 254 254 253 253 253 253 253 253 252 252 252 252 252 252 252 251 250 250 251 252 252 252 251 251 252 252 251 251 251 250 250 250 250 263 263 263 264 264 264 264 264 264 264 263 262 263 263 263 263 263 263 263 264 264 264 263 263 264 263 263 262 262 262 262 261 261 261 261 261 261 261 261 262 261 260 260 260 260 260 260 260 260 260 260 260 260 260 261 261 260 260 260 260 260 260 260 260 260 260 260 260 260 260 260 260 261 260 260 261 260 260 260 260 260 260 260 261 261 260 261 261 260 260 260 261 260 260 260 260 260 260 260 260 260 260 260 260 260 260 260 260 260 260 260 260 260 259 260 260 260 260 260 260 260 260 260 260 259 259 258 258 258 258 258 258 258 259 259 258 258 258 257 257 258 257 257 257 257 258 257 257 257 257 257 257 257 257 257 257 257 257 257 257 257 257 257 257 257 256 256 256 256 256 257 257 257 256 256 256 256 256 256 256 256 256 256 256 256 256 256 256 256 256 256 255 255 255 255 255 255 255 255 255 255 255 255 255 255 254 254 255 254 254 256 256 256 256 256 256 256 256 255 255 255 256 256 256 256 257 257 256 256 256 257 257 257 256 255 255 255 255 254 253 254 253 254 254 254 254 255 255 254 253 253 253 253 253 253 254 254 254 254 255 254 254 254 253 253 253 253 253 253 253 253 252 252 253 253 252 251 251 251 251 252 252 252 252 252 252 251 251 251 251 251 263 264 264 264 264 264 264 264 263 263 263 263 263 264 264 264 263 264 265 265 264 263 264 264 264 264 264 263 262 261 261 261 261 262 262 262 261 262 261 261 260 260 260 260 260 260 260 260 260 260 260 260 260 261 260 260 260 260 260 260 260 260 260 260 260 260 260 260 260 260 260 260 261 261 260 260 260 260 260 260 260 260 260 260 261 261 260 260 261 261 260 260 260 260 260 260 260 260 260 260 260 260 260 260 260 260 260 260 260 260 260 260 260 260 260 260 260 260 260 260 260 259 259 258 258 258 258 258 258 258 258 259 259 258 258 258 258 258 258 258 258 257 257 257 257 257 257 257 257 257 257 257 257 257 257 256 256 256 257 257 257 257 257 256 256 256 256 256 256 256 257 257 256 256 256 256 256 256 256 256 256 256 256 256 256 256 256 256 256 256 255 255 255 255 255 255 255 255 255 255 255 255 255 254 254 255 254 255 256 256 256 256 256 256 256 256 256 255 255 255 256 256 256 257 257 256 256 256 257 257 257 257 256 256 256 255 255 254 254 253 254 255 255 255 255 255 255 254 254 253 254 253 253 253 253 254 254 255 254 254 254 254 254 253 253 253 253 254 253 252 252 253 253 252 252 251 250 251 252 252 252 252 252 252 251 251 251 251 251 263 264 264 265 264 264 264 264 263 263 264 264 264 264 264 264 264 264 264 265 265 264 264 264 265 265 265 264 263 263 262 262 262 262 262 262 262 262 261 261 261 261 261 260 261 261 261 261 260 260 260 260 260 260 261 261 261 261 261 261 261 260 260 260 260 260 260 260 261 260 260 260 260 261 261 260 260 260 260 260 260 260 260 260 260 261 260 260 260 261 261 260 260 260 260 260 260 260 260 260 260 260 260 260 260 260 260 260 260 260 260 260 260 260 260 260 260 260 260 260 260 259 259 259 259 258 259 258 258 259 259 259 258 258 258 258 258 258 258 258 258 258 257 257 257 257 257 257 257 257 257 257 256 256 256 256 256 256 257 257 257 257 256 256 256 257 257 256 256 256 257 257 256 256 256 256 256 256 256 256 256 256 256 256 256 256 256 256 256 256 256 255 255 255 255 255 255 255 255 255 255 255 255 254 254 254 254 254 255 256 256 256 256 256 256 256 256 255 255 255 256 255 255 256 257 257 256 256 257 257 257 256 256 256 255 255 254 254 254 254 253 254 254 254 254 255 255 255 255 254 255 254 254 254 253 253 253 254 254 254 254 254 254 254 254 253 253 254 253 253 253 253 253 253 252 252 251 251 252 252 252 252 252 252 252 252 252 251 264 264 264 265 264 265 264 265 264 264 264 264 264 264 264 264 264 265 264 265 265 265 265 265 265 265 265 265 264 264 263 263 262 262 262 262 262 262 262 262 262 262 261 261 261 261 261 261 261 260 260 260 260 260 261 261 260 260 260 260 260 260 260 260 260 260 260 261 261 260 260 260 260 260 261 260 260 260 260 260 260 260 260 260 260 260 261 260 260 261 261 260 260 260 260 260 260 260 260 260 260 260 260 260 260 260 260 260 260 260 260 260 260 260 260 260 260 260 260 260 260 259 259 259 259 259 259 259 259 259 259 258 258 258 258 258 258 258 258 258 258 258 258 257 257 257 257 257 257 257 257 256 256 256 256 256 256 256 257 257 257 257 257 257 257 257 257 256 256 256 257 257 256 256 257 256 256 256 256 256 256 256 256 256 256 256 256 256 256 255 255 255 255 255 255 255 255 255 255 255 255 255 255 255 255 254 254 254 255 256 256 256 256 256 256 256 256 256 255 255 255 255 256 256 256 257 257 257 257 256 255 255 255 255 254 254 254 254 255 254 254 254 254 254 254 254 255 255 256 255 255 255 255 254 254 254 254 254 254 254 254 254 255 254 253 254 254 254 253 252 252 251 251 251 252 252 252 252 252 252 252 252 264 264 264 265 265 265 265 265 265 265 265 265 265 264 264 265 265 265 265 265 266 266 266 265 265 265 264 264 264 264 264 263 263 262 262 262 262 262 262 262 262 262 262 261 261 262 261 261 260 261 260 260 260 260 260 261 260 260 260 260 261 261 261 261 260 260 260 261 261 261 260 260 260 260 260 260 261 260 260 260 260 261 260 260 260 260 261 261 260 260 261 261 260 260 260 260 260 260 260 260 260 260 260 260 260 260 260 260 260 260 260 260 260 260 260 261 260 260 259 260 260 260 260 259 259 259 259 259 259 259 259 259 258 258 258 258 258 258 258 258 257 257 258 258 257 257 257 257 257 257 256 256 257 256 256 257 256 256 257 257 257 257 257 257 257 257 257 256 256 256 257 257 257 257 256 256 256 256 256 256 256 256 256 256 256 256 256 255 255 255 255 255 255 255 255 255 255 255 255 255 255 255 255 254 254 254 254 254 255 255 255 255 256 256 255 255 256 256 255 255 256 255 255 256 257 257 257 257 257 256 256 255 255 254 254 255 255 255 254 255 255 254 255 255 254 254 254 255 255 255 254 255 255 255 255 254 255 254 254 254 255 255 254 254 254 254 251 251 252 264 265 265 264 265 265 266 265 265 265 265 265 265 265 265 265 265 265 265 265 265 266 265 265 265 265 264 264 264 264 264 263 264 263 263 262 262 262 262 262 262 262 262 262 262 261 261 262 262 261 261 261 260 260 260 260 260 260 260 261 261 261 261 261 261 260 260 260 260 260 260 260 260 260 260 260 260 260 260 260 261 261 261 260 260 260 260 261 261 260 260 261 261 261 261 260 260 260 260 260 260 260 260 260 260 260 260 260 260 260 261 261 261 260 260 260 260 260 260 260 260 260 260 260 260 260 260 260 260 260 260 259 258 258 258 258 258 258 258 257 257 257 257 257 257 258 257 257 257 257 256 257 257 257 257 257 257 256 257 257 258 257 257 257 257 257 257 257 256 256 256 257 257 257 256 256 256 256 256 256 256 256 256 256 256 256 255 255 255 255 255 255 255 255 255 255 255 255 255 255 255 255 255 255 255 255 254 254 254 255 255 255 255 255 255 255 255 255 256 256 255 255 256 256 257 257 256 256 256 257 257 256 255 255 255 255 256 256 255 254 255 255 256 256 255 255 254 254 254 255 254 254 254 254 254 254 254 254 254 254 254 254 255 251 265 265 265 266 266 266 265 265 266 265 265 266 266 266 265 265 265 265 265 265 265 265 265 265 265 265 264 263 264 264 263 263 263 263 263 262 262 262 262 262 262 263 262 263 262 262 261 262 262 262 261 261 261 261 261 261 261 261 261 261 261 261 261 261 261 261 260 260 260 260 260 260 260 261 261 260 260 260 260 260 261 261 261 260 260 260 260 261 261 261 260 261 261 261 261 260 260 260 260 260 260 260 260 260 260 260 260 260 260 260 260 261 261 261 260 260 260 260 260 260 260 260 260 260 260 260 260 259 259 259 259 259 259 259 258 258 258 258 258 258 258 258 257 257 257 257 257 257 257 257 256 257 257 257 257 257 257 256 257 257 258 257 257 258 257 257 257 257 257 256 256 257 257 257 257 257 256 256 256 256 256 256 256 256 256 255 255 255 255 255 255 255 255 255 255 255 256 255 255 255 255 255 255 255 255 255 254 254 254 255 256 255 255 254 255 255 255 255 255 255 256 255 256 257 257 256 256 256 256 257 257 256 255 255 255 256 256 256 255 255 255 255 256 256 255 254 254 254 254 254 254 254 254 254 255 254 254 254 254 254 254 266 265 266 266 266 266 267 267 266 266 265 266 266 266 266 266 265 265 265 266 265 265 265 264 264 263 264 264 264 263 263 263 263 263 263 262 262 262 263 263 262 263 263 263 262 262 262 262 262 262 261 261 261 261 261 261 261 261 261 261 261 261 261 261 261 261 261 261 261 261 261 261 261 261 260 261 261 260 260 261 261 260 260 261 260 260 261 261 261 260 261 261 261 261 261 260 260 260 260 260 260 260 260 260 260 260 260 260 260 260 260 260 261 260 260 260 260 260 260 260 259 260 260 260 260 260 260 259 259 260 260 259 259 259 258 259 259 258 258 258 258 257 257 257 257 257 257 257 257 257 257 257 257 257 257 257 257 257 257 258 257 257 258 258 258 257 257 256 256 256 257 257 257 257 257 256 256 256 256 256 256 256 255 255 255 255 255 255 255 256 256 256 255 255 255 256 256 255 256 255 254 255 255 255 255 255 255 254 255 255 256 255 254 254 255 255 255 255 255 256 256 256 256 256 256 256 256 256 257 256 256 255 255 256 256 256 256 256 256 255 256 256 255 255 255 255 254 255 255 255 255 254 254 255 255 254 254 255 255 267 267 267 267 267 267 267 267 266 266 266 266 266 266 266 266 266 266 265 265 265 265 264 263 263 263 263 263 263 262 262 262 262 263 263 262 262 262 263 263 262 262 263 263 262 262 262 262 262 262 262 261 261 261 261 261 261 261 261 261 261 261 261 261 261 261 261 261 261 261 261 261 261 261 261 261 260 260 261 261 261 260 260 261 260 261 261 261 261 260 261 261 260 261 261 261 260 260 260 260 260 260 260 260 260 260 260 260 260 260 260 261 261 261 260 260 260 260 260 260 259 260 260 260 260 260 260 259 260 260 259 259 259 259 258 259 259 259 258 258 258 258 258 257 257 257 257 257 257 257 257 257 257 257 257 257 257 257 258 258 257 258 258 257 258 257 256 256 256 256 257 257 257 256 256 256 256 256 256 256 255 255 255 255 255 256 256 255 255 256 256 256 256 255 256 255 256 256 256 255 254 255 256 255 255 255 255 254 255 255 255 256 255 254 254 254 255 255 255 256 256 256 256 256 256 256 256 256 257 257 256 255 255 255 255 256 256 257 256 256 256 256 255 256 256 255 254 256 255 255 255 255 254 254 255 254 255 268 268 268 267 267 267 267 267 266 266 266 266 266 266 266 266 266 266 265 265 264 263 263 263 263 262 263 262 262 262 262 262 262 263 262 262 263 263 263 263 262 262 263 263 263 263 263 262 262 262 262 261 261 261 261 262 262 261 261 261 261 261 261 261 261 261 261 261 261 261 261 261 261 261 261 261 261 261 261 261 260 261 261 260 260 261 261 261 261 261 260 260 261 261 261 260 260 260 260 260 260 260 260 260 260 260 260 260 260 260 260 261 260 260 261 261 260 260 260 260 260 260 260 260 260 259 259 260 260 260 259 258 259 258 259 259 258 258 258 258 258 258 257 258 257 257 257 256 257 257 257 257 257 257 257 257 257 258 258 258 258 258 257 257 257 257 257 256 256 256 257 257 256 256 256 256 256 256 256 256 256 256 256 256 256 256 256 255 256 256 257 256 255 256 256 256 256 256 255 255 255 256 255 255 255 255 254 256 256 255 255 255 254 254 255 255 255 255 256 256 256 256 256 256 256 256 256 257 257 257 256 255 256 256 256 256 257 257 257 257 256 255 256 256 255 255 255 255 255 255 255 255 255 255 255 267 267 267 268 268 268 268 268 268 268 268 267 267 267 268 266 266 266 266 266 266 266 266 265 265 265 265 264 263 263 263 263 263 262 263 262 262 262 262 262 262 262 262 262 263 263 263 262 262 262 263 263 263 263 263 262 262 262 262 262 262 262 261 261 262 261 261 261 261 261 261 261 261 261 261 261 261 261 261 261 261 261 261 261 261 261 260 260 261 261 261 260 261 261 261 261 261 261 261 260 261 261 261 260 260 260 260 261 261 260 260 260 260 260 260 260 260 260 260 260 260 260 260 260 260 260 260 260 260 260 260 260 260 259 259 260 259 259 259 259 259 258 258 258 259 258 258 258 258 258 258 258 257 257 257 257 257 257 257 257 257 257 257 258 257 258 258 257 257 257 257 257 257 257 257 257 256 257 257 257 256 257 256 256 256 256 256 256 256 256 256 256 256 257 256 255 256 256 257 256 255 256 256 256 255 255 255 255 256 256 255 255 255 254 254 256 256 255 255 255 254 254 254 254 254 254 255 255 255 256 256 256 256 256 256 256 257 257 256 256 256 257 257 257 257 257 257 257 257 256 257 256 255 255 255 255 256 256 256 256 268 268 268 268 269 268 268 268 268 268 268 268 267 267 267 268 268 266 266 266 265 265 265 265 265 265 264 265 265 263 263 263 262 263 263 262 262 262 262 262 262 262 262 262 262 262 263 263 262 262 263 263 263 263 263 263 263 262 262 262 262 262 262 262 262 261 262 262 262 261 261 261 261 261 261 261 261 261 261 261 261 261 261 261 261 261 261 261 261 261 261 261 260 261 261 261 261 261 261 261 261 261 260 261 261 260 260 260 260 261 261 260 260 260 260 260 260 261 261 261 261 261 260 260 260 260 260 260 260 260 260 260 260 260 259 260 259 259 259 259 259 259 259 258 258 258 258 258 258 258 258 258 258 258 258 257 257 257 257 257 257 257 257 257 257 257 257 258 257 257 257 258 257 257 257 258 257 257 256 256 257 257 257 257 256 256 256 257 256 256 256 256 256 256 257 256 256 256 256 256 257 256 256 257 256 255 255 255 255 255 255 256 256 255 255 254 254 256 256 255 254 254 254 254 255 255 255 255 255 255 255 256 257 257 256 256 256 256 257 257 257 256 256 257 257 257 257 257 257 258 257 257 257 256 255 255 255 256 256 256 268 268 268 268 268 268 268 268 268 268 268 267 267 267 267 267 267 267 267 267 265 265 265 265 265 265 264 264 264 265 264 264 263 263 263 263 262 263 262 262 263 262 263 263 263 262 262 262 262 262 262 262 262 263 263 263 263 263 263 263 263 262 262 262 262 262 262 262 262 262 262 262 262 261 261 261 261 261 261 261 261 261 261 261 261 261 261 261 261 261 261 261 261 261 261 261 261 261 261 261 261 261 261 261 261 260 260 261 260 260 261 261 261 261 261 261 261 261 260 261 261 261 261 261 261 261 260 260 260 260 260 260 260 260 260 260 260 260 260 260 260 259 258 259 259 259 259 259 259 258 258 258 258 258 258 258 258 258 258 257 257 257 257 257 257 257 257 258 257 257 258 257 257 257 258 257 257 257 257 257 257 256 256 257 257 257 256 256 256 256 257 256 256 256 256 256 256 256 257 256 256 257 257 257 256 256 256 256 256 256 256 255 255 255 256 256 255 254 254 254 255 255 255 254 254 254 254 255 256 256 256 256 256 256 256 257 257 257 256 256 257 257 257 257 256 256 256 256 257 257 257 257 257 257 257 257 256 256 255 255 255 255 255 268 268 268 268 268 268 268 268 267 267 267 267 267 267 267 266 266 267 266 265 264 264 264 265 264 264 264 264 264 263 263 263 263 262 263 262 263 263 263 263 263 263 263 263 263 263 262 262 262 262 262 262 263 263 263 263 263 263 263 263 263 262 262 262 262 262 262 262 262 262 262 262 262 261 261 261 261 261 261 261 261 261 261 261 261 261 261 261 261 261 261 261 261 261 261 261 261 261 261 261 261 261 261 261 261 260 260 260 261 261 261 261 261 261 261 260 260 260 261 261 261 261 261 261 261 261 260 260 260 260 260 260 260 260 260 260 260 260 260 259 259 258 258 258 258 259 258 259 259 259 259 259 258 258 258 258 258 257 257 257 258 257 257 257 257 257 258 258 258 258 257 257 257 258 257 257 257 257 257 257 256 256 257 257 257 256 256 256 256 256 256 256 257 257 257 257 257 257 256 256 257 258 257 256 256 257 256 256 256 256 255 255 256 256 256 255 255 254 253 254 254 254 254 255 255 255 255 256 256 256 256 256 256 257 257 257 257 257 256 257 257 258 257 257 256 256 256 256 256 257 256 257 257 257 257 256 256 255 255 255 255 254 267 268 268 268 267 268 267 266 266 266 267 267 267 267 266 265 266 265 264 264 263 264 264 264 263 263 263 263 263 262 262 263 263 263 263 263 263 263 263 263 263 263 263 263 263 263 263 262 262 263 263 263 263 263 263 263 263 263 263 263 263 262 262 262 262 262 262 262 262 262 262 262 262 262 262 262 262 261 261 261 261 261 261 261 261 261 261 261 261 261 261 261 261 261 261 261 261 261 261 261 261 261 261 261 261 260 260 260 261 261 261 261 261 261 260 261 261 260 261 261 261 261 261 261 261 260 260 260 260 260 260 260 260 260 260 260 260 260 260 259 259 259 258 258 258 258 258 258 258 258 258 258 258 258 257 257 257 257 257 258 258 258 258 258 258 258 258 258 258 258 258 257 258 257 257 257 257 257 257 256 257 257 257 256 256 256 256 256 257 257 257 257 257 257 257 258 257 256 257 257 258 258 257 257 256 256 256 255 256 256 256 256 256 256 255 254 254 253 254 254 254 255 255 256 256 256 256 256 256 257 256 256 256 257 257 257 257 257 257 258 258 257 256 256 257 257 257 256 257 257 257 257 257 257 256 255 255 255 255 255 254 254 267 266 267 267 267 266 266 266 266 265 266 266 266 266 265 264 265 264 263 263 263 263 263 262 262 262 262 262 262 262 263 263 263 263 263 263 263 263 263 263 263 263 263 263 263 263 263 263 263 263 263 263 263 263 263 263 263 263 263 263 263 262 262 262 262 262 262 262 262 262 262 262 262 262 262 262 262 262 261 261 261 261 261 261 261 261 261 261 261 261 261 261 261 261 261 261 261 261 261 261 261 261 261 261 261 261 260 261 261 261 261 261 261 261 260 261 261 261 261 261 261 261 261 261 261 261 260 260 260 260 260 260 260 260 260 260 260 260 259 259 259 258 258 258 258 258 258 258 258 259 258 258 258 257 257 258 258 257 257 257 257 257 257 257 257 258 258 258 258 258 258 258 257 257 257 257 257 257 256 256 257 257 257 257 257 256 256 256 256 256 256 257 257 257 257 258 257 257 257 257 257 258 258 257 257 257 256 255 255 255 256 256 255 255 255 254 254 253 254 254 255 256 256 256 256 255 256 256 256 256 257 257 257 257 257 257 257 257 257 258 258 257 257 257 258 258 257 257 257 257 257 257 257 257 256 255 255 255 255 255 255 255 255 267 267 265 266 265 265 264 265 264 264 264 264 264 264 264 264 264 263 263 263 263 263 263 263 263 263 263 263 263 263 263 263 263 263 263 263 263 263 263 263 263 263 263 263 263 263 263 263 263 263 263 263 263 263 263 263 263 263 263 263 263 263 262 262 262 262 262 262 262 262 262 262 262 262 262 262 261 261 261 261 261 261 261 261 261 261 261 261 261 261 261 261 261 261 261 261 261 261 261 261 261 261 261 261 261 260 261 261 261 261 261 261 261 261 260 260 261 261 261 261 261 261 261 261 261 260 260 260 261 260 260 260 260 260 260 260 260 260 260 259 259 258 258 259 259 259 259 259 259 258 258 258 258 258 258 258 258 258 257 257 257 257 257 257 257 257 257 258 258 258 259 258 258 257 257 257 257 257 257 256 257 257 257 257 257 256 256 256 257 257 257 257 258 257 258 258 258 257 257 257 257 258 258 257 257 256 256 256 255 255 255 255 256 255 254 254 254 254 254 254 255 256 256 255 255 255 256 256 257 257 256 256 257 257 257 257 257 257 257 258 258 257 257 257 258 257 257 257 257 258 258 257 256 256 256 255 255 255 255 255 255 255 255 269 269 269 269 269 269 270 269 268 267 266 265 265 264 265 264 264 264 264 264 264 264 264 264 263 263 264 263 263 263 263 263 263 263 263 263 264 264 264 264 264 264 264 264 264 264 264 264 263 263 263 263 263 263 263 263 263 263 263 263 263 263 263 263 263 263 263 263 263 263 263 262 262 262 262 262 262 262 262 262 262 262 262 262 262 262 261 261 261 261 261 261 261 261 261 261 261 261 261 261 261 261 261 261 261 261 261 261 261 261 261 261 261 261 260 261 261 261 261 261 261 261 261 261 260 261 261 261 261 261 261 261 261 261 261 261 260 260 260 261 261 260 260 260 260 260 260 259 259 259 259 259 259 259 259 259 258 258 258 258 258 258 258 258 258 258 257 257 257 257 257 257 257 257 257 257 257 258 259 258 258 257 257 257 258 257 257 257 257 257 257 257 257 256 256 256 256 257 257 257 257 258 257 257 258 258 258 257 257 257 258 258 258 257 256 256 256 256 255 254 255 255 255 254 254 255 254 254 255 255 256 255 255 256 256 256 256 257 257 257 257 256 257 257 257 257 257 257 258 258 257 257 257 258 257 257 257 257 257 257 257 256 255 255 255 255 255 255 255 255 255 255 255 269 270 269 269 269 269 269 269 269 270 271 270 269 269 271 269 268 266 266 265 264 264 264 264 264 265 264 264 264 264 264 264 264 264 264 264 264 264 264 264 264 264 264 264 264 264 264 264 264 264 264 264 264 264 264 264 263 263 263 263 263 263 263 263 264 263 263 263 263 263 263 263 263 263 263 263 263 263 262 262 263 262 262 262 263 262 262 262 262 262 262 262 262 262 262 261 261 261 261 261 261 261 261 261 261 261 261 261 261 261 261 261 261 261 261 261 261 261 261 261 261 261 261 261 261 261 261 261 261 261 261 261 261 261 261 261 261 261 261 261 261 261 261 260 261 260 260 260 260 261 261 260 260 260 260 259 259 259 259 258 258 258 258 258 258 258 258 258 258 258 259 258 258 258 258 258 257 257 257 257 257 257 257 257 258 258 258 258 257 258 258 258 258 257 257 257 257 257 257 257 257 256 256 257 257 257 257 257 258 257 257 257 257 258 258 258 258 258 258 258 257 256 255 255 256 256 255 254 255 255 255 254 255 254 255 255 255 255 255 255 256 256 256 256 256 256 257 257 257 257 257 257 257 257 258 258 258 258 257 258 257 257 257 257 257 257 257 257 256 256 255 255 255 255 255 255 255 255 255 255 255 269 270 269 268 269 269 269 269 269 269 269 269 270 271 271 270 269 270 270 271 271 270 270 269 267 266 265 264 264 264 265 265 265 265 265 265 265 265 265 265 265 264 264 264 264 264 264 264 264 264 264 264 264 264 264 264 264 264 264 264 264 264 264 263 263 263 263 263 263 263 264 264 264 263 263 263 263 263 264 263 263 263 263 263 263 263 263 263 263 263 262 263 263 263 263 262 262 262 262 262 262 262 262 262 261 261 261 261 261 261 261 261 261 261 261 261 261 261 261 261 261 261 261 261 261 261 261 261 261 261 261 261 261 261 261 261 261 261 261 261 261 261 261 261 261 261 261 261 261 261 260 260 261 261 261 261 261 261 261 260 260 260 259 259 259 259 259 259 259 258 258 258 258 258 258 258 258 258 258 258 258 258 257 257 257 257 257 257 257 257 257 258 258 258 258 258 259 258 258 258 257 258 258 258 258 257 257 257 256 257 256 257 257 257 257 257 257 257 257 257 257 258 258 258 257 257 257 257 256 256 255 255 255 255 255 254 254 255 254 254 254 255 256 256 256 256 256 256 256 256 256 256 256 256 256 257 257 257 257 257 258 258 258 258 258 257 257 257 257 257 257 257 257 257 257 256 256 255 255 255 255 256 255 255 255 255 255 255 255 270 269 269 269 268 269 269 269 269 269 268 269 269 269 269 270 269 269 269 270 270 270 269 269 269 270 271 271 271 270 268 267 266 265 264 264 264 265 265 265 265 265 265 265 265 265 265 265 264 264 264 264 264 264 264 264 264 264 264 264 264 264 264 264 264 264 264 264 264 263 263 263 263 263 264 264 264 264 264 264 264 263 263 264 263 264 264 263 263 263 263 263 263 263 263 263 263 263 263 263 263 263 263 263 262 262 262 262 263 262 262 262 261 261 261 261 261 261 261 261 261 261 261 261 261 261 261 261 261 261 261 261 261 261 261 261 261 261 261 261 261 261 261 261 261 261 261 261 261 261 262 262 261 261 261 261 261 261 260 260 260 260 261 261 261 261 261 260 260 260 260 260 260 259 259 260 259 259 259 258 258 258 258 258 259 259 258 258 258 258 257 258 258 258 257 257 257 257 258 258 258 258 259 258 258 258 257 258 258 258 258 257 257 257 257 256 257 257 257 257 257 257 257 257 257 257 257 258 258 258 257 257 257 257 257 257 256 256 256 256 255 255 254 254 254 254 254 254 256 256 256 256 257 256 256 256 257 257 257 257 256 256 256 257 257 256 256 257 257 258 258 258 258 257 257 257 257 257 257 257 257 257 257 256 255 256 255 255 256 255 255 255 255 255 255 255 255 255 269 269 269 269 269 269 269 269 269 269 268 269 269 270 269 269 268 268 268 269 269 270 270 269 269 270 271 270 270 269 268 267 266 265 264 264 264 265 265 265 265 265 265 265 265 265 265 265 264 264 264 264 264 264 264 264 264 264 264 264 264 264 264 264 264 264 264 264 263 263 264 263 263 264 264 264 264 264 264 264 264 263 264 264 264 264 264 264 263 263 263 263 263 263 263 263 263 263 263 263 263 263 263 263 263 262 262 262 263 263 262 262 262 261 261 261 261 261 261 261 261 261 261 261 261 261 261 261 261 261 261 261 261 261 261 261 261 261 261 261 261 261 261 261 261 261 261 261 262 262 262 262 262 261 261 261 261 260 260 260 260 260 260 260 261 261 260 260 260 259 259 259 260 260 259 259 260 259 259 259 258 259 259 259 259 259 259 258 258 258 258 258 258 258 257 257 257 257 258 258 258 259 258 258 258 258 258 258 258 258 258 257 257 258 257 257 257 257 257 257 257 257 257 257 257 257 257 257 257 257 257 257 257 257 257 257 257 256 256 256 256 255 255 254 254 254 255 255 256 256 256 256 256 256 256 256 256 256 256 256 257 257 256 256 256 256 256 256 257 257 258 258 258 258 257 257 257 256 256 257 257 257 257 256 256 256 255 255 256 256 255 255 255 255 255 255 255 255 269 269 269 269 269 269 270 269 269 269 268 268 269 269 268 268 268 267 268 269 270 270 270 269 270 270 270 270 269 269 268 267 266 265 264 264 265 265 265 265 265 265 265 265 265 265 265 265 265 265 265 265 265 265 265 264 264 264 264 264 264 264 264 264 264 264 264 264 264 264 264 264 264 264 264 264 264 264 264 264 264 263 264 264 264 264 264 264 264 263 263 263 263 263 263 263 263 263 263 263 263 263 263 263 263 263 262 262 262 263 263 262 262 262 261 261 261 261 261 261 261 262 262 262 261 261 261 261 261 261 261 261 261 261 261 261 261 261 261 261 261 261 261 261 261 261 262 261 262 262 262 262 261 261 261 261 261 261 261 260 260 260 260 260 260 261 260 260 260 260 260 259 259 259 259 259 259 259 259 260 259 259 259 260 260 259 259 259 259 258 258 258 258 258 258 258 257 257 258 258 258 259 258 258 258 258 258 258 258 258 258 258 257 258 258 257 257 257 257 257 257 257 257 257 257 257 257 257 257 257 257 257 256 257 257 256 256 256 256 256 256 255 255 255 254 254 255 255 256 256 256 256 256 256 256 256 256 256 256 256 256 257 257 257 257 256 256 256 257 257 257 258 258 258 258 258 257 257 256 257 257 257 257 257 256 256 255 255 255 256 255 255 254 255 255 255 255 255 270 269 269 269 270 270 269 269 269 268 269 269 269 268 268 268 268 268 269 270 270 269 268 269 269 269 269 269 268 267 267 267 266 265 265 265 265 265 266 265 265 265 266 266 266 265 265 265 265 265 265 265 265 265 265 265 265 265 264 264 264 264 264 264 264 264 264 264 264 264 264 264 264 264 264 264 264 264 264 264 264 264 264 264 264 264 264 263 263 263 263 263 263 263 263 263 263 263 263 263 263 263 263 263 263 262 262 262 262 262 263 262 262 261 261 261 261 261 261 261 262 262 262 262 262 261 261 261 261 261 261 261 261 261 261 261 261 261 261 261 261 261 261 261 261 261 261 262 262 262 262 262 261 261 261 261 261 261 260 261 261 260 261 261 261 260 260 260 260 260 260 260 259 260 259 259 260 259 259 260 259 260 260 260 259 259 259 259 259 259 258 259 258 258 258 258 257 258 258 258 258 258 258 258 258 258 258 258 258 258 258 257 258 258 257 257 257 257 257 257 257 257 257 257 257 257 257 257 257 257 257 256 256 256 256 256 256 256 256 255 255 255 255 254 254 254 255 256 256 256 256 256 256 256 255 255 256 256 256 256 256 257 257 257 257 257 257 257 257 258 258 258 258 258 258 257 256 256 257 257 257 257 257 256 256 255 255 255 256 256 255 254 255 255 255 269 269 269 269 269 270 270 269 269 269 269 268 268 269 268 268 268 268 268 268 269 269 269 269 268 268 268 269 269 268 267 266 266 266 265 265 265 266 266 266 266 266 266 266 266 266 266 266 265 265 265 265 265 265 265 265 265 265 265 265 264 264 264 264 264 264 264 264 264 264 264 264 264 264 264 264 264 264 264 264 264 264 264 264 264 264 264 264 263 263 263 263 263 263 263 263 263 263 263 263 263 263 263 263 263 263 262 262 262 262 262 263 263 262 262 261 261 261 261 261 261 262 262 262 262 262 262 262 261 261 261 261 261 261 261 261 261 261 261 261 261 261 261 261 261 261 261 261 261 261 261 261 261 261 261 261 261 261 261 261 261 261 261 261 261 261 261 260 260 260 260 260 259 260 260 260 259 259 259 259 260 260 259 260 260 259 259 259 259 259 259 258 258 258 258 258 258 257 258 258 258 258 258 258 258 258 258 258 259 259 258 258 258 258 258 258 257 257 257 257 257 257 257 257 257 257 257 257 257 257 257 256 256 256 256 256 256 256 256 256 255 255 255 255 255 254 255 255 256 256 256 256 256 256 256 256 255 256 256 256 256 256 256 256 256 256 257 257 257 257 257 257 257 257 257 257 257 257 257 257 257 257 257 257 256 256 256 256 255 255 256 256 255 255 256 269 269 269 269 268 269 270 270 269 268 267 268 268 267 268 268 268 268 269 269 270 269 268 267 267 268 269 267 266 266 265 265 265 265 266 266 266 266 266 266 266 266 266 266 266 266 265 265 265 265 265 265 265 265 265 265 265 264 264 264 264 265 265 264 264 264 264 264 264 264 264 264 264 264 264 264 264 264 264 264 264 264 264 264 264 264 263 264 263 264 264 263 263 263 263 263 263 263 263 263 263 263 263 263 263 263 262 262 262 263 263 263 262 262 261 261 261 262 262 261 262 262 262 262 262 262 262 261 261 261 261 261 261 261 261 261 261 261 261 261 261 261 260 261 261 261 261 261 261 261 261 261 261 261 261 261 261 261 261 261 261 261 260 261 261 260 260 260 260 260 259 259 259 259 260 260 259 259 259 260 259 260 260 259 259 259 260 259 259 259 258 258 258 258 258 258 258 258 259 259 258 258 258 258 258 259 259 259 259 258 258 258 258 258 257 257 257 257 257 257 257 257 257 257 257 257 257 257 257 257 256 256 256 256 256 256 256 256 256 255 255 255 255 255 255 255 256 256 256 256 256 256 256 256 255 255 256 256 256 256 256 256 255 256 257 256 256 256 257 257 256 257 257 257 257 257 257 257 257 257 257 257 257 257 257 256 256 256 257 257 256 256 256 270 270 270 268 268 269 268 268 268 268 268 268 267 267 267 267 267 268 268 269 269 269 270 268 267 267 266 266 265 265 266 265 266 266 266 266 266 266 266 266 266 266 266 266 266 265 265 265 265 265 265 265 265 265 265 265 265 265 265 265 265 265 265 264 264 264 264 264 264 265 264 264 264 264 264 264 264 264 264 264 264 264 264 264 263 264 264 264 264 264 263 263 263 263 263 263 263 263 263 263 263 263 263 263 263 262 262 262 263 262 262 262 262 262 262 262 262 262 262 261 262 262 262 262 262 262 261 261 261 261 261 261 261 261 261 261 261 261 261 261 261 261 261 260 261 261 261 261 261 261 261 261 261 261 261 261 261 261 260 260 260 260 260 260 260 260 260 260 260 259 259 259 259 259 259 260 259 259 260 259 259 260 259 259 259 259 259 259 259 259 259 259 258 258 258 258 258 259 259 259 259 259 259 259 258 259 258 259 259 258 258 258 258 257 257 257 257 257 257 257 257 257 257 257 257 257 257 257 257 257 256 256 256 256 256 256 256 256 255 255 255 255 255 255 255 256 256 256 256 256 256 256 256 256 255 255 255 256 255 255 255 255 255 255 255 256 256 257 257 256 256 257 257 257 257 257 257 257 257 257 257 257 257 257 257 257 257 257 257 257 257 256 269 269 268 268 268 268 268 268 269 269 269 269 268 267 267 266 267 268 268 269 270 270 268 268 267 267 267 266 266 266 266 266 266 266 266 266 266 266 266 266 266 266 266 266 265 265 265 265 265 265 265 265 265 265 265 265 265 265 265 265 265 265 264 264 265 265 265 265 265 264 264 264 264 264 264 264 264 264 264 264 264 264 263 263 264 264 264 264 264 263 263 263 263 263 263 263 263 263 263 263 263 263 263 263 263 262 262 263 262 262 262 262 262 262 262 262 262 262 262 261 262 262 262 262 262 262 261 261 261 261 261 261 261 261 261 261 261 261 261 261 261 261 261 261 261 261 261 261 261 261 261 261 261 262 262 262 261 260 260 260 260 259 260 260 259 259 259 259 259 259 259 259 259 259 260 260 259 259 259 259 260 260 259 259 259 258 259 259 259 259 258 258 258 258 259 259 259 259 259 259 259 259 259 258 258 258 258 258 258 257 257 257 257 257 257 257 257 257 257 257 257 257 257 257 257 257 257 256 256 257 256 256 256 256 256 256 256 255 255 255 255 255 255 255 256 256 256 256 256 256 256 256 256 256 255 255 255 255 255 255 255 256 256 255 255 255 256 257 256 257 257 257 257 257 257 257 257 257 257 258 257 257 258 257 257 257 257 257 257 269 269 269 269 271 270 271 271 269 269 269 267 267 268 268 268 269 268 268 268 267 267 266 266 266 266 266 266 266 266 266 266 266 266 266 266 266 266 266 266 266 265 265 265 265 265 265 265 265 265 265 265 265 265 265 265 265 265 265 265 265 265 265 265 265 265 264 264 264 264 264 264 264 264 264 264 264 264 264 264 264 264 264 264 264 264 264 263 263 263 263 263 263 263 263 263 263 263 263 263 263 263 262 262 263 262 262 262 262 262 262 262 262 262 262 262 262 262 262 262 262 262 261 261 262 261 261 261 261 261 261 261 261 261 261 261 261 261 262 262 262 261 261 261 261 261 261 261 261 261 261 261 261 260 260 260 260 259 259 259 260 260 260 260 259 259 259 259 259 259 260 260 259 259 259 259 259 259 260 259 259 259 258 259 259 259 258 258 258 258 260 259 259 259 259 259 259 259 259 259 258 258 258 258 258 258 258 258 257 257 257 257 257 257 257 257 257 257 257 257 257 257 257 257 257 257 256 256 256 255 255 255 256 256 255 255 255 255 255 255 256 257 257 256 256 256 256 256 256 256 255 255 255 255 255 256 256 256 256 256 256 256 255 256 256 257 257 257 257 257 257 257 257 257 257 258 257 258 258 257 257 257 257 257 257 257 257 271 271 271 271 271 272 272 272 270 271 271 271 266 266 266 267 268 267 267 267 266 266 266 266 266 266 266 266 266 267 267 267 267 267 266 266 266 266 266 266 266 266 265 265 265 265 265 265 265 265 265 265 265 265 265 265 265 265 265 265 265 265 265 265 265 265 264 264 264 264 264 264 264 264 264 264 264 264 264 264 264 264 264 264 264 264 264 263 263 263 263 263 263 263 263 263 263 263 263 263 263 263 263 262 262 262 262 262 262 262 262 262 262 262 262 262 262 262 262 262 262 262 262 262 261 261 261 261 261 261 261 261 261 261 261 261 261 261 262 261 262 261 261 261 261 261 261 261 261 261 262 261 261 260 260 260 261 260 260 260 260 260 260 260 259 259 259 259 259 259 260 259 259 259 259 259 258 259 260 259 259 259 259 258 259 259 258 259 259 259 260 260 259 258 259 258 259 259 258 258 258 258 258 258 258 258 258 258 257 257 257 257 257 257 257 257 257 257 257 257 257 257 257 257 257 256 256 256 256 256 256 255 255 255 255 255 255 255 255 255 257 256 256 257 256 256 256 256 255 255 256 256 256 255 256 256 257 257 257 257 257 256 256 256 256 256 257 257 257 257 257 257 257 257 258 257 257 258 257 257 257 257 258 257 257 257 257 272 273 273 273 273 272 272 272 272 271 270 269 267 266 267 266 265 266 265 266 266 266 266 266 266 267 267 267 267 267 267 267 267 267 267 267 267 266 266 266 266 266 266 266 265 265 265 265 265 265 265 265 265 265 265 265 265 265 265 265 265 265 265 265 265 264 264 264 264 264 264 264 264 264 264 264 264 264 264 264 264 264 264 264 264 264 263 263 264 263 263 263 263 263 264 263 263 263 263 263 263 262 263 263 263 262 262 262 262 262 262 262 262 262 262 262 262 262 262 262 262 262 262 262 262 262 261 261 261 261 261 261 261 261 261 261 262 261 261 261 261 261 261 261 261 261 261 261 261 261 261 261 261 261 261 260 260 260 260 260 260 260 259 259 259 259 259 259 260 260 259 259 259 259 258 259 259 259 259 260 259 259 258 258 258 258 259 259 259 259 259 259 258 258 258 258 258 258 258 258 258 258 259 258 258 258 257 257 258 258 257 257 257 257 257 257 257 257 257 257 256 256 256 256 256 256 256 256 256 256 256 256 255 255 255 255 255 255 257 257 257 256 256 256 256 256 255 255 255 256 257 257 257 256 256 257 257 258 258 257 257 257 257 256 257 257 257 257 257 257 257 257 258 257 257 257 257 257 257 258 257 257 257 257 273 273 273 273 272 272 272 272 271 270 269 269 268 267 267 268 267 266 266 266 266 266 266 267 267 267 267 267 267 267 267 267 267 267 267 267 267 266 266 266 266 266 266 266 266 266 265 265 265 265 265 265 265 265 265 265 265 265 265 265 265 265 265 265 265 265 264 264 264 264 264 264 264 264 264 264 264 264 265 264 264 264 264 264 264 263 263 263 264 264 264 263 263 263 263 263 263 263 263 263 263 263 263 263 262 262 262 262 262 262 262 262 262 262 262 262 262 262 262 262 262 262 262 262 261 261 261 261 261 261 261 261 261 261 261 261 262 262 261 261 261 261 261 261 261 261 261 261 261 261 261 261 261 261 261 261 260 260 260 260 259 259 259 259 259 259 259 259 260 259 259 259 258 258 259 259 259 259 259 259 259 259 259 258 258 258 259 259 259 259 259 258 259 259 258 258 258 258 259 259 259 259 259 259 258 258 258 258 258 258 258 257 257 257 257 257 257 257 257 256 256 256 256 256 256 256 256 256 256 256 255 255 255 255 255 255 255 256 256 256 256 256 256 256 256 256 256 256 256 256 257 257 257 257 257 257 257 258 258 258 257 257 256 257 257 257 258 257 257 257 258 257 257 257 257 257 257 257 257 257 257 257 272 272 272 272 272 272 272 272 271 270 269 269 269 269 270 270 270 268 267 267 267 267 266 266 267 267 267 267 267 267 267 267 267 267 267 267 267 267 266 266 266 266 266 266 266 266 266 266 266 265 265 265 265 265 265 265 265 265 265 265 265 265 265 265 265 265 265 264 264 264 264 265 264 264 264 264 264 264 265 265 264 264 264 264 264 264 264 263 263 264 264 264 264 263 263 263 263 263 263 263 263 263 263 263 263 263 262 262 262 262 262 262 262 262 262 262 262 262 262 262 262 262 262 262 262 261 261 261 261 261 261 261 261 261 261 261 261 261 261 261 261 261 261 261 261 261 261 261 261 261 261 261 260 260 260 260 261 260 260 260 259 259 259 260 260 259 259 259 259 259 259 259 259 258 259 259 259 259 259 259 259 259 259 259 258 258 258 259 259 259 259 259 259 259 259 258 258 258 258 258 259 259 259 259 259 259 259 259 258 258 257 257 257 257 257 257 257 258 258 257 256 256 256 256 256 255 255 255 255 256 256 256 255 255 255 255 255 255 256 256 256 256 257 257 257 257 257 257 257 256 256 257 257 257 258 257 257 257 258 258 258 258 257 256 257 257 257 258 258 258 258 257 257 257 257 257 257 257 257 257 256 257 257 273 271 271 271 271 271 271 271 271 271 271 271 271 271 272 271 270 269 268 268 267 267 266 266 267 267 267 267 267 267 267 267 267 267 267 267 267 267 267 266 266 266 266 266 266 266 266 266 266 266 266 266 265 265 265 265 265 265 265 265 265 265 265 265 265 265 265 265 265 265 264 264 265 264 264 264 264 264 264 265 264 264 264 264 264 264 264 264 264 263 264 264 264 264 264 264 264 263 264 263 263 263 263 263 263 263 263 263 262 262 262 262 262 262 262 262 262 262 262 262 262 262 262 262 262 262 262 262 262 262 262 261 261 261 261 261 261 261 261 261 261 261 261 261 261 261 261 261 261 261 261 261 261 260 260 260 260 260 260 260 259 259 259 259 260 260 259 259 259 259 259 259 259 258 258 258 259 259 259 259 259 259 259 259 259 258 257 258 258 259 259 259 259 259 259 259 258 258 259 259 259 259 259 259 259 259 259 259 259 259 258 258 258 257 257 257 257 258 258 258 257 257 257 256 256 256 256 256 256 256 256 255 255 255 255 255 255 255 255 256 256 256 256 256 257 257 258 258 258 258 257 256 257 257 258 258 258 258 258 258 258 258 258 257 256 256 257 257 258 258 258 258 257 257 257 257 257 257 257 257 256 257 257 257 257 272 272 272 272 271 270 271 272 272 272 273 273 272 272 273 272 271 269 268 268 267 266 266 267 267 267 267 267 267 267 267 267 267 267 267 267 267 267 267 266 266 266 266 266 266 266 266 266 266 266 266 266 266 265 265 265 265 265 265 265 265 265 265 265 265 265 265 264 265 265 264 264 265 265 264 264 264 264 264 265 264 264 265 265 264 264 264 264 264 263 264 264 264 264 264 264 264 264 263 263 263 263 263 263 263 263 263 263 263 262 262 262 262 262 262 262 262 262 262 262 262 262 262 262 262 262 262 262 262 262 262 262 261 262 262 261 261 261 261 261 261 261 261 261 262 262 261 261 261 261 261 261 261 261 260 260 261 260 260 260 259 260 260 260 260 260 260 260 259 259 260 259 259 259 258 258 259 259 258 259 259 259 259 259 258 258 258 258 258 259 259 259 259 258 259 259 259 259 259 259 259 259 259 259 259 259 259 259 259 259 258 257 257 257 257 257 257 258 258 258 257 257 257 257 257 257 256 256 256 256 256 255 255 255 255 255 255 255 255 256 256 257 256 256 256 256 257 257 258 258 258 257 256 257 258 258 258 258 258 258 259 259 258 257 257 256 257 258 258 258 258 258 258 257 257 257 257 257 257 257 257 257 257 257 273 272 273 273 273 273 272 271 270 271 272 272 272 272 272 273 273 272 270 270 270 269 268 267 266 267 267 267 267 267 267 267 267 267 267 267 267 267 267 267 267 266 266 266 266 266 266 266 266 266 266 266 266 266 266 266 265 265 265 265 265 265 265 265 265 265 265 265 265 265 264 265 264 264 264 264 264 264 265 264 264 265 265 264 264 264 264 264 264 264 264 264 263 264 264 264 264 264 264 264 264 263 263 264 263 263 263 263 263 263 263 262 262 262 262 262 262 262 262 262 262 262 262 262 262 262 262 262 262 262 262 262 262 262 261 262 262 261 261 261 261 261 261 262 261 261 262 262 261 261 261 261 261 261 261 261 260 261 261 261 260 261 260 261 261 261 260 260 259 259 259 259 260 259 259 259 258 258 259 259 258 258 258 258 258 258 258 258 258 258 258 258 258 258 259 258 259 259 259 259 259 259 259 259 259 259 259 259 259 258 259 259 258 258 257 257 257 257 257 258 258 257 257 257 257 256 256 256 256 256 256 255 255 255 255 255 255 255 255 255 255 256 256 257 257 257 257 256 256 257 257 257 258 258 257 257 257 258 258 257 258 258 259 259 259 258 257 257 258 258 258 257 257 258 258 257 257 257 257 257 257 257 257 257 257 257 273 273 274 274 273 272 273 272 270 270 271 272 271 271 270 272 273 272 271 272 272 270 269 267 266 266 267 267 267 268 268 268 268 267 267 267 267 267 267 267 267 266 266 266 266 266 266 266 266 266 266 266 266 266 266 266 266 265 265 265 265 265 265 265 265 265 265 265 265 265 265 265 265 265 264 264 264 265 265 265 265 265 265 264 264 264 264 264 264 264 264 264 264 263 264 264 264 264 264 264 264 264 264 264 264 264 264 264 263 263 263 263 263 263 262 262 263 263 263 263 262 262 262 262 262 262 262 262 262 262 262 262 262 262 262 262 262 261 261 261 261 262 261 261 262 261 261 261 261 261 261 261 261 261 261 261 260 261 261 261 261 261 261 261 261 260 260 260 260 260 260 260 260 260 260 259 258 258 259 258 258 258 258 258 258 258 258 258 258 258 258 258 258 259 259 259 259 259 259 259 259 259 259 259 259 259 259 258 258 259 259 259 259 259 258 257 258 258 258 258 257 257 256 256 256 256 256 256 257 256 255 255 255 255 255 255 255 255 255 255 255 257 257 257 257 258 258 257 257 257 258 258 258 258 258 258 258 257 257 257 258 258 258 258 259 258 258 258 258 258 258 258 257 257 257 258 257 257 257 257 257 257 257 257 257 274 274 274 273 272 271 272 272 271 270 271 271 271 270 270 272 273 273 273 272 271 270 269 268 267 267 267 267 268 268 268 268 268 268 268 267 267 267 267 267 267 267 267 267 266 266 266 266 266 266 266 266 266 266 266 266 266 266 266 266 266 265 265 265 265 265 266 266 266 265 265 265 265 265 265 264 265 265 265 265 265 265 264 264 265 265 264 264 264 264 264 265 264 263 264 264 264 264 264 264 264 264 264 263 263 263 263 263 263 263 263 263 263 263 263 263 263 263 263 263 263 262 262 262 262 262 262 262 262 262 262 262 262 262 261 261 261 261 261 261 262 262 262 261 262 262 262 262 261 261 261 261 261 262 261 261 260 260 261 261 261 261 260 260 260 260 260 260 260 260 260 260 260 259 259 259 258 258 258 258 258 258 258 258 258 258 258 258 258 258 258 258 258 259 259 259 259 259 259 259 259 259 259 259 258 258 258 258 258 258 258 259 259 259 258 258 258 258 258 258 257 256 256 256 255 256 255 256 256 256 256 255 255 255 255 255 255 255 256 255 255 257 257 258 257 257 258 258 257 257 257 258 258 258 258 258 259 258 257 257 257 258 258 259 259 259 259 259 259 258 258 258 258 257 257 258 258 258 257 257 257 257 257 257 257 274 273 272 272 272 271 271 271 271 271 270 270 270 270 271 272 272 273 272 271 270 269 268 268 267 267 267 268 268 268 268 268 268 268 268 268 268 268 268 267 267 267 267 267 267 266 267 266 266 266 266 266 266 266 266 266 266 266 266 266 265 265 265 265 266 266 266 266 266 266 266 266 265 265 265 265 265 265 265 265 265 265 265 265 265 265 264 264 264 264 265 264 264 264 264 264 264 264 264 264 264 264 264 264 264 263 263 263 263 263 263 263 263 263 263 263 263 263 263 263 263 263 262 262 262 262 262 262 262 262 262 262 262 262 261 261 261 261 261 261 262 262 262 262 262 262 262 262 261 261 261 261 262 261 261 261 261 261 261 261 261 260 260 260 260 260 260 260 260 260 260 260 259 259 259 259 258 258 258 258 258 258 258 259 258 258 258 258 258 258 258 259 259 259 259 259 259 259 259 259 259 258 258 258 259 258 258 259 259 259 259 259 259 258 258 258 258 258 258 258 257 256 256 256 255 255 255 256 255 255 255 255 255 255 255 255 255 255 255 256 257 257 257 258 258 258 258 258 258 257 257 258 258 258 258 259 258 258 257 258 258 258 259 258 258 259 259 258 258 258 258 258 258 257 257 257 257 257 257 256 257 257 257 257 274 273 273 274 273 272 272 272 272 271 270 270 270 270 270 270 271 272 271 270 269 269 268 268 267 267 268 268 268 268 268 268 268 268 268 268 268 268 268 268 267 267 267 267 267 267 267 267 267 267 266 266 266 266 266 266 266 266 266 266 265 265 266 265 266 266 266 266 266 266 266 266 266 266 265 265 265 265 265 265 265 265 265 265 265 265 265 264 264 264 265 264 264 264 264 264 264 264 264 264 264 264 264 264 264 263 263 263 263 263 262 262 263 263 263 263 263 263 263 263 263 263 263 262 262 262 262 262 262 262 262 262 262 262 262 262 262 262 262 262 262 262 262 262 262 262 262 262 262 261 261 261 261 261 261 261 261 261 261 261 261 261 261 261 260 260 260 260 260 260 260 260 259 259 259 259 258 258 258 258 259 258 258 259 259 258 258 258 258 258 258 259 259 259 258 259 259 258 259 258 258 258 258 258 259 259 259 259 259 259 259 259 258 258 258 258 257 258 258 258 257 256 256 256 256 255 255 255 255 255 255 255 255 255 255 255 255 255 256 256 257 257 258 258 258 258 259 258 258 258 257 258 258 258 258 258 258 258 258 258 259 259 259 258 258 258 258 257 257 257 257 257 257 257 258 258 257 257 257 256 256 257 257 275 275 275 273 272 271 271 271 271 271 271 270 269 269 270 270 271 271 270 269 268 268 268 267 268 268 268 268 268 268 268 268 268 268 268 268 268 268 268 267 267 267 267 267 267 267 267 267 267 267 266 266 266 266 266 266 266 266 266 266 266 266 266 266 266 266 266 266 266 266 266 266 266 266 266 266 265 265 265 265 265 265 265 265 265 265 264 264 264 264 264 264 264 264 264 264 264 264 264 264 264 264 264 264 264 263 263 263 263 262 262 263 263 263 263 263 263 263 263 263 263 263 263 263 262 262 262 262 262 262 262 262 262 262 262 262 262 262 261 262 262 262 262 262 262 262 262 262 261 261 261 261 261 261 261 261 261 261 261 261 261 260 260 260 260 260 260 260 260 260 260 259 259 259 259 259 259 258 258 258 258 258 259 259 258 258 258 258 258 259 259 259 258 258 258 258 258 258 258 258 258 258 259 259 259 259 259 259 259 258 258 258 258 257 258 257 257 257 257 256 256 256 256 255 255 255 255 255 255 255 255 255 255 255 255 255 255 255 255 257 257 257 257 258 258 259 259 259 258 258 258 258 258 258 258 258 258 258 259 259 259 259 258 258 258 257 257 257 257 256 256 256 257 257 258 257 257 256 256 256 257 257 274 274 274 275 273 272 272 272 273 273 272 271 271 270 269 269 270 271 272 271 269 269 268 268 268 268 268 268 268 268 268 268 268 268 268 268 268 268 268 268 267 267 267 267 267 267 267 267 267 267 267 267 267 267 266 266 266 266 266 266 266 266 266 266 266 266 266 266 266 266 266 266 266 266 266 266 265 265 265 265 265 265 265 265 265 265 265 265 264 264 264 264 264 264 264 264 264 264 264 264 264 264 264 264 264 264 264 264 264 263 262 262 263 263 263 263 263 263 263 263 263 263 263 263 263 262 262 262 262 262 262 262 262 262 262 262 262 262 262 261 262 262 262 262 262 262 262 262 262 262 261 261 261 261 261 261 261 261 261 261 261 261 260 260 260 260 260 260 260 260 260 260 260 259 259 259 259 259 258 258 258 258 259 259 259 258 258 258 258 258 259 259 258 258 258 258 258 258 258 258 258 258 258 259 259 259 259 259 258 258 257 257 257 257 257 257 256 256 256 256 256 256 256 256 256 256 256 256 255 255 255 255 255 255 255 256 256 256 256 255 256 256 257 257 257 258 258 258 258 259 258 258 258 258 258 258 258 259 258 259 259 259 258 258 258 258 258 258 258 258 257 257 256 256 257 257 256 256 256 256 256 257 257 274 274 273 273 272 273 274 274 275 274 273 272 271 270 269 269 269 269 270 270 269 269 268 268 268 268 268 268 269 269 268 268 268 268 268 268 268 268 268 268 267 267 267 267 267 267 267 267 267 267 267 267 267 267 267 266 266 266 266 266 266 266 266 266 266 266 266 266 266 266 266 266 266 266 266 266 266 266 266 265 265 265 265 265 265 265 265 265 264 264 264 264 264 264 264 264 264 264 264 264 264 264 264 264 264 264 264 264 264 263 263 262 263 263 263 263 263 263 263 263 263 263 263 263 263 263 262 262 262 262 262 262 262 262 262 262 262 261 261 262 262 262 262 262 262 261 262 262 262 262 262 262 261 261 261 261 261 261 261 261 261 261 260 260 260 260 260 260 260 260 260 260 260 260 259 259 259 259 259 258 258 258 258 258 259 258 258 258 258 258 259 258 258 258 258 258 258 258 258 258 258 258 258 258 258 259 259 259 258 258 257 257 257 257 257 257 256 256 256 256 256 256 256 256 256 256 256 255 255 255 256 256 256 255 256 256 256 256 256 256 257 256 256 256 257 257 257 257 258 258 258 259 258 258 258 258 258 259 259 259 259 259 259 258 258 258 258 258 258 258 257 256 256 256 257 257 256 256 257 257 257 257 257 257 257 256 275 275 274 273 273 274 274 273 273 273 273 272 271 271 270 270 270 269 268 268 268 269 268 268 268 268 269 269 269 269 269 269 269 268 268 268 268 268 268 268 267 267 267 267 267 267 267 267 267 267 267 267 267 267 267 267 266 266 266 266 266 266 266 266 266 266 266 266 266 266 266 266 266 266 266 266 266 266 266 265 265 265 265 265 265 265 265 265 265 264 264 265 265 265 264 264 264 264 264 264 264 264 264 264 264 264 263 264 264 263 263 263 263 263 263 263 263 263 263 263 263 263 263 263 263 263 263 263 262 262 262 262 262 262 262 262 262 262 262 262 262 262 262 262 262 262 262 262 262 262 262 262 261 261 261 261 261 261 261 261 261 261 261 261 261 261 260 260 260 260 260 260 260 260 260 259 259 259 259 259 258 258 258 258 259 258 258 258 258 258 259 259 259 259 258 258 258 258 258 258 258 258 258 258 258 259 258 258 258 257 257 257 257 257 257 256 256 256 256 256 256 256 256 256 256 256 256 256 255 255 255 256 256 256 256 256 256 256 256 257 257 256 257 257 258 257 258 258 259 258 259 259 259 258 258 258 258 259 259 259 259 259 259 258 259 259 259 259 258 258 257 257 256 256 256 256 256 256 256 257 257 257 257 256 256 256 256 275 275 274 274 274 275 274 274 273 272 272 271 271 270 270 270 270 270 269 269 268 268 268 269 269 269 269 269 269 269 269 269 269 269 269 268 268 268 268 268 268 267 267 267 267 267 267 267 267 267 267 267 267 267 267 266 266 266 266 266 266 266 266 266 266 266 266 266 266 266 266 266 266 266 266 266 266 266 265 265 265 265 265 265 265 265 265 265 264 265 265 265 265 264 264 264 264 264 264 264 264 264 264 264 264 264 264 264 263 263 263 263 263 263 263 263 263 263 263 263 263 263 263 263 263 263 263 263 262 262 262 262 262 262 262 262 262 262 262 262 262 262 262 262 262 262 262 262 262 262 262 262 261 261 261 261 262 262 262 261 261 261 260 261 261 261 261 260 260 260 260 260 260 259 259 259 259 259 259 259 258 258 258 258 259 258 258 259 258 259 259 259 258 258 258 258 258 258 258 258 258 258 258 258 258 258 258 257 257 257 257 257 257 257 257 257 257 256 256 256 256 256 256 256 256 256 256 256 255 255 255 255 256 256 256 256 256 257 257 257 257 257 258 258 258 257 258 258 258 259 259 259 259 258 259 259 259 259 258 258 258 258 258 258 259 259 259 259 258 257 257 256 256 257 257 256 255 255 256 255 256 257 256 256 256 256 255 255 275 275 275 275 276 275 274 273 272 272 272 271 271 272 271 270 269 269 269 269 269 269 269 269 269 269 269 269 269 269 269 269 269 269 269 269 268 268 268 268 268 268 268 267 267 267 267 267 267 267 267 267 267 267 267 266 266 266 266 266 266 266 266 266 266 266 266 266 266 266 266 266 266 266 266 266 266 265 265 265 265 265 265 265 265 265 265 265 265 265 265 265 265 265 264 264 264 264 264 264 264 264 264 264 264 264 264 263 263 263 263 263 263 263 263 263 263 263 263 263 263 263 263 263 263 263 263 263 262 262 262 262 262 262 262 262 262 262 262 262 262 262 262 262 262 261 261 262 262 262 261 261 261 261 261 262 262 262 261 261 261 261 261 261 261 261 261 261 260 260 260 260 260 259 259 259 259 259 259 258 258 258 258 259 259 258 258 258 259 258 258 258 258 258 258 259 259 259 259 259 258 258 258 258 258 257 257 257 257 257 257 257 257 257 257 257 257 257 256 256 256 256 256 256 256 256 256 256 256 256 256 255 256 256 256 256 257 257 258 258 258 258 259 258 258 258 258 258 258 258 258 259 258 258 259 260 259 259 258 258 258 258 258 258 259 258 258 258 257 257 257 257 257 257 256 256 255 255 255 255 255 256 256 255 255 255 255 255 276 276 276 276 276 275 274 273 273 272 272 272 272 272 271 270 269 269 268 269 269 269 269 269 269 269 269 269 269 269 269 269 269 269 269 269 269 268 268 268 268 267 267 267 267 267 267 267 267 267 267 267 267 267 266 266 266 267 266 266 266 266 266 266 266 266 266 266 266 266 266 266 266 266 266 266 266 266 265 265 265 265 265 265 265 265 265 265 265 265 265 265 265 265 264 264 264 264 264 264 264 264 264 264 264 264 263 263 263 263 263 263 263 263 263 263 263 263 263 263 263 263 263 263 263 263 263 263 262 262 262 262 262 262 262 262 262 262 262 262 262 262 262 262 262 262 262 262 262 261 261 261 261 261 261 262 261 261 261 261 261 260 261 261 261 261 260 260 259 260 260 260 259 259 259 259 259 259 259 259 258 258 258 258 258 258 258 258 258 259 259 259 259 259 259 259 259 259 259 258 258 258 258 258 257 257 257 257 257 257 257 257 257 257 257 257 257 257 257 256 256 256 256 256 256 256 256 257 257 257 256 255 256 256 256 256 257 257 257 258 258 259 259 259 259 258 258 258 259 259 259 259 259 260 260 260 259 259 258 258 258 258 259 258 257 257 257 258 257 256 257 258 258 258 257 256 256 255 255 254 255 256 255 255 255 255 255 255 276 275 275 274 273 273 273 273 272 271 271 271 271 270 270 269 269 269 269 269 269 269 269 269 269 269 269 269 269 269 269 269 269 269 269 268 268 268 268 268 268 268 268 268 268 267 267 267 267 267 267 267 266 266 266 267 266 266 266 266 266 266 266 266 266 266 266 266 266 266 266 266 266 266 266 266 266 266 266 266 265 265 265 265 265 265 265 265 265 265 265 265 264 264 264 264 264 264 264 264 264 264 264 264 263 263 263 263 263 263 263 263 263 263 263 263 263 263 263 263 263 263 263 263 263 263 263 262 262 262 262 262 262 262 262 262 262 262 262 262 262 262 262 262 262 262 262 262 261 261 261 261 261 261 261 261 261 261 261 260 261 261 260 260 260 260 260 260 260 260 259 259 259 259 259 259 259 259 259 258 258 258 258 258 258 259 259 259 259 259 259 259 259 259 259 259 259 259 258 258 257 257 257 257 257 257 257 257 257 257 257 257 257 257 257 257 257 256 256 256 256 256 256 256 256 256 256 256 256 256 255 255 255 256 256 257 257 258 258 258 258 258 258 259 258 259 259 259 259 259 260 259 259 259 258 258 258 258 258 258 259 258 258 257 257 257 257 257 256 257 258 257 257 257 257 256 256 255 254 255 255 255 255 255 255 255 255 255 275 274 274 274 274 273 272 271 270 270 271 270 269 269 269 269 269 269 269 269 269 269 269 269 269 269 269 269 269 269 269 269 268 268 268 268 268 268 268 268 267 267 267 267 267 267 267 266 267 267 267 267 267 267 266 266 266 266 266 266 266 266 266 266 266 266 266 266 266 266 266 266 266 266 266 265 266 266 265 265 265 265 265 265 265 266 265 265 265 265 264 264 264 264 264 264 264 264 264 264 264 264 264 264 264 263 263 263 263 263 263 263 263 263 263 263 263 263 263 263 263 263 263 263 262 262 262 262 262 262 262 262 262 262 262 262 262 263 262 262 262 262 262 262 262 262 261 261 261 261 261 261 261 261 261 261 260 260 260 260 260 260 260 260 259 260 260 260 259 259 259 259 259 259 258 258 258 258 258 258 259 259 259 259 259 259 259 259 259 259 259 259 258 258 258 258 258 257 257 257 257 257 257 257 257 257 257 257 257 257 257 257 257 257 256 256 256 256 256 256 256 256 256 256 257 256 256 256 255 255 255 255 257 258 258 258 258 258 257 258 258 259 259 258 258 258 259 259 259 259 259 258 258 258 258 258 258 258 258 257 257 257 257 257 256 257 257 257 256 256 256 256 256 256 256 255 255 255 255 255 255 255 255 255 255 255 255 275 275 274 273 272 271 271 270 269 270 269 269 269 269 269 270 269 269 269 269 269 269 269 269 269 269 269 269 269 269 268 268 268 268 268 268 268 268 268 267 267 267 267 267 267 267 267 267 267 267 267 267 266 266 266 266 266 266 266 266 266 266 266 266 266 266 266 266 266 266 266 266 266 266 266 266 266 265 265 265 265 265 265 266 265 265 265 265 265 264 264 264 264 264 264 264 264 264 264 264 264 264 263 263 263 263 263 263 264 264 263 263 263 263 263 263 263 263 263 263 263 263 263 263 263 262 262 262 262 262 262 262 263 263 262 263 263 262 262 262 262 262 262 261 261 261 261 261 261 261 261 261 261 261 261 260 260 260 260 260 260 260 260 260 260 260 259 259 259 259 259 258 258 258 258 258 258 258 258 258 259 259 259 259 259 259 258 258 258 258 258 257 257 257 257 257 257 257 258 258 257 257 257 257 257 257 257 257 257 257 257 257 256 256 256 256 256 257 257 257 257 256 256 257 257 256 256 256 256 256 257 257 257 257 257 257 257 258 258 258 258 258 258 258 259 259 260 260 260 259 259 258 258 258 258 257 257 257 257 256 256 256 257 257 258 257 256 256 256 256 255 255 255 255 255 255 255 255 255 255 255 255 255 255 255 255 276 275 275 274 273 272 271 271 270 269 269 269 269 270 270 270 270 270 270 270 270 270 270 270 269 269 269 269 269 269 269 269 269 269 269 269 269 268 268 268 268 268 268 268 268 268 268 268 267 267 268 268 267 267 267 267 267 267 267 267 267 267 267 267 267 267 267 267 267 267 267 267 267 267 267 267 267 266 266 266 265 266 266 266 266 265 265 265 265 265 264 264 264 264 264 265 265 265 265 265 264 264 264 264 264 264 264 264 264 264 264 264 264 263 263 263 263 263 263 263 263 263 263 263 263 263 263 262 262 262 262 262 263 263 263 262 263 263 263 263 263 262 261 261 261 261 261 261 261 261 261 261 261 261 261 260 260 260 260 260 260 260 260 260 260 260 259 259 259 258 258 258 258 258 258 258 258 258 258 258 258 258 258 258 258 258 258 258 258 257 257 257 257 257 257 257 257 257 257 257 257 257 257 257 257 257 257 257 256 256 256 256 256 256 256 256 256 256 256 256 256 256 257 256 256 256 256 256 256 256 256 256 257 256 256 256 256 257 257 256 256 257 257 256 257 258 258 258 257 257 257 257 257 257 256 257 257 257 256 256 256 255 255 256 256 256 256 255 254 254 254 254 254 254 254 254 253 253 253 254 253 253 253 253 253 254 274 274 273 273 272 272 271 270 270 269 269 269 270 270 270 270 270 270 270 270 270 270 270 270 270 269 269 269 269 269 269 269 269 269 269 269 268 268 268 268 268 268 268 268 268 268 268 268 268 268 268 268 267 267 267 267 267 267 267 267 267 267 267 267 267 267 267 267 267 267 267 267 267 267 267 267 266 266 266 265 265 266 266 265 265 265 265 265 265 265 264 264 264 264 264 265 265 265 265 265 264 264 264 264 264 264 264 264 264 264 264 264 264 264 263 263 263 263 263 263 263 263 263 263 263 262 262 262 262 263 262 262 262 262 262 263 263 262 262 262 262 262 262 261 261 261 261 261 261 261 261 261 261 261 260 260 260 260 260 260 260 260 260 260 260 260 259 259 258 258 258 258 259 259 259 259 259 258 258 258 258 258 258 258 259 258 258 258 257 257 257 257 257 257 257 257 257 257 257 257 257 257 257 257 257 257 256 256 256 256 256 256 256 256 256 256 256 256 256 256 256 257 257 257 257 257 257 256 257 257 256 257 256 257 257 256 256 256 257 257 257 257 257 257 258 258 257 257 257 257 257 258 257 257 257 257 257 257 257 256 256 256 255 255 255 255 255 255 254 254 255 255 254 254 254 253 253 253 254 253 254 253 253 253 253 254 274 274 273 273 272 271 271 270 270 269 269 270 270 270 270 270 270 270 270 270 270 270 270 270 269 270 270 269 269 269 269 269 269 269 269 268 268 268 268 268 268 268 268 268 268 268 268 268 268 268 268 268 268 268 267 267 267 268 267 267 267 267 267 267 267 267 267 267 267 267 267 267 267 267 267 266 266 266 265 266 266 266 266 266 266 265 265 265 265 265 264 264 264 264 265 265 265 265 265 264 264 264 264 264 264 264 264 264 264 264 264 264 264 264 264 263 263 263 263 263 263 263 263 263 263 263 262 262 263 262 262 262 262 262 262 263 262 262 262 262 262 262 262 262 261 261 261 261 261 261 261 261 261 261 261 260 260 260 260 260 260 260 260 260 260 259 259 258 258 259 259 259 259 259 259 258 258 258 258 258 258 258 258 258 258 258 257 257 257 258 258 258 258 257 257 257 257 257 257 257 257 257 257 257 257 256 256 257 256 256 256 256 256 256 256 256 256 256 256 256 256 257 257 257 258 258 257 257 257 257 257 257 257 256 256 256 257 257 256 257 256 257 257 258 258 258 257 257 257 257 258 258 257 257 257 258 257 257 256 256 256 256 256 255 255 255 256 255 255 255 255 254 254 254 253 253 253 254 253 253 253 253 253 253 253 274 273 273 272 272 271 270 270 270 270 269 270 270 270 270 270 270 270 270 270 270 270 270 270 270 269 269 269 269 269 269 269 269 269 269 268 268 268 268 268 268 268 268 268 268 268 267 267 267 267 267 268 268 268 268 267 268 268 268 267 267 267 267 267 267 267 267 267 267 267 267 267 267 267 267 266 266 266 265 265 265 266 266 266 266 265 265 265 265 265 265 264 264 265 265 265 265 265 265 264 264 264 264 264 264 264 264 264 264 264 264 264 264 264 264 264 263 263 263 263 263 263 263 263 263 263 263 262 263 263 263 262 262 262 262 262 263 262 263 262 262 262 261 262 262 262 261 261 261 261 261 261 261 261 261 261 261 260 260 260 260 260 260 260 259 259 259 258 258 259 259 259 259 259 259 259 258 258 258 258 258 258 258 258 258 258 258 258 258 258 258 258 258 258 258 257 257 257 257 257 257 257 257 257 257 257 256 257 256 256 256 256 256 256 256 256 256 256 256 256 257 257 258 257 257 257 257 257 258 258 257 258 257 257 257 257 257 257 257 256 257 257 258 258 258 258 258 258 258 258 258 257 257 257 258 257 257 256 256 256 256 256 256 255 256 256 257 256 256 255 255 254 254 254 253 253 253 254 253 253 253 253 253 253 272 272 272 271 270 270 270 270 270 270 270 270 270 270 270 270 270 270 270 270 270 270 270 270 269 269 269 269 269 269 269 269 269 269 268 268 268 268 268 268 268 268 268 267 267 267 267 267 268 268 268 268 268 268 268 268 268 268 268 267 267 267 267 267 267 268 267 267 267 267 267 267 267 266 266 266 266 265 265 266 266 266 266 266 266 266 266 265 265 265 265 265 265 265 265 265 265 265 264 264 264 264 264 264 264 264 264 264 264 264 264 264 264 264 264 263 263 263 263 263 263 263 263 263 263 263 263 263 263 263 263 263 262 262 262 263 263 263 262 262 262 261 262 262 262 261 261 261 261 261 261 261 261 261 261 260 260 260 260 260 260 260 260 259 259 258 258 259 259 259 259 259 259 259 258 258 258 258 258 258 258 258 258 258 258 258 258 258 258 258 258 258 258 257 257 257 257 257 257 257 257 257 257 257 257 257 257 257 256 256 256 257 256 256 256 256 256 256 257 257 258 257 257 257 257 257 258 258 259 258 258 258 257 257 257 257 257 257 257 258 258 258 258 258 258 258 258 258 258 258 257 258 258 258 257 257 256 256 257 256 256 255 256 256 256 256 256 256 255 254 254 254 254 254 253 253 254 253 253 253 253 272 271 271 271 270 270 270 270 270 270 270 270 270 270 270 270 270 270 270 270 270 270 270 270 270 270 269 269 269 269 269 269 269 269 269 268 268 268 268 268 268 268 268 268 268 268 268 267 267 267 268 269 268 268 268 268 268 268 268 268 268 267 267 267 267 267 267 267 267 267 267 267 267 267 266 267 266 266 265 265 265 265 266 266 266 266 266 266 266 265 265 265 264 264 264 265 264 264 265 264 264 264 264 264 264 264 264 264 264 264 264 264 264 264 264 264 264 263 263 263 263 263 263 263 263 263 263 263 263 263 263 263 263 262 262 263 263 263 262 262 262 262 262 262 262 262 262 261 261 261 261 261 261 261 261 261 261 260 260 260 260 260 260 260 260 259 259 259 259 259 259 259 259 259 259 259 258 259 258 258 258 258 258 258 258 258 258 258 258 258 258 258 258 257 257 257 257 257 257 257 257 257 257 257 257 256 257 257 257 256 256 256 257 256 256 256 256 256 257 257 258 257 257 258 258 258 258 259 258 259 259 259 259 258 257 258 258 258 258 258 258 259 258 257 258 258 258 258 258 258 258 258 258 258 257 257 257 256 256 257 256 256 256 256 256 257 256 256 255 254 254 254 254 254 254 254 253 253 253 254 254 254 271 271 270 271 271 271 270 270 270 270 270 270 270 270 270 270 270 270 270 270 270 270 270 270 270 269 269 269 269 269 269 269 269 269 269 268 268 268 268 268 268 268 268 268 268 268 267 267 268 268 269 268 268 267 268 268 268 267 267 267 267 267 267 267 267 267 267 267 267 267 267 267 267 266 267 266 266 266 266 266 266 266 266 266 266 265 265 265 265 265 264 264 265 265 265 264 264 264 264 264 264 264 264 264 264 264 264 264 264 264 264 264 264 264 264 263 263 263 263 263 263 263 263 263 263 263 263 263 263 263 263 263 263 263 263 263 262 262 262 262 262 262 261 262 262 261 261 261 261 261 261 261 261 261 261 261 260 260 260 260 261 260 260 259 259 259 259 259 259 259 259 259 259 259 259 259 259 259 258 258 258 258 258 258 258 258 258 258 258 258 257 257 257 257 257 257 257 257 257 257 257 257 257 257 257 257 257 257 256 256 257 257 256 256 257 257 257 258 258 257 257 257 257 257 258 259 259 259 259 258 258 259 258 259 259 259 259 258 258 259 258 257 258 258 257 257 257 258 258 258 258 258 257 257 256 257 257 257 257 256 256 256 257 256 255 255 255 254 254 254 254 254 254 254 254 253 253 253 253 254 272 272 271 270 270 270 270 270 270 270 271 271 271 270 270 270 270 270 270 270 270 270 270 270 270 270 269 269 269 269 269 269 269 269 269 268 268 268 268 268 268 268 268 268 268 268 268 267 267 268 268 268 267 267 268 268 268 268 268 268 267 267 267 267 267 267 267 267 267 267 267 267 267 266 266 266 266 266 266 266 266 266 266 266 266 265 265 265 266 266 265 265 265 265 265 265 264 264 264 264 264 264 264 264 264 264 264 264 264 264 264 264 264 264 264 264 264 263 263 263 263 263 263 263 263 263 263 263 263 263 263 263 263 263 263 263 263 262 262 262 262 262 262 261 262 262 261 261 261 261 261 261 261 261 261 261 260 260 260 260 260 260 259 259 259 259 259 259 259 259 259 259 259 259 259 259 259 258 258 258 258 258 258 258 258 258 258 258 258 258 258 258 257 257 257 257 257 257 257 257 257 257 257 257 257 257 257 257 257 256 257 257 257 257 257 257 257 258 258 258 257 257 257 256 257 258 258 259 259 259 258 258 258 259 258 258 259 258 258 258 258 257 258 258 257 257 257 258 258 258 258 257 257 257 256 257 257 257 257 256 257 257 256 256 256 256 255 255 254 254 254 254 254 254 254 253 253 253 253 254 271 270 270 270 270 270 271 271 271 271 271 271 270 270 270 270 270 270 270 270 270 270 270 270 270 270 269 269 269 269 269 269 269 269 269 269 268 268 268 268 268 268 268 268 268 268 268 267 267 267 267 267 268 268 268 268 268 268 267 267 267 267 267 267 267 267 267 267 267 267 267 267 266 266 266 266 266 266 266 266 266 266 266 266 266 266 266 266 266 265 265 265 265 265 264 264 264 264 265 264 264 264 264 264 264 264 264 264 264 264 264 264 264 264 264 264 264 263 263 263 263 263 263 263 263 263 263 263 263 263 263 263 263 263 263 262 262 262 262 262 262 262 261 262 261 261 261 261 261 261 261 261 261 260 260 260 260 260 259 259 259 259 259 259 259 259 259 259 259 259 259 259 259 259 259 259 258 258 258 258 258 258 258 258 258 258 258 258 258 258 257 257 257 257 257 257 257 257 257 257 257 257 257 257 257 257 257 257 257 257 257 257 257 257 257 257 258 257 256 257 257 257 257 257 258 259 259 258 258 258 259 259 259 258 258 258 258 257 258 257 258 258 257 257 258 257 257 258 258 258 257 257 257 257 257 258 258 257 257 258 257 257 256 255 254 254 254 254 254 254 255 254 254 254 253 253 253 271 271 270 270 271 271 271 271 271 271 271 271 271 270 270 270 270 270 270 270 270 270 270 270 270 270 270 269 269 269 269 269 269 269 269 269 269 268 269 268 268 268 268 268 268 268 268 268 268 267 267 268 268 268 268 268 268 268 267 267 267 267 267 267 267 267 267 266 266 267 267 267 267 266 266 266 266 266 266 266 266 266 266 265 265 265 266 266 266 265 265 265 265 265 265 264 264 264 265 265 264 264 264 264 264 264 264 264 264 264 264 264 264 264 264 264 264 263 263 263 263 263 263 263 263 263 263 263 263 263 263 263 263 262 262 262 262 262 262 262 262 262 261 261 261 261 261 261 261 261 261 261 261 260 261 260 260 260 260 260 260 259 259 259 259 259 259 259 259 260 260 259 259 259 259 259 258 258 258 258 258 258 258 258 258 258 258 258 258 258 257 257 257 257 258 257 257 257 257 257 257 257 257 257 257 257 257 257 257 257 257 257 257 257 257 257 257 257 257 257 258 258 258 258 259 259 259 259 258 258 258 258 259 258 258 258 258 257 258 257 257 257 257 257 257 257 257 258 257 257 258 257 258 258 258 258 258 258 258 258 258 257 256 255 255 255 255 254 254 254 254 254 254 253 253 253 253 271 271 271 271 271 271 271 271 271 271 271 271 271 271 270 270 270 270 270 270 270 270 270 270 270 270 270 270 269 269 269 269 269 269 269 269 269 269 269 268 268 268 268 268 268 268 268 268 268 268 268 267 268 268 268 268 268 268 268 268 268 267 267 267 267 266 266 266 266 267 267 267 267 266 266 266 266 266 266 266 266 266 265 265 265 265 266 266 266 266 266 265 265 264 264 264 264 264 265 265 264 264 264 264 264 264 264 264 264 264 264 264 264 264 264 264 264 264 263 263 263 263 263 263 263 263 263 263 263 263 263 263 263 262 262 262 262 262 262 262 262 262 261 261 261 261 261 261 261 261 261 261 261 261 261 261 261 261 261 260 260 260 259 259 259 259 259 259 259 259 260 259 259 259 259 259 259 258 258 258 258 258 258 258 258 258 258 258 258 258 257 257 257 258 258 257 257 257 257 257 257 257 257 257 257 257 257 257 257 257 257 257 257 257 257 257 256 256 257 257 257 257 257 258 259 258 258 258 258 258 258 258 258 258 258 258 258 258 257 257 257 257 258 258 258 257 257 257 257 258 258 258 258 257 258 258 257 257 257 257 257 256 256 256 256 255 255 254 254 254 254 254 254 253 253 253 271 271 271 270 270 271 270 270 270 271 271 271 271 271 271 271 271 270 270 270 270 270 270 270 270 270 270 270 270 270 270 269 269 269 269 269 269 269 269 269 269 269 269 269 269 268 268 268 268 268 268 268 268 267 267 267 267 268 268 268 268 268 268 268 267 267 267 267 267 266 266 267 267 267 267 266 266 266 266 266 266 265 265 265 265 265 265 266 266 266 266 266 265 265 264 265 265 265 264 264 264 265 265 265 265 264 264 264 264 264 264 264 264 264 264 264 264 264 264 264 264 264 263 263 263 263 263 263 263 263 263 263 263 263 263 262 262 262 262 262 262 262 262 262 262 261 261 261 261 261 261 261 261 261 261 261 261 261 261 261 261 261 260 260 259 259 259 259 259 259 259 259 259 259 259 259 259 259 259 259 258 259 259 258 258 259 258 258 258 258 258 258 258 258 257 258 257 258 257 257 257 257 257 257 257 257 257 257 257 257 257 257 257 257 257 257 257 257 257 256 257 256 256 256 257 258 258 258 257 257 258 258 258 257 257 257 258 258 257 258 258 258 258 257 257 258 258 258 257 257 258 258 258 258 257 257 257 257 257 257 257 257 257 256 256 256 256 255 254 254 254 254 254 254 254 254 254 254 272 271 271 271 271 270 270 270 270 271 271 271 271 271 271 271 271 271 270 270 270 270 270 270 270 270 270 270 270 270 270 270 269 269 269 269 269 269 269 269 269 269 269 269 268 269 268 268 268 268 268 268 268 268 267 267 267 268 268 268 268 268 268 267 267 267 268 267 267 266 266 266 267 267 266 266 266 266 266 266 266 265 265 265 265 265 266 266 266 265 265 265 265 265 265 265 265 265 264 264 264 265 264 264 264 264 264 264 264 264 264 264 264 264 264 264 264 264 264 264 264 263 263 263 263 263 263 263 263 263 263 263 263 262 262 262 262 262 262 262 262 262 262 262 261 261 261 262 262 261 261 261 261 261 261 261 261 260 261 261 261 260 260 259 259 259 259 259 260 260 260 259 259 259 259 259 259 259 259 259 259 259 259 259 259 259 259 258 258 258 258 258 258 258 258 258 258 257 257 257 257 257 257 257 257 257 257 257 257 257 257 257 257 257 256 256 257 256 257 257 256 256 256 257 258 258 257 257 257 257 257 257 257 257 258 258 258 258 258 258 258 258 258 257 257 258 258 258 257 257 258 258 258 258 257 257 257 256 256 256 256 256 256 256 256 256 255 254 254 254 254 255 255 254 272 272 272 271 271 271 270 270 270 271 271 271 271 271 271 271 271 271 271 270 270 270 270 270 270 270 270 270 270 270 270 270 269 269 269 269 269 269 269 269 269 269 269 269 269 268 268 268 268 268 268 268 268 268 267 268 268 268 268 268 268 268 267 267 267 267 267 267 267 266 266 266 267 266 266 266 266 266 266 266 266 265 265 265 265 265 266 266 265 266 266 266 266 266 265 265 265 265 265 265 264 264 264 264 264 265 265 265 264 264 264 264 264 264 264 264 264 264 264 264 263 263 263 263 263 263 263 263 263 263 263 263 263 263 262 262 262 262 262 262 262 262 262 262 262 262 262 261 261 261 261 261 261 261 261 261 260 261 261 261 260 260 260 259 259 259 260 260 260 259 259 259 259 259 259 259 259 259 259 259 259 259 259 259 259 259 258 258 258 258 258 258 258 258 258 258 258 257 257 257 257 257 257 257 257 257 257 257 257 256 256 256 256 256 256 256 256 256 256 256 256 256 256 258 257 256 256 256 257 257 258 258 257 258 258 259 258 258 258 258 258 258 258 257 257 258 258 258 258 258 258 258 257 257 258 257 257 257 257 256 256 256 255 255 256 255 254 254 255 254 255 272 271 271 271 270 270 270 271 271 271 271 271 271 271 271 271 270 270 270 270 270 270 270 270 270 270 270 270 270 270 270 269 269 269 269 269 269 269 269 269 269 269 269 268 268 268 268 268 268 268 268 268 268 268 268 267 267 267 268 268 268 267 268 267 267 267 267 267 267 266 267 266 266 266 266 266 266 266 266 266 265 265 266 266 266 266 266 266 266 267 266 266 266 266 265 265 265 265 265 265 265 264 264 265 265 265 265 264 264 264 264 264 264 264 264 264 264 264 264 263 263 263 263 263 263 263 263 263 263 263 263 263 263 262 262 262 262 262 262 262 262 262 262 262 262 261 261 261 261 261 261 261 261 261 260 261 261 261 260 260 260 259 259 259 260 260 260 259 259 259 259 259 259 259 259 259 259 259 259 259 259 259 258 259 259 258 258 259 259 259 258 258 257 257 257 257 257 257 257 257 257 257 257 257 257 257 257 256 256 256 256 256 256 256 256 256 256 256 256 256 256 257 257 256 257 257 257 258 258 259 258 257 258 259 259 258 259 258 258 258 258 258 257 257 258 258 258 258 259 258 258 258 258 258 257 257 257 257 257 257 256 255 255 255 255 255 255 255 273 272 272 271 271 271 271 270 271 271 271 271 271 271 271 271 271 271 270 270 270 270 270 270 270 270 270 270 270 270 269 269 269 269 269 269 269 269 269 269 269 269 269 269 268 268 268 268 268 268 268 268 268 268 268 268 267 267 268 268 267 267 267 267 267 267 267 267 267 267 267 266 266 266 266 266 266 266 266 266 266 266 266 266 266 266 266 266 266 267 266 266 266 265 265 265 265 265 265 264 264 264 264 264 264 264 264 264 264 264 264 264 264 264 264 264 264 264 264 264 264 264 264 263 263 263 263 263 263 263 263 263 263 263 263 262 262 262 262 262 262 262 262 262 261 262 261 261 261 261 261 261 261 261 261 261 261 261 261 261 260 260 260 260 260 260 260 259 259 259 259 259 259 259 259 259 259 259 259 259 259 259 259 259 259 259 259 259 259 259 258 258 257 257 257 257 257 257 257 257 257 257 257 258 257 257 256 256 256 257 257 256 257 257 256 257 257 257 256 256 256 257 256 257 258 258 257 258 258 258 259 258 258 259 259 258 259 258 258 258 259 258 257 257 258 258 259 258 258 257 258 258 257 257 256 256 256 256 256 256 255 255 255 256 256 273 272 272 272 272 272 271 271 271 271 271 271 271 271 271 271 271 271 271 271 271 270 270 270 270 270 270 270 270 270 270 270 270 269 269 269 269 269 269 269 269 269 269 269 269 268 269 268 269 268 268 268 268 268 268 268 268 268 268 268 268 267 268 267 267 267 267 267 267 267 267 266 266 266 266 266 266 266 266 266 266 266 266 266 266 267 267 266 267 266 266 266 265 265 265 265 265 265 265 265 265 264 264 264 264 264 264 264 264 264 264 264 264 264 264 264 264 264 264 264 264 264 264 263 263 263 263 263 263 263 263 263 263 263 263 263 263 262 262 262 262 262 262 262 262 262 262 261 261 261 261 261 261 261 261 261 261 261 261 261 260 260 260 260 260 260 260 260 260 260 259 259 259 259 259 259 259 259 259 259 259 259 259 259 259 259 259 259 259 259 258 258 258 258 257 257 257 258 257 258 258 258 258 258 257 257 257 257 257 257 257 257 257 257 256 257 257 257 256 256 256 256 257 258 258 258 258 257 257 258 259 259 259 259 259 258 259 259 258 258 259 259 257 258 257 258 258 257 257 257 257 256 256 255 255 255 255 255 255 255 255 256 273 272 271 271 271 271 271 271 271 271 271 271 271 271 271 271 271 271 271 271 271 271 270 270 270 270 270 270 270 270 270 270 270 270 270 270 269 269 269 269 269 269 269 269 269 269 269 269 268 268 268 268 268 269 268 268 268 268 268 268 268 268 267 267 267 267 267 267 267 267 267 266 266 266 266 266 266 266 266 266 266 266 266 266 266 266 267 267 267 266 266 265 265 265 266 266 266 265 266 266 265 265 264 264 264 264 264 264 264 264 264 264 264 264 264 264 264 264 264 264 264 264 264 263 263 263 263 263 263 263 263 263 263 263 263 263 263 263 262 262 262 262 262 262 261 262 262 262 261 261 261 261 261 261 261 261 261 261 261 261 261 260 260 260 260 260 260 260 260 260 260 260 259 259 259 259 259 259 259 259 259 259 259 259 259 259 259 259 258 258 258 258 258 257 258 258 257 258 258 258 258 258 257 257 257 257 257 257 258 257 258 258 257 257 257 257 257 257 256 257 256 257 257 257 257 257 257 258 258 258 258 259 259 259 259 258 258 258 259 259 259 258 257 257 257 258 257 257 256 257 257 256 256 256 255 256 255 255 255 256 256 272 272 271 271 271 271 271 271 271 271 271 271 271 271 271 271 271 271 271 271 271 271 271 271 270 270 270 270 270 270 270 270 270 270 270 270 269 269 269 269 269 269 269 269 269 269 269 269 268 268 269 269 269 269 269 268 268 268 268 268 268 268 268 268 268 268 268 268 268 268 267 267 267 267 266 266 266 266 266 266 266 266 266 265 265 266 266 267 267 266 266 266 266 266 266 267 265 265 266 265 265 264 264 264 264 264 264 264 264 264 264 264 264 264 264 264 264 264 264 264 264 264 263 263 263 263 263 263 263 263 263 263 263 263 263 263 263 263 262 262 262 262 262 262 262 262 262 262 261 261 261 261 261 261 261 262 262 261 261 261 261 260 261 260 260 260 259 259 260 260 260 260 259 259 259 259 259 259 259 259 259 259 259 259 259 259 259 259 258 258 258 258 258 258 258 258 258 258 258 258 257 257 257 257 257 257 258 258 258 258 258 258 258 257 258 257 258 257 257 257 257 257 257 257 258 258 257 258 258 258 259 259 259 259 259 258 258 258 258 259 257 257 257 257 257 257 257 256 256 256 256 255 256 256 256 255 255 256 256 272 272 272 272 272 272 271 271 271 271 272 271 271 271 271 271 271 271 271 271 271 271 271 271 271 270 270 270 270 270 270 270 270 270 270 270 270 269 269 269 269 269 269 269 269 269 269 269 268 269 269 269 269 269 269 268 268 268 268 268 268 268 268 268 268 268 268 268 268 268 267 267 267 267 267 267 266 266 266 266 266 266 266 266 266 267 266 267 267 267 266 266 265 266 266 266 265 266 266 265 265 265 264 264 264 264 264 264 264 264 264 264 264 264 264 264 264 264 264 264 264 264 264 264 264 264 263 263 263 263 263 263 263 263 263 263 263 263 262 262 262 262 262 262 262 262 262 262 262 261 261 261 260 261 261 261 261 261 261 261 261 261 261 260 260 260 260 259 260 260 259 259 259 259 259 259 259 259 259 259 259 259 259 259 259 259 259 259 258 258 258 258 258 258 258 258 258 258 257 257 257 257 257 257 258 258 258 259 259 258 259 258 258 258 258 258 258 257 257 257 257 258 258 257 257 257 258 258 259 259 259 258 258 257 257 257 257 257 256 256 256 256 256 256 256 256 256 256 256 256 256 273 273 273 272 272 272 272 271 272 272 272 272 271 271 271 271 271 271 271 271 271 271 271 271 271 270 270 270 270 270 270 270 270 270 270 270 270 270 269 269 269 269 269 269 269 269 269 269 269 269 269 269 269 269 269 268 268 268 268 268 268 268 268 268 268 268 268 268 268 268 268 267 267 267 267 267 267 266 266 266 266 266 266 266 266 267 267 268 268 267 266 266 266 266 266 266 265 265 266 266 266 265 264 265 264 265 265 264 264 264 264 264 264 264 264 264 264 264 264 264 264 264 264 264 264 264 264 263 263 263 263 263 263 263 263 263 263 263 262 262 262 262 262 262 262 262 262 262 262 262 261 261 260 260 261 261 261 261 261 261 261 261 261 261 260 260 259 259 259 259 259 259 259 259 260 260 260 259 259 259 259 259 259 259 259 259 259 259 258 258 258 258 258 258 258 258 258 257 257 257 257 257 258 257 257 258 258 258 258 259 259 258 257 257 257 257 257 257 257 257 258 258 257 257 257 258 258 259 257 257 257 257 257 257 257 257 256 256 256 273 273 273 272 273 272 271 271 271 271 271 271 271 271 271 271 271 270 270 270 270 270 270 270 270 270 270 270 270 270 270 270 269 269 269 269 269 269 269 269 269 269 269 269 269 269 269 268 269 268 268 268 268 268 268 268 268 268 268 268 268 268 268 267 267 267 267 267 267 266 266 266 266 266 266 266 266 267 267 268 268 268 267 267 267 266 267 266 265 266 266 267 266 265 265 265 265 265 264 264 264 264 264 264 264 264 264 264 264 264 264 264 264 264 264 264 264 264 263 263 263 263 263 263 263 263 263 263 263 263 262 262 262 262 262 262 262 262 262 262 262 262 261 261 261 260 260 261 261 261 261 261 261 261 261 261 261 260 260 260 259 259 259 259 260 260 260 260 260 260 259 259 259 259 259 259 259 259 259 259 258 258 258 258 258 258 257 257 257 257 258 258 257 258 258 258 259 258 258 258 258 257 258 257 257 257 257 258 258 257 258 258 257 257 257 257 272 271 271 271 271 271 271 271 271 271 271 271 270 270 270 270 270 270 270 270 270 270 270 270 270 270 270 269 269 269 269 269 269 269 269 269 269 269 269 269 269 269 268 268 268 268 268 268 268 268 268 268 268 268 268 268 268 267 267 267 267 267 267 266 266 266 266 266 267 267 267 267 267 268 269 268 268 268 268 268 267 266 266 267 267 267 267 266 265 265 265 265 264 264 264 264 264 264 264 264 264 264 264 264 264 264 264 264 264 264 263 263 263 263 263 263 263 263 263 263 263 263 263 263 262 262 262 262 263 262 262 262 262 262 262 262 262 262 261 260 260 261 261 261 261 261 261 261 261 261 261 260 259 259 259 259 259 260 260 260 260 260 260 260 259 259 259 259 259 259 259 259 259 259 259 258 258 257 257 257 257 257 258 258 259 257 258 258 258 258 258 258 258 257 258 258 257 257 257 258 272 272 272 271 271 271 271 271 272 271 271 271 270 270 270 270 270 270 270 270 270 270 270 270 270 269 269 269 269 269 269 269 269 269 269 269 269 269 269 269 268 268 268 268 268 268 268 268 268 268 268 268 268 268 268 267 267 267 267 267 266 266 266 266 266 266 266 267 267 268 267 267 268 268 268 267 268 268 268 268 267 267 267 266 267 266 265 265 265 265 265 264 264 264 264 264 264 264 264 264 264 264 264 264 264 264 264 264 263 263 263 263 263 263 263 263 263 263 263 263 263 263 262 263 262 262 263 262 262 262 262 262 262 262 262 262 261 261 260 260 261 261 261 261 261 261 261 260 260 260 260 260 259 259 259 260 260 260 260 260 260 260 259 259 259 259 259 259 259 259 259 259 259 258 258 258 257 258 258 258 258 258 258 272 271 271 271 271 271 271 272 271 270 270 270 270 270 270 270 270 270 270 270 270 269 269 269 269 269 269 269 268 269 269 269 269 269 269 269 269 269 269 269 269 269 268 268 268 268 268 268 268 268 268 267 267 267 267 266 266 266 266 266 266 266 267 267 267 266 266 267 268 269 268 267 266 267 267 268 268 268 267 266 266 266 266 265 265 265 265 264 264 264 264 264 264 264 264 264 264 264 264 264 264 264 264 264 264 264 263 263 263 263 263 263 263 263 263 263 263 263 263 263 262 262 262 262 262 262 262 262 262 262 262 262 262 262 261 260 260 260 261 261 261 261 261 260 260 260 260 260 259 259 259 259 260 260 260 260 260 260 260 259 259 259 259 259 259 259 259 259 258 273 272 272 271 271 271 271 272 271 271 270 270 269 269 270 270 270 270 270 270 270 270 269 269 270 269 269 269 269 269 269 269 269 269 269 269 269 269 269 269 269 269 269 269 268 268 268 268 268 268 267 267 266 267 266 266 266 266 266 266 267 266 266 267 268 268 267 267 268 269 268 267 267 266 266 267 267 268 267 267 266 266 266 265 265 266 265 265 265 265 265 264 264 264 264 264 264 264 264 264 264 264 264 264 264 264 264 263 263 263 263 263 263 263 263 263 263 263 263 263 263 262 262 262 262 262 261 262 262 262 262 262 262 262 261 261 260 261 261 261 261 262 261 261 261 261 261 260 260 259 259 259 260 260 260 260 260 260 260 259 259 260 260 259 259 259 259 271 272 272 272 272 271 271 271 270 270 270 270 270 270 270 270 270 270 270 270 270 270 270 270 270 269 269 269 269 269 269 269 269 269 269 269 269 269 269 269 269 268 268 268 268 268 268 267 267 266 267 267 267 267 267 267 267 267 267 266 267 268 268 268 268 269 269 269 268 268 267 266 266 267 267 268 267 266 266 266 266 265 265 265 265 265 265 265 265 264 264 264 264 264 264 264 264 264 264 264 264 264 264 264 264 263 263 263 263 264 263 263 263 263 263 263 263 263 263 263 263 262 262 262 262 262 262 262 262 261 261 261 261 261 261 261 261 261 261 260 260 260 260 260 259 259 259 260 260 260 260 260 260 260 259 259 259 259 259 259 259 272 272 272 271 271 271 270 270 269 269 269 269 269 269 269 269 270 270 270 270 270 269 269 269 269 269 269 269 269 269 269 269 269 269 269 269 269 269 268 268 268 268 268 268 268 268 268 268 268 268 269 268 267 268 268 268 267 268 269 269 269 269 269 268 268 268 268 267 266 267 267 267 267 266 266 266 266 265 265 265 265 264 265 264 264 264 264 264 264 264 264 264 264 264 264 264 264 264 264 264 264 264 264 264 264 263 263 263 263 263 263 263 263 263 263 263 263 263 263 263 262 261 261 261 261 261 261 261 261 261 260 260 260 260 260 260 259 259 260 260 260 260 260 260 260 260 259 259 259 259 259 273 273 272 272 271 271 270 269 269 269 270 270 269 269 269 270 270 270 270 269 269 269 269 269 269 269 269 269 269 269 269 269 269 269 269 269 269 268 268 268 268 268 269 269 269 269 270 269 269 270 269 268 269 269 269 269 269 269 269 268 269 269 268 267 267 267 267 267 267 267 267 266 266 266 265 265 265 265 265 265 265 265 264 264 264 264 264 264 264 264 264 264 264 264 264 264 264 264 264 264 264 264 264 264 263 263 263 263 263 263 263 263 263 263 263 264 263 262 262 261 261 261 261 262 261 261 261 261 261 260 260 260 260 260 259 260 260 260 260 260 260 260 260 260 260 260 274 273 273 272 271 271 270 269 270 271 270 269 269 270 271 270 270 269 269 269 269 269 269 270 269 270 269 269 269 269 269 269 269 269 269 269 268 268 268 268 268 269 269 269 270 270 270 271 271 270 269 270 270 269 269 268 268 268 268 269 269 268 268 268 267 267 267 267 267 266 266 266 266 265 265 265 265 265 265 265 265 265 264 264 264 264 264 264 264 264 264 264 264 264 264 264 264 264 264 264 264 264 264 263 263 263 263 264 264 263 263 263 263 263 263 263 262 261 261 261 261 262 260 260 260 260 259 260 260 260 260 260 260 260 273 272 272 272 272 271 271 271 270 270 270 271 271 270 270 269 270 270 269 269 270 270 270 270 270 270 270 269 269 269 269 269 269 268 268 268 269 269 268 269 269 268 268 269 270 270 271 271 270 271 271 270 269 269 268 268 268 268 268 268 268 268 268 267 267 267 267 267 267 266 266 266 266 266 266 266 266 266 266 265 265 265 264 264 264 264 264 264 263 263 264 263 264 264 264 264 264 265 264 264 264 263 264 263 263 263 263 264 264 264 264 263 262 260 260 260 260 260 260 272 273 273 273 272 271 271 271 271 271 271 270 270 270 270 270 270 269 269 270 270 270 270 270 270 270 270 269 269 269 269 269 268 268 268 269 269 269 270 270 269 269 270 270 271 271 271 271 271 271 271 270 270 269 268 268 268 268 268 268 268 267 267 267 267 267 267 267 267 267 268 267 266 266 267 267 267 266 266 265 265 264 264 264 264 264 264 263 263 263 263 264 264 264 264 264 264 264 264 264 263 264 264 264 263 263 264 265 260 260 273 274 274 274 273 272 271 271 271 271 270 270 270 270 270 270 270 270 270 270 270 270 270 270 270 270 270 269 269 269 269 269 268 269 268 268 268 269 270 270 270 269 269 270 271 271 270 270 270 270 270 269 269 269 269 269 268 268 268 268 268 267 268 267 267 268 267 268 268 267 268 267 267 267 268 268 267 266 266 266 265 265 265 265 265 264 264 264 264 263 263 263 264 264 264 264 264 264 264 264 263 264 264 264 264 275 275 274 273 272 271 271 271 270 270 270 270 270 270 270 270 270 270 270 270 270 270 270 270 270 269 269 269 269 269 269 269 269 270 269 269 270 270 270 270 270 271 272 272 271 270 269 269 269 269 269 269 269 269 269 268 268 268 268 268 268 268 268 267 267 267 267 268 269 269 269 268 269 269 268 268 267 267 266 265 265 265 265 265 265 264 264 264 263 264 264 264 264 264 264 264 264 264 263 264 264 275 274 273 272 271 270 270 270 270 270 270 270 270 270 270 270 270 270 270 270 270 270 270 269 269 269 269 269 269 269 270 270 270 270 270 271 271 271 272 272 272 272 271 271 270 269 269 269 269 268 268 268 268 268 268 268 268 268 268 268 268 268 268 269 268 268 268 269 270 270 270 270 270 268 267 267 267 266 265 265 266 265 265 265 264 264 263 263 264 264 264 264 264 264 264 264 264 264 264 274 273 272 271 271 270 270 271 270 270 270 270 270 270 270 270 270 270 270 270 270 270 269 269 269 269 269 268 269 270 270 269 270 270 271 271 271 270 270 271 272 272 272 271 271 270 270 270 269 269 269 269 268 269 269 268 268 268 268 268 268 268 268 269 270 269 269 269 271 269 268 266 266 266 265 265 265 266 265 265 265 264 263 263 264 264 264 264 264 264 264 264 265 273 272 271 271 270 270 270 270 270 270 270 270 270 270 270 270 270 270 270 270 270 269 269 269 269 269 269 269 269 268 269 269 270 271 271 271 271 269 269 270 271 272 272 272 273 272 272 271 271 271 270 270 270 269 268 269 268 268 268 268 269 270 269 269 271 271 270 271 265 265 265 265 265 265 265 265 264 264 263 263 264 264 264 264 264 264 264 264 271 271 271 271 270 270 270 270 270 270 270 270 270 270 270 270 270 270 270 270 270 269 269 270 270 269 269 270 269 269 269 269 270 270 270 270 269 269 269 269 270 270 270 270 271 270 270 271 271 271 271 271 270 269 269 269 269 269 269 270 270 271 271 272 266 265 265 265 265 265 265 265 264 264 263 263 263 263 264 264 264 264 264 264 271 271 271 271 270 270 270 270 271 271 270 270 270 270 270 269 269 269 269 269 270 270 270 270 270 271 270 270 270 270 270 269 269 269 269 270 269 269 269 269 269 269 268 269 269 269 269 269 269 269 270 271 270 269 270 270 270 270 270 270 270 271 272 265 265 265 265 265 265 265 265 264 263 263 262 263 263 263 264 264 263 263 271 270 270 270 270 270 270 270 270 270 270 270 270 270 270 270 270 269 269 270 269 270 270 271 272 271 270 270 270 270 270 270 269 269 269 269 269 269 269 269 268 269 268 269 269 269 269 269 270 270 270 270 270 270 270 271 270 271 271 272 272 265 265 265 265 265 264 264 264 263 263 263 263 263 263 263 263 263 270 270 270 270 271 270 270 270 270 270 270 271 271 270 270 270 270 270 269 269 270 269 270 270 270 271 271 272 271 271 271 270 270 269 270 270 270 269 269 269 269 269 269 269 270 270 270 270 270 270 271 270 271 272 271 272 272 272 272 265 265 266 265 265 264 265 264 264 264 263 262 262 262 263 262 271 271 271 272 271 271 271 271 271 270 271 272 271 271 271 271 271 270 270 270 270 270 270 270 271 272 272 272 271 271 270 270 270 270 270 270 270 270 270 270 270 270 269 270 271 271 271 272 271 272 272 272 273 272 273 273 273 265 265 265 265 265 265 265 265 265 264 264 263 262 262 263 272 272 272 272 272 272 272 272 272 272 273 272 272 272 272 273 272 272 272 271 271 271 271 271 272 273 272 271 271 271 271 271 270 269 269 269 270 270 270 271 271 271 271 272 273 272 274 273 273 273 273 274 274 265 265 265 264 264 264 264 264 263 263 263 262 262 272 272 272 273 273 273 273 273 273 273 273 273 273 273 273 273 273 273 273 273 273 273 272 272 272 272 272 272 272 271 271 272 271 270 270 269 269 270 271 272 272 273 273 274 273 274 274 264 264 264 264 264 264 264 264 263 263 263 274 273 274 273 274 274 274 273 273 273 273 273 274 274 273 273 273 273 273 273 273 272 272 272 273 273 273 272 271 271 272 273 271 270 270 269 270 270 271 271 272 274 275 274 264 264 265 264 265 264 264 264 263 263 263 275 274 275 275 275 274 274 273 273 273 273 274 274 274 273 273 273 273 273 273 273 273 273 272 273 273 273 273 272 271 272 273 272 271 270 270 270 271 271 271 272 273 265 265 265 264 265 265 264 264 264 264 263 262 275 276 276 276 275 275 274 273 273 273 274 274 274 273 273 273 273 273 273 273 273 273 273 273 273 273 274 273 272 272 272 272 272 272 272 272 272 272 272 273 273 265 265 264 264 264 265 265 264 264 264 264 263 277 277 276 275 274 274 274 274 274 273 274 274 274 273 273 273 273 273 273 273 273 273 273 273 274 274 274 274 273 273 272 273 274 274 274 275 274 274 273 274 264 264 264 264 264 264 265 265 277 277 276 274 273 273 274 274 274 274 273 274 274 274 274 273 273 273 273 274 274 274 274 274 275 275 275 275 274 274 273 274 275 264 264 264 264 278 278 278 276 275 274 273 273 274 274 274 274 274 274 274 274 273 273 274 274 274 274 274 274 275 276 276 276 276 275 275 275 275 279 278 277 276 275 274 274 274 274 274 274 274 274 274 274 274 274 274 274 274 275 275 276 276 275 276 277 278 277 276 275 274 274 274 274 274 274 275 274 274 274 274 274 275 274 274 275 275 276 276 276 276 276 277 275 275 274 274 274 274 275 275 275 274 274 274 274 274 275 275 275 275 275 276 276 277 277 276 277 274 273 274 274 275 275 275 274 274 274 274 275 274 274 275 275 276 276 277 277 278 273 274 275 275 274 274 274 274 275 275 274 275 275 275 275 275 276 276 277 278 274 274 275 275 275 274 274 274 274 275 275 275 275 276 276 276 277 277 277 278 275 275 275 275 274 274 274 275 275 275 276 276 276 277 276 277 278 278 278 277 276 276 275 275 274 274 275 275 276 276 277 277 277 277 277 278 278 277 277 277 276 276 275 275 275 274 274 275 276 276 277 277 278 277 277 278 276 276 276 276 276 276 275 275 275 275 276 276 276 277 276 277 278 277 276 276 277 276 276 276 276 276 276 275 275 276 276 276 277 278 277 276 276 277 277 277 276 277 278 277 277 276 276 276 277 278 278 277 276 276 276 276 276 277 277 278 277 276 276 277 278 278 278 278 277 276 276 276 277 276 277 278 278 277 276 277 277 277 277 278 278 277 276 277 277 278 278 279 278 277 277 277 278 277 277 278 279 278 277 277 277 278 278 278 278 278 278 277 277 278 279 279 279 279 278 277 277 276 277 277 277 277 278 278 278 277 277 278 279 279 279 278 277 277 277 277 277 277 278 277 278 279 278 278 279 279 279 279 279 279 278 278 278 277 278 279 279 278 278 279 279 278 278 279 279 279 279 279 279 280 280 279 279 279 278 278 279 279 279 278 279 280 279 279 279 279 279 280 280 280 279 280 280 280 280 279 279 279 279 279 279 279 279 279 279 279 279 279 279 279 280 279 279 280 280 279 279 279 279 279 279 279 280 280 280 279 279 279 279 279 279 279 280 279 279 279 279 279 279 279 279 279 279 279 279 280 279 279 279 279 279 279 280 280 279 280 280 280 280 279 279 279 278 278 278 279 279 279 279 280 281 280 280 280 280 280 279 279 279 279 279 279 279 279 279 279 280 280 279 280 280 279 279 279 279 279 279 279 280 279 279 279 279 280 280 280 