247 248 247 247 247 248 248 248 248 248 248 248 248 248 248 248 248 248 248 248 248 248 248 248 248 248 248 248 248 248 248 248 248 248 248 248 248 248 248 248 248 248 248 248 248 248 248 248 248 248 248 248 248 248 248 248 248 248 248 248 248 248 248 248 248 248 248 248 248 248 248 248 248 248 248 248 248 248 248 248 248 248 248 248 248 248 248 248 248 248 248 248 248 248 248 248 248 248 248 248 248 248 248 248 248 248 248 248 248 248 248 248 248 248 248 248 248 248 248 248 248 248 248 248 248 248 248 248 248 248 248 248 248 248 248 248 248 248 248 248 248 248 248 248 248 248 248 248 248 248 248 248 248 248 248 248 248 248 248 248 248 248 248 248 248 248 248 248 248 248 248 248 248 248 248 248 248 248 248 248 248 248 248 248 248 248 248 248 248 248 248 248 248 248 248 248 248 248 248 248 248 248 248 248 248 248 248 248 248 248 248 248 248 248 248 248 248 248 248 248 248 248 248 248 248 248 248 248 248 248 248 248 248 248 248 248 248 248 248 248 248 248 248 248 248 248 248 248 248 248 248 248 248 248 248 248 248 248 248 248 248 248 248 248 248 248 248 248 248 248 248 248 248 248 248 248 248 248 248 248 248 248 248 248 248 248 248 248 248 248 248 248 248 248 248 248 248 248 248 248 248 248 248 248 248 248 248 248 248 248 248 248 248 248 248 248 248 248 248 248 248 248 248 248 248 248 248 248 248 248 248 248 248 248 248 248 248 248 248 248 248 248 248 248 248 248 248 248 248 248 248 248 248 248 248 248 248 248 248 248 248 248 248 248 248 248 248 248 248 248 248 248 248 248 248 248 248 248 248 248 248 248 248 248 248 248 248 248 248 248 248 248 248 248 248 248 248 248 248 248 248 248 248 248 248 248 248 248 248 248 248 248 248 248 248 248 248 248 248 248 248 248 248 248 248 248 248 248 248 248 248 248 248 248 248 248 248 248 248 248 248 248 248 248 248 248 248 248 248 248 248 248 248 248 248 248 248 248 248 248 248 248 248 248 248 248 248 248 248 248 248 248 248 248 248 248 248 248 248 248 248 248 248 248 248 248 248 248 248 248 248 248 248 248 248 248 248 248 248 248 248 248 248 248 248 248 248 248 248 248 248 248 248 248 248 248 248 248 248 248 248 248 248 248 248 248 248 248 248 248 248 248 248 248 248 248 248 248 248 248 248 248 248 248 248 248 248 248 248 248 248 248 248 248 248 248 248 248 248 248 248 248 248 248 248 248 248 248 248 248 248 248 248 248 248 248 248 248 248 248 248 248 248 248 248 248 248 248 248 248 248 248 248 248 248 248 248 248 248 248 248 248 248 248 248 248 248 248 248 248 248 248 248 248 248 248 248 248 248 248 248 248 248 248 248 248 248 248 248 248 248 248 248 248 248 248 248 248 248 248 248 248 248 248 248 248 248 248 248 248 248 248 248 248 248 248 248 248 248 248 248 248 248 248 248 248 248 248 248 248 248 248 248 248 248 248 248 248 248 248 248 248 248 248 248 248 248 248 248 248 248 248 248 248 248 248 248 248 248 248 248 248 248 248 248 248 248 248 248 248 248 248 248 248 248 248 248 248 248 248 248 248 248 248 248 248 248 248 248 248 248 248 248 248 248 248 248 248 248 248 248 248 248 248 248 248 248 248 248 248 248 248 248 248 248 248 248 248 248 248 248 248 248 248 248 248 248 248 248 248 248 248 248 248 248 248 248 248 248 248 248 248 248 248 248 248 248 248 248 248 248 248 248 248 248 248 248 248 248 248 248 248 248 248 248 248 248 248 248 248 248 248 248 248 248 248 248 248 248 248 248 248 248 248 248 248 248 248 248 248 248 248 248 248 248 248 248 248 248 248 248 248 248 248 248 248 248 248 248 248 248 248 248 248 248 248 248 248 248 248 248 248 248 248 248 248 248 248 248 248 248 248 248 248 248 248 248 248 248 248 248 248 248 248 248 248 248 248 248 248 248 248 248 248 248 248 248 248 248 248 248 248 248 248 248 248 248 248 248 248 248 248 248 248 248 248 248 248 248 248 248 248 248 248 248 248 248 248 248 248 248 248 248 248 248 248 248 248 248 248 248 248 248 248 248 248 248 248 248 248 248 248 248 248 248 248 248 248 248 248 248 248 248 248 248 248 248 248 248 248 248 248 248 248 248 248 248 248 248 248 248 248 248 248 248 248 248 248 248 248 248 248 248 248 248 248 248 248 248 248 248 248 248 248 248 248 248 248 248 248 248 248 248 248 248 248 248 248 248 248 248 248 248 248 248 248 248 248 248 248 248 248 248 248 248 248 248 248 248 248 248 248 248 248 248 248 248 248 248 248 248 248 248 248 248 248 248 248 248 248 248 248 248 248 248 248 248 248 248 248 248 248 248 248 248 248 248 248 248 248 248 248 248 248 248 248 248 248 248 248 248 248 248 248 248 248 248 248 248 248 248 248 248 248 248 248 248 248 248 248 248 248 248 248 248 248 248 248 248 248 248 248 248 248 248 248 248 248 248 248 248 248 248 248 248 248 248 248 248 248 248 248 248 248 248 248 248 248 248 248 248 248 248 248 248 248 248 248 248 248 248 248 248 248 248 248 248 248 248 248 248 248 248 248 248 248 248 248 248 248 248 248 248 248 248 248 248 248 248 248 248 248 248 248 248 248 248 248 248 248 248 248 248 248 248 248 248 248 248 248 248 248 248 248 248 248 248 248 248 248 248 248 248 248 248 248 248 248 248 248 248 248 248 248 248 248 248 248 248 248 248 248 248 248 248 248 248 248 248 248 248 248 248 248 248 248 248 248 248 248 248 248 248 248 248 248 248 248 248 248 248 248 248 248 248 248 248 248 248 248 248 248 248 248 248 248 248 248 248 248 248 248 248 248 248 248 248 248 248 248 248 248 248 248 248 248 248 248 248 248 248 248 248 248 248 248 248 248 248 248 248 248 248 248 248 248 248 248 248 248 248 248 248 248 248 248 248 248 248 248 248 248 248 248 248 248 248 248 248 248 248 248 248 248 248 248 248 248 248 248 248 248 248 248 248 248 248 248 248 247 247 247 248 248 248 248 248 248 248 248 248 248 248 248 248 248 248 248 248 248 248 248 248 248 248 248 248 248 248 248 248 248 248 248 248 248 248 248 248 248 248 248 248 248 248 248 248 248 248 248 248 248 248 248 248 248 249 249 249 249 249 249 248 249 249 249 248 248 248 248 248 248 248 248 248 248 248 248 248 248 248 248 248 248 248 248 248 248 248 248 248 248 248 248 248 248 248 248 248 248 248 248 248 248 248 248 248 248 248 248 248 248 248 248 248 248 248 248 248 248 248 248 247 247 247 247 247 247 248 248 248 248 248 248 248 248 248 248 248 248 248 248 248 248 248 248 248 248 248 248 248 248 248 248 248 249 249 249 249 249 248 248 248 248 248 248 248 248 248 248 248 248 248 248 248 248 249 249 249 249 249 249 249 249 249 249 249 249 249 249 249 249 249 249 249 249 249 248 248 248 248 248 248 248 248 249 249 249 249 248 248 248 248 248 248 248 248 248 248 248 248 249 249 249 249 249 248 248 249 249 249 248 249 248 248 248 248 248 248 248 248 248 248 248 248 248 248 248 248 248 248 247 247 247 247 247 248 248 248 248 248 248 248 248 248 248 248 248 248 248 248 248 248 248 248 248 248 248 248 248 248 248 248 248 249 249 249 249 249 249 249 249 249 248 248 248 248 248 248 248 249 249 249 249 249 249 249 249 249 249 249 249 249 249 249 249 249 249 249 249 249 249 249 249 249 249 249 249 249 249 249 249 249 249 248 248 248 248 249 249 249 249 249 248 248 248 248 249 249 249 249 249 249 249 249 249 249 249 249 249 249 249 249 249 249 249 249 249 249 249 249 249 249 249 249 249 249 249 249 249 249 249 249 249 249 247 247 247 247 248 248 248 248 248 248 248 248 248 248 248 248 248 248 248 248 248 248 248 248 248 248 248 248 248 248 248 248 248 249 249 249 249 249 249 249 249 249 249 249 248 248 248 249 249 249 249 249 249 249 249 249 249 249 249 249 249 249 249 249 249 249 249 249 249 249 249 249 249 249 249 249 249 249 249 249 249 249 249 249 249 249 249 249 248 249 249 249 249 249 249 249 249 249 249 249 249 249 249 249 249 249 249 249 249 249 249 249 249 249 249 249 249 249 249 249 249 249 249 249 249 249 249 249 249 249 249 249 249 249 249 249 249 247 247 247 247 248 248 248 248 248 248 248 248 248 248 248 248 248 248 248 248 248 248 248 248 248 248 248 248 248 248 248 248 248 249 249 249 249 249 249 249 249 249 249 249 249 249 249 249 249 249 249 249 249 249 249 249 249 249 249 249 249 249 249 249 249 249 249 249 249 249 249 249 249 249 249 249 249 249 249 249 249 249 249 249 249 249 249 249 249 249 249 249 249 249 249 249 249 249 249 249 249 249 249 249 249 249 249 249 249 249 249 249 249 249 249 249 249 249 249 249 249 249 249 249 249 249 249 249 249 249 249 249 249 249 249 249 249 247 247 248 248 248 248 248 248 248 248 248 248 248 248 248 248 248 248 248 248 248 248 248 248 248 248 248 248 248 248 248 248 248 248 248 248 248 248 248 249 249 249 249 249 249 249 249 249 249 249 249 249 249 249 249 249 249 249 249 249 249 249 249 249 249 249 249 249 249 249 249 249 249 249 249 249 249 249 249 249 249 249 249 249 249 249 249 249 249 249 249 249 249 249 249 249 249 249 249 249 249 249 249 249 249 249 249 249 249 249 249 249 249 249 249 249 249 249 249 249 249 249 249 249 249 249 249 249 249 249 249 249 249 249 249 249 249 249 249 249 249 249 249 249 249 249 249 248 248 248 248 248 248 248 248 248 248 248 248 248 248 248 248 248 248 248 248 248 248 248 248 248 248 248 248 248 248 248 248 248 248 248 248 248 248 248 248 248 248 249 249 249 249 249 249 249 249 249 249 249 249 249 249 249 249 249 249 249 249 249 249 249 249 249 249 249 249 249 249 249 249 249 249 249 249 249 249 249 249 249 249 249 249 249 249 249 249 249 249 249 249 249 249 249 249 249 249 249 249 249 249 249 249 249 249 249 249 249 249 249 249 249 249 249 249 249 249 249 249 249 249 249 249 249 249 249 249 249 249 249 249 249 249 249 249 249 249 249 249 249 249 249 249 249 249 249 249 249 249 249 249 249 248 248 248 248 248 248 248 248 248 248 248 248 248 248 248 248 248 248 248 248 248 248 248 248 248 248 248 248 248 248 248 248 248 248 248 249 249 249 249 249 249 249 249 249 249 249 249 249 249 249 249 249 249 249 249 249 249 249 249 249 249 249 249 249 249 249 249 249 249 249 249 249 249 249 249 249 249 249 249 249 249 249 249 249 249 249 249 249 249 249 249 249 249 249 249 249 249 249 249 249 249 249 249 249 249 249 249 249 249 249 249 249 249 249 249 249 249 249 249 249 249 249 249 249 249 249 249 249 249 249 249 249 249 249 249 249 249 249 249 249 249 249 249 249 249 249 249 249 249 249 249 249 249 249 249 249 249 248 248 248 248 248 248 248 248 248 248 248 248 248 248 248 248 248 248 248 248 248 248 248 248 248 248 248 248 248 248 248 248 249 249 249 249 249 249 249 249 249 249 249 249 249 249 249 249 249 249 249 249 249 249 249 249 249 249 249 249 249 249 249 249 249 249 249 249 249 249 249 249 249 249 249 249 249 249 249 249 249 249 249 249 249 249 249 249 249 249 249 249 249 249 249 249 249 249 249 249 249 249 249 249 249 249 249 249 249 249 249 249 249 249 249 249 249 249 249 249 249 249 249 249 249 249 249 249 249 249 249 249 249 249 249 249 249 249 249 249 249 249 249 249 249 249 249 249 249 249 249 249 249 249 249 249 249 249 249 248 248 248 248 248 248 248 248 248 248 248 248 248 248 248 248 248 248 248 248 248 248 248 248 248 248 248 248 248 248 248 248 248 248 248 248 248 249 249 249 249 249 249 249 249 249 249 249 249 249 249 249 249 249 249 249 249 249 249 249 249 249 249 249 249 249 249 249 249 249 249 249 249 249 249 249 249 249 249 249 249 249 249 249 249 249 249 249 249 249 249 249 249 249 249 249 249 249 249 249 249 249 249 249 249 249 249 249 249 249 249 249 249 249 249 249 249 249 249 249 249 249 249 249 249 249 249 249 249 249 249 249 249 249 249 249 249 249 249 249 249 249 249 249 249 249 249 249 249 249 249 249 249 249 249 249 249 249 249 249 249 249 249 249 249 249 249 249 249 249 249 249 249 249 248 248 248 248 248 248 248 248 248 248 248 248 248 248 248 248 248 248 248 248 248 248 248 248 248 248 248 248 248 248 248 248 248 248 248 248 248 248 249 249 249 249 249 249 249 249 249 249 249 249 249 249 249 249 249 249 249 249 249 249 249 249 249 249 249 249 249 249 249 249 249 249 249 249 249 249 249 249 249 249 249 249 249 249 249 249 249 249 249 249 249 249 249 249 249 249 249 249 249 249 249 249 249 249 249 249 249 249 249 249 249 249 249 249 249 249 249 249 249 249 249 249 249 249 249 249 249 249 249 249 249 249 249 249 249 249 249 249 249 249 249 249 249 249 249 249 249 249 249 249 249 249 249 249 249 249 249 249 249 249 249 249 249 249 249 249 249 249 249 249 249 249 249 249 249 249 249 249 248 248 248 248 248 248 248 248 248 248 248 248 248 248 248 248 248 248 248 248 248 248 248 248 248 248 248 248 248 248 248 248 248 248 248 249 249 249 249 249 249 249 249 249 249 249 249 249 249 249 249 249 249 249 249 249 249 249 249 249 249 249 249 249 249 249 249 249 249 249 249 249 249 249 249 249 249 249 249 249 249 249 249 249 249 249 249 249 249 249 249 249 249 249 249 249 249 249 249 249 249 249 249 249 249 249 249 249 249 249 249 249 249 249 249 249 249 249 249 249 249 249 249 249 249 249 249 249 249 249 249 249 249 249 249 249 249 249 249 249 249 249 249 249 249 249 249 249 249 249 249 249 249 249 249 249 249 249 249 249 249 249 249 249 249 249 249 249 249 249 249 249 249 249 249 249 249 249 248 248 248 248 248 248 248 248 248 248 248 248 248 248 248 248 248 248 248 248 248 248 248 248 248 248 248 248 248 248 248 248 249 249 249 249 249 249 249 249 249 249 249 249 249 249 249 249 249 249 249 249 249 249 249 249 249 249 249 249 249 249 249 249 249 249 249 249 249 249 249 249 249 249 249 249 249 249 249 249 249 249 249 249 249 249 249 249 249 249 249 249 249 249 249 249 249 249 249 249 249 249 249 249 249 249 249 249 249 249 249 249 249 249 249 249 249 249 249 249 249 249 249 249 249 249 249 249 249 249 249 249 249 249 249 249 249 249 249 249 249 249 249 249 249 249 249 249 249 249 249 249 249 249 249 249 249 249 249 249 249 249 249 249 249 249 249 249 249 249 249 249 249 249 249 249 249 249 249 247 247 247 247 247 248 248 248 248 248 248 248 248 248 248 248 248 248 248 248 248 248 248 248 248 248 248 248 248 248 248 248 248 248 248 248 249 249 249 249 249 249 249 249 249 249 249 249 249 249 249 249 249 249 249 249 249 249 249 249 249 249 249 249 249 249 249 249 249 249 249 249 249 249 249 249 249 249 249 249 249 249 249 249 249 249 249 249 249 249 249 249 249 249 249 249 249 249 249 249 249 249 249 249 249 249 249 249 249 249 249 249 249 249 249 249 249 249 249 249 249 249 249 249 249 249 249 249 249 249 249 249 249 249 249 249 249 249 249 249 249 249 249 249 249 249 249 249 249 249 249 249 249 249 249 249 249 249 249 249 249 249 249 249 249 249 249 249 249 249 249 249 249 249 249 249 249 249 249 249 249 249 249 249 249 247 247 247 247 247 247 247 248 248 248 248 248 248 248 248 248 248 248 248 248 248 248 248 248 248 248 248 248 248 248 248 248 248 248 248 248 248 248 248 248 248 248 249 249 249 249 249 249 249 249 249 249 249 249 249 249 249 249 249 249 249 249 249 249 249 249 249 249 249 249 249 249 249 249 249 249 249 249 249 249 249 249 249 249 249 249 249 249 249 249 249 249 249 249 249 249 249 249 249 249 249 249 249 249 249 249 249 249 249 249 249 249 249 249 249 249 249 249 249 249 249 249 249 249 249 249 249 249 249 249 249 249 249 249 249 249 249 249 249 249 249 249 249 249 249 249 249 249 249 249 249 249 249 249 249 249 249 249 249 249 249 249 249 249 249 249 249 249 249 249 249 249 249 249 249 249 249 249 249 249 249 249 249 249 249 249 249 249 249 249 249 249 249 249 247 247 247 247 247 247 247 247 247 247 248 248 248 248 248 248 248 248 248 248 248 248 248 248 248 248 248 248 248 248 248 248 248 248 248 248 248 248 248 248 248 248 248 249 249 249 249 249 249 249 249 249 249 249 249 249 249 249 249 249 249 249 249 249 249 249 249 249 249 249 249 249 249 249 249 249 249 249 249 249 249 249 249 249 249 249 249 249 249 249 249 249 249 249 249 249 249 249 249 249 249 249 249 249 249 249 249 249 249 249 249 249 249 249 249 249 249 249 249 249 249 249 249 249 249 249 249 249 249 249 249 249 249 249 249 249 249 249 249 249 249 249 249 249 249 249 249 249 249 249 249 249 249 249 249 249 249 249 249 249 249 249 249 249 249 249 249 249 249 249 249 249 249 249 249 249 249 249 249 249 249 249 249 249 249 249 249 249 249 249 249 249 249 249 249 249 249 247 247 247 247 247 247 247 247 247 247 247 247 248 248 248 248 248 248 248 248 248 248 248 248 248 248 248 248 248 248 248 248 248 248 248 248 248 248 248 248 248 248 248 248 249 248 249 249 249 249 249 249 249 249 249 249 249 249 249 249 249 249 249 249 249 249 249 249 249 249 249 249 249 249 249 249 249 249 249 249 249 249 249 249 249 249 249 249 249 249 249 249 249 249 249 249 249 249 249 249 249 249 249 249 249 249 249 249 249 249 249 249 249 249 249 249 249 249 249 249 249 249 249 249 249 249 249 249 249 249 249 249 249 249 249 249 249 249 249 249 249 249 249 249 249 249 249 249 249 249 249 249 249 249 249 249 249 249 249 249 249 249 249 249 249 249 249 249 249 249 249 249 249 249 249 249 249 249 249 249 249 249 249 249 249 249 249 249 249 249 249 249 249 249 249 249 249 249 249 249 249 249 249 249 249 247 247 247 247 247 247 247 247 247 247 247 248 248 248 248 248 248 248 248 248 248 248 248 248 248 248 248 248 248 248 248 248 248 248 248 248 248 248 248 248 248 248 248 248 249 249 249 249 249 249 249 249 249 249 249 249 249 249 249 249 249 249 249 249 249 249 249 249 249 249 249 249 249 249 249 249 249 249 249 249 249 249 249 249 249 249 249 249 249 249 249 249 249 249 249 249 249 249 249 249 249 249 249 249 249 249 249 249 249 249 249 249 249 249 249 249 249 249 249 249 249 249 249 249 249 249 249 249 249 249 249 249 249 249 249 249 249 249 249 249 249 249 249 249 249 249 249 249 249 249 249 249 249 249 249 249 249 249 249 249 249 249 249 249 249 249 249 249 249 249 249 249 249 249 249 249 249 249 249 249 249 249 249 249 249 249 249 249 249 249 249 249 249 249 249 249 249 249 249 249 249 249 249 249 249 249 249 249 247 247 247 247 247 247 247 247 248 248 248 248 248 248 248 248 248 248 248 248 248 248 248 248 248 248 248 248 248 248 248 248 248 248 248 248 248 248 248 248 248 248 248 249 249 249 249 249 249 249 249 249 249 249 249 249 249 249 249 249 249 249 249 249 249 249 249 249 249 249 249 249 249 249 249 249 249 249 249 249 249 249 249 249 249 249 249 249 249 249 249 249 249 249 249 249 249 249 249 249 249 249 249 249 249 249 249 249 249 249 249 249 249 249 249 249 249 249 249 249 249 249 249 249 249 249 249 249 249 249 249 249 249 249 249 249 249 249 249 249 249 249 249 249 249 249 249 249 249 249 249 249 249 249 249 249 249 249 249 249 249 249 249 249 249 249 249 249 249 249 249 249 249 249 249 249 249 249 249 249 249 249 249 249 249 249 249 249 249 249 249 249 249 249 249 249 249 249 249 249 249 249 249 249 249 249 249 249 249 249 247 247 247 247 247 247 248 248 248 248 248 248 248 248 248 248 248 248 248 248 248 248 248 248 248 248 248 248 248 248 248 248 248 248 248 248 248 248 248 248 249 248 249 249 249 249 249 249 249 249 249 249 249 249 249 249 249 249 249 249 249 249 249 249 249 249 249 249 249 249 249 249 249 249 249 249 249 249 249 249 249 249 249 249 249 249 249 249 249 249 249 249 249 249 249 249 249 249 249 249 249 249 249 249 249 249 249 249 249 249 249 249 249 249 249 249 249 249 249 249 249 249 249 249 249 249 249 249 249 249 249 249 249 249 249 249 249 249 249 249 249 249 249 249 249 249 249 249 249 249 249 249 249 249 249 249 249 249 249 249 249 249 249 249 249 249 249 249 249 249 249 249 249 249 249 249 249 249 249 249 249 249 249 249 249 249 249 249 249 249 249 249 249 249 249 249 249 249 249 249 249 249 249 249 249 249 249 249 249 247 247 247 247 248 248 248 248 248 248 248 248 248 248 248 248 248 248 248 248 248 248 248 248 248 248 248 248 248 248 248 248 248 248 248 248 248 248 248 248 249 249 249 249 249 249 249 249 249 249 249 249 249 249 249 249 249 249 249 249 249 249 249 249 249 249 249 249 249 249 249 249 249 249 249 249 249 249 249 249 249 249 249 249 249 249 249 249 249 249 249 249 249 249 249 249 249 249 249 249 249 249 249 249 249 249 249 249 249 249 249 249 249 249 249 249 249 249 249 249 249 249 249 249 249 249 249 249 249 249 249 249 249 249 249 249 249 249 249 249 249 249 249 249 249 249 249 249 249 249 249 249 249 249 249 249 249 249 249 249 249 249 249 249 249 249 249 249 249 249 249 249 249 249 249 249 249 249 249 249 249 249 249 249 249 249 249 249 249 249 249 249 249 249 249 249 249 249 249 249 249 249 249 249 249 249 249 249 249 249 247 247 248 248 248 248 248 248 248 248 248 248 248 248 248 248 248 248 248 248 248 248 248 248 248 248 248 248 248 248 248 248 248 248 248 248 248 248 249 249 249 249 249 249 249 249 249 249 249 249 249 249 249 249 249 249 249 249 249 249 249 249 249 249 249 249 249 249 249 249 249 249 249 249 249 249 249 249 249 249 249 249 249 249 249 249 249 249 249 249 249 249 249 249 249 249 249 249 249 249 249 249 249 249 249 249 249 249 249 249 249 249 250 249 249 249 249 249 250 250 250 250 250 250 250 250 250 250 250 250 250 250 250 250 250 250 250 249 249 249 249 249 249 249 249 249 249 249 249 249 249 249 249 249 249 249 249 249 249 249 249 249 249 249 249 249 249 249 249 249 249 249 249 249 249 249 249 249 249 249 249 249 249 249 249 249 249 249 249 249 249 249 249 249 249 249 249 249 249 249 249 249 249 249 249 249 249 249 249 249 249 249 247 248 248 248 248 248 248 248 248 248 248 248 248 248 248 248 248 248 248 248 248 248 248 248 248 248 248 248 248 248 248 248 248 249 249 249 249 249 249 249 249 249 249 249 249 249 249 249 249 249 249 249 249 249 249 249 249 249 249 249 249 249 249 249 249 249 249 249 249 249 249 249 249 249 249 249 249 249 249 249 249 249 249 249 249 249 249 249 249 249 249 249 249 249 249 249 249 250 250 250 250 250 250 250 250 250 250 250 250 250 250 250 249 250 249 249 250 250 250 250 250 250 250 250 250 250 250 250 250 250 250 250 250 250 250 250 250 250 249 249 249 249 249 250 250 250 249 249 249 249 249 249 249 249 249 249 249 249 249 249 249 249 249 249 249 249 249 249 249 249 249 249 249 249 249 249 249 249 249 249 249 249 249 249 249 249 249 249 249 249 249 249 249 249 249 249 249 249 249 249 249 249 249 249 249 249 249 249 249 249 249 249 247 248 248 248 248 248 248 248 248 248 248 248 248 248 248 248 248 248 248 248 248 248 248 248 248 248 248 248 248 248 248 249 249 249 249 249 249 249 249 249 249 249 249 249 249 249 249 249 249 249 249 249 249 249 249 249 249 249 249 249 249 249 249 249 249 249 249 249 249 249 249 249 249 249 249 249 249 249 249 249 249 249 249 249 249 249 249 249 249 249 249 249 249 249 249 249 250 250 250 250 250 250 250 250 250 250 250 250 250 250 250 250 250 250 250 250 250 250 250 250 250 250 250 250 250 250 250 250 250 250 250 250 250 250 250 250 250 250 250 249 249 249 250 250 250 250 250 250 250 250 250 250 250 250 250 250 250 250 250 249 249 249 249 249 249 250 250 249 250 250 250 249 249 249 249 249 249 249 249 249 249 249 249 249 249 249 249 250 250 249 249 249 249 249 249 249 249 249 249 249 249 249 249 249 249 249 249 249 249 249 249 249 249 248 248 248 248 248 248 248 248 248 248 248 248 248 248 248 248 248 248 248 248 248 248 248 248 248 248 248 248 248 249 249 249 249 249 249 249 249 249 249 249 249 249 249 249 249 249 249 249 249 249 249 249 249 249 249 249 249 249 249 249 249 249 249 249 249 249 249 249 249 249 249 249 249 249 249 249 249 249 249 249 249 249 249 249 249 249 249 249 250 250 249 249 249 249 249 250 250 250 250 250 250 250 250 250 250 250 250 250 250 250 250 250 250 250 250 250 250 250 250 250 250 250 250 250 250 250 250 250 250 250 250 250 250 250 250 250 250 250 250 250 249 250 250 250 250 250 250 250 250 250 250 250 250 250 250 250 250 250 250 250 250 250 250 250 250 250 249 250 250 250 250 250 250 250 249 249 249 249 250 250 250 249 249 249 249 249 249 250 250 250 250 250 250 249 249 249 249 249 249 249 249 249 249 249 249 249 249 249 249 249 249 249 249 249 249 248 248 248 248 248 248 248 248 248 248 248 248 248 248 248 248 248 248 248 248 248 248 248 248 248 249 249 249 249 249 249 249 249 249 249 249 249 249 249 249 249 249 249 249 249 249 249 249 249 249 249 249 249 249 249 249 249 249 249 249 249 249 249 249 249 249 249 249 249 249 249 249 249 249 249 249 249 249 249 249 249 249 249 249 249 249 249 250 250 250 250 250 250 250 250 250 250 250 250 250 250 250 250 250 250 250 250 250 250 250 250 250 250 250 250 250 250 250 250 250 250 250 250 250 250 250 250 250 250 250 250 250 250 250 250 250 250 250 250 250 250 250 250 250 250 250 250 250 250 250 250 250 250 250 250 250 250 250 250 250 250 250 250 250 250 250 250 250 250 250 250 250 250 250 250 250 250 250 250 250 250 250 250 250 250 250 250 250 250 250 250 250 250 249 249 249 249 249 249 249 249 249 249 249 249 249 249 249 249 249 249 249 249 249 249 249 248 248 248 248 248 248 248 248 248 248 248 248 248 248 248 248 248 248 248 248 248 248 248 249 249 249 249 249 249 249 249 249 249 249 249 249 249 249 249 249 249 249 249 249 249 249 249 249 249 249 249 249 249 249 249 249 249 249 249 249 249 249 249 249 249 249 249 249 249 249 249 249 249 249 249 249 249 249 249 249 249 249 249 249 249 249 249 249 250 250 250 250 250 250 250 250 250 250 250 250 250 250 250 250 250 250 250 250 250 250 250 250 250 250 250 250 250 250 250 250 250 250 250 250 250 250 250 250 250 250 250 250 250 250 250 250 250 250 250 250 250 250 250 250 250 250 250 250 250 250 250 250 250 250 250 250 250 250 250 250 250 250 250 250 250 250 250 250 250 250 250 250 250 250 250 250 250 250 250 250 250 250 250 250 250 250 250 250 250 250 250 250 250 250 249 249 249 249 249 249 249 249 249 249 249 249 249 249 249 249 249 249 249 249 249 249 249 248 248 248 248 248 248 248 248 248 248 248 248 248 248 248 248 248 248 248 248 248 248 248 249 249 249 249 249 249 249 249 249 249 249 249 249 249 249 249 249 249 249 249 249 249 249 249 249 249 249 249 249 249 249 249 249 249 249 249 249 249 249 249 249 249 249 249 249 249 249 249 249 249 249 249 249 249 249 249 249 249 249 249 249 249 249 249 250 250 250 250 250 250 250 250 250 250 250 250 250 250 250 250 250 250 250 250 250 250 250 250 250 250 250 250 250 250 250 250 250 250 250 250 250 250 250 250 250 250 250 250 250 250 250 250 250 250 250 250 250 250 250 250 250 250 250 250 250 250 250 250 250 250 250 250 250 250 250 250 250 250 250 250 250 250 250 250 250 250 250 250 250 250 250 250 250 250 250 250 250 250 250 250 250 250 250 250 250 250 250 250 250 250 250 250 250 250 250 250 250 250 249 249 249 249 249 249 249 249 249 249 249 249 249 249 249 248 248 248 248 248 248 248 248 248 248 248 248 248 248 248 248 248 248 248 248 248 249 249 249 249 249 249 249 249 249 249 249 249 249 249 249 249 249 249 249 249 249 249 249 249 249 249 249 249 249 249 249 249 249 249 249 249 249 249 249 249 249 249 249 249 249 249 249 249 249 249 249 249 249 249 249 249 249 249 249 249 249 249 249 249 249 249 249 250 250 250 250 250 250 250 250 250 250 250 250 250 250 250 250 250 250 250 250 250 250 250 250 250 250 250 250 250 250 250 250 250 250 250 250 250 250 250 250 250 250 250 250 250 250 250 250 250 250 250 250 250 250 250 250 250 250 250 250 250 250 250 250 250 250 250 250 250 250 250 250 250 250 250 250 250 250 250 250 250 250 250 250 250 250 250 250 250 250 250 250 250 250 250 250 250 250 250 250 250 250 250 250 250 250 250 250 250 250 250 250 250 250 250 250 250 249 249 249 249 249 249 249 249 249 249 249 249 248 248 248 248 248 248 248 248 248 248 248 248 248 248 248 248 248 248 248 249 249 249 249 249 249 249 249 249 249 249 249 249 249 249 249 249 249 249 249 249 249 249 249 249 249 249 249 249 249 249 249 249 249 249 249 249 249 249 249 249 249 249 249 249 249 249 249 249 249 249 249 249 249 249 249 249 249 250 250 250 249 249 249 249 249 250 250 250 250 250 250 250 250 250 250 250 250 250 250 250 250 250 250 250 250 250 250 250 250 250 250 250 250 250 250 250 250 250 250 250 250 250 250 250 250 250 250 250 250 250 250 250 250 250 250 250 250 250 250 250 250 250 250 250 250 250 250 250 250 250 250 250 250 250 250 250 250 250 250 250 250 250 250 250 250 250 250 250 250 250 250 250 250 250 250 250 250 250 250 250 250 250 250 250 250 250 250 250 250 250 250 250 250 250 250 250 250 250 250 250 250 250 250 250 250 250 250 250 250 249 249 249 249 249 249 249 249 249 248 248 248 248 248 248 248 248 248 248 248 248 248 248 248 248 249 249 249 249 249 249 249 249 249 249 249 249 249 249 249 249 249 249 249 249 249 249 249 249 249 249 249 249 249 249 249 249 249 249 249 249 249 249 249 249 249 249 249 249 249 249 249 249 249 249 249 249 249 249 249 249 249 250 250 250 250 250 250 250 250 250 250 250 250 250 250 250 250 250 250 250 250 250 250 250 250 250 250 250 250 250 250 250 250 250 250 250 250 250 250 250 250 250 250 250 250 250 250 250 250 250 250 250 250 250 250 250 250 250 250 250 250 250 250 250 250 250 250 250 250 250 250 250 250 250 250 250 250 250 250 250 250 250 250 250 250 250 250 250 250 250 250 250 250 250 250 250 250 250 250 250 250 250 250 250 250 250 250 250 250 250 250 250 250 250 250 250 250 250 250 250 250 250 250 250 250 250 250 250 250 250 250 250 250 250 250 250 250 250 250 250 250 249 249 249 249 249 249 248 248 248 248 248 248 248 248 248 248 249 249 249 249 249 249 249 249 249 249 249 249 249 249 249 249 249 249 249 249 249 249 249 249 249 249 249 249 249 249 249 249 249 249 249 249 249 249 249 249 249 249 249 249 249 249 249 249 249 249 249 249 249 249 249 249 250 250 250 250 250 250 250 250 250 250 250 250 250 250 250 250 250 250 250 250 250 250 250 250 250 250 250 250 250 250 250 250 250 250 250 250 250 250 250 250 250 250 250 250 250 250 250 250 250 250 250 250 250 250 250 250 250 250 250 250 250 250 250 250 250 250 250 250 250 250 250 250 250 250 250 250 250 250 250 250 250 250 250 250 250 250 250 250 250 250 250 250 250 250 250 250 250 250 250 250 250 250 250 250 250 250 250 250 250 250 250 250 250 250 250 250 250 250 250 250 250 250 250 250 250 250 250 250 250 250 250 250 250 250 250 250 250 250 250 250 250 250 250 250 250 250 249 249 249 249 249 249 249 249 248 248 248 248 248 248 249 249 249 249 249 249 249 249 249 249 249 249 249 249 249 249 249 249 249 249 249 249 249 249 249 249 249 249 249 249 249 249 249 249 249 249 249 249 249 249 249 249 249 249 249 249 249 249 249 249 249 249 249 249 249 249 249 250 250 250 250 250 250 250 250 250 250 250 250 250 250 250 250 250 250 250 250 250 250 250 250 250 250 250 250 250 250 250 250 250 250 250 250 250 250 250 250 250 250 250 250 250 250 250 250 250 250 250 250 250 250 250 250 250 250 250 250 250 250 250 250 250 250 250 250 250 250 250 250 250 250 250 250 250 250 250 250 250 250 250 250 250 250 250 250 250 250 250 250 250 250 250 250 250 250 250 250 250 250 250 250 250 250 250 250 250 250 250 250 250 250 250 250 250 250 250 250 250 250 250 250 250 250 250 250 250 250 250 250 250 250 250 250 250 250 250 250 250 250 250 250 250 250 250 250 250 250 250 249 249 249 249 249 249 249 249 248 248 248 248 249 249 249 249 249 249 249 249 249 249 249 249 249 249 249 249 249 249 249 249 249 249 249 249 249 249 249 249 249 249 249 249 249 249 249 249 249 249 249 249 249 249 249 249 249 249 249 249 249 249 249 249 249 249 249 249 249 250 250 250 250 250 250 250 250 250 250 250 250 250 250 250 250 250 250 250 250 250 250 250 250 250 250 250 250 250 250 250 250 250 250 250 250 250 250 250 250 250 250 250 250 250 250 250 250 250 250 250 250 250 250 250 250 250 250 250 250 250 250 250 250 250 250 250 250 250 250 250 250 250 250 250 250 250 250 250 250 250 250 250 250 250 250 250 250 250 250 250 250 250 250 250 250 250 250 250 250 250 250 250 250 250 250 250 250 250 250 250 250 250 250 250 250 250 250 250 250 250 250 250 250 250 250 250 250 250 250 250 250 250 250 250 250 250 250 250 250 250 250 250 250 250 250 250 250 250 250 250 250 250 250 250 249 249 249 249 249 248 248 248 249 249 249 249 249 249 249 249 249 249 249 249 249 249 249 249 249 249 249 249 249 249 249 249 249 249 249 249 249 249 249 249 249 249 249 249 249 249 249 249 249 249 249 249 249 249 249 249 249 249 249 249 249 249 249 250 250 250 250 250 250 250 250 250 250 250 250 250 250 250 250 250 250 250 250 250 250 250 250 250 250 250 250 250 250 250 250 250 250 250 250 250 250 250 250 250 250 250 250 250 250 250 250 250 250 250 250 250 250 250 250 250 250 250 250 250 250 250 250 250 250 250 250 250 250 250 250 250 250 250 250 250 250 250 250 250 250 250 250 250 250 250 250 250 250 250 250 250 250 250 250 250 250 250 250 250 250 250 250 250 250 250 250 250 250 250 250 250 250 250 250 250 250 250 250 250 250 250 250 250 250 250 250 250 250 250 250 250 250 250 250 250 250 250 250 250 250 250 250 250 250 250 250 250 250 250 250 250 250 250 250 250 250 250 250 249 249 249 249 249 249 249 249 249 249 249 249 249 249 249 249 249 249 249 249 249 249 249 249 249 249 249 249 249 249 249 249 249 249 249 249 249 249 249 249 249 249 249 249 249 249 249 249 249 249 249 249 249 249 249 249 249 249 249 249 249 249 249 249 249 249 249 250 250 250 250 250 250 250 250 250 250 250 250 250 250 250 250 250 250 250 250 250 250 250 250 250 250 250 250 250 250 250 250 250 250 250 250 250 250 250 250 250 250 250 250 250 250 250 250 250 250 250 250 250 250 250 250 250 250 250 250 250 250 250 250 250 250 250 250 250 250 250 250 250 250 250 250 250 250 250 250 250 250 250 250 250 250 250 250 250 250 250 250 250 250 250 250 250 250 250 250 250 250 250 250 250 250 250 250 250 250 250 250 250 250 250 250 250 250 250 250 250 250 250 250 250 250 250 250 250 250 250 250 250 250 250 250 250 250 250 250 250 250 250 250 250 250 250 250 250 250 250 250 250 250 250 250 250 250 250 250 250 250 250 250 250 249 249 249 249 249 249 249 249 249 249 249 249 249 249 249 249 249 249 249 249 249 249 249 249 249 249 249 249 249 249 249 249 249 249 249 249 249 249 249 249 249 249 249 249 249 249 249 249 249 249 249 249 249 249 249 249 249 249 249 249 249 249 249 249 250 250 250 250 250 250 250 250 250 250 250 250 250 250 250 250 250 250 250 250 250 250 250 250 250 250 250 250 250 250 250 250 250 250 250 250 250 250 250 250 250 250 250 250 250 250 250 250 250 250 250 250 250 250 250 250 250 250 250 250 250 250 250 250 250 250 250 250 250 250 250 250 250 250 250 250 250 250 250 250 250 250 250 250 250 250 250 250 250 250 250 250 250 250 250 250 250 250 250 250 250 250 250 250 250 250 250 250 250 250 250 250 250 250 250 250 250 250 250 250 250 250 250 250 250 250 250 250 250 250 250 250 250 250 250 250 250 250 250 250 250 250 250 250 250 250 250 250 250 250 250 250 250 250 250 250 250 250 250 250 250 250 250 250 250 250 250 250 249 249 249 249 249 249 249 249 249 249 249 249 249 249 249 249 249 249 249 249 249 249 249 249 249 249 249 249 249 249 249 249 249 249 249 249 249 249 249 249 249 249 249 249 249 249 249 249 249 249 249 249 250 250 249 250 249 249 249 249 249 250 250 250 250 250 250 250 250 250 250 250 250 250 250 250 250 250 250 250 250 250 250 250 250 250 250 250 250 250 250 250 250 250 250 250 250 250 250 250 250 250 250 250 250 250 250 250 250 250 250 250 250 250 250 250 250 250 250 250 250 250 250 250 250 250 250 250 250 250 250 250 250 250 250 250 250 250 250 250 250 250 250 250 250 250 250 250 250 250 250 250 250 250 250 250 250 250 250 250 250 250 250 250 250 250 250 250 250 250 250 250 250 250 250 250 250 250 250 250 250 250 250 250 250 250 250 250 250 250 250 250 250 250 250 250 250 250 250 250 250 250 250 250 250 250 250 250 250 250 250 250 250 250 250 250 250 250 250 250 250 250 250 250 250 250 250 250 250 250 250 249 249 249 249 249 249 249 249 249 249 249 249 249 249 249 249 249 249 249 249 249 249 249 249 249 249 249 249 249 249 249 249 249 249 249 249 249 249 249 249 249 249 249 249 249 249 249 250 250 250 250 250 250 250 250 250 250 250 250 250 250 250 250 250 250 250 250 250 250 250 250 250 250 250 250 250 250 250 250 250 250 250 250 250 250 250 250 250 250 250 250 250 250 250 250 250 250 250 250 250 250 250 250 250 250 250 250 250 250 250 250 250 250 250 250 250 250 250 250 250 250 250 250 250 250 250 250 250 250 250 250 250 250 250 250 250 250 250 250 250 250 250 250 250 250 250 250 250 250 250 250 250 250 250 250 250 250 250 250 250 250 250 250 250 250 250 250 250 250 250 250 250 250 250 250 250 250 250 250 250 250 250 250 250 250 250 250 250 250 250 250 250 250 250 250 250 250 250 250 250 250 250 250 250 250 250 250 250 250 250 250 250 250 250 250 250 250 250 250 250 250 250 250 250 250 250 250 250 249 249 249 249 249 249 249 249 249 249 249 249 249 249 249 249 249 249 249 249 249 249 249 249 249 249 249 249 249 249 249 249 249 249 249 249 249 249 249 249 249 249 249 250 250 250 250 250 250 250 250 250 250 250 250 250 250 250 250 250 250 250 250 250 250 250 250 250 250 250 250 250 250 250 250 250 250 250 250 250 250 250 250 250 250 250 250 250 250 250 250 250 250 250 250 250 250 250 250 250 250 250 250 250 250 250 250 250 250 250 250 250 250 250 250 250 250 250 250 250 250 250 250 250 250 250 250 250 250 250 250 250 250 250 250 250 250 250 250 250 250 250 250 250 250 250 250 250 250 250 250 250 250 250 250 250 250 250 250 250 250 250 250 250 250 250 250 250 250 250 250 250 250 250 250 250 250 250 250 250 250 250 250 250 250 250 250 250 250 250 250 250 250 250 250 250 250 250 250 250 250 250 250 250 250 250 250 250 250 250 250 250 250 250 250 250 250 250 250 250 250 250 250 250 250 250 250 249 249 249 249 249 249 249 249 249 249 249 249 249 249 249 249 249 249 249 249 249 249 249 249 249 249 249 249 249 249 249 249 249 249 249 249 249 249 249 249 250 250 250 250 250 250 250 250 250 250 250 250 250 250 250 250 250 250 250 250 250 250 250 250 250 250 250 250 250 250 250 250 250 250 250 250 250 250 250 250 250 250 250 250 250 250 250 250 250 250 250 250 250 250 250 250 250 250 250 250 250 250 250 250 250 250 250 250 250 250 250 250 250 250 250 250 250 250 250 250 250 250 250 250 250 251 251 251 251 251 250 250 250 250 250 250 250 250 250 250 250 250 250 250 250 250 250 250 250 250 250 250 250 250 250 250 250 250 250 250 250 250 250 250 250 250 250 250 250 250 250 250 250 250 250 250 250 250 250 250 250 250 250 250 250 250 250 250 250 250 250 250 250 250 250 250 250 250 250 250 250 250 250 250 250 250 250 250 250 250 250 250 250 250 250 250 250 250 250 250 250 250 250 250 250 250 250 249 249 249 249 249 249 249 249 249 249 249 249 249 249 249 249 249 249 249 249 249 249 249 249 249 249 249 249 249 249 249 249 249 249 249 249 250 250 250 250 250 250 250 250 250 250 250 250 250 250 250 250 250 250 250 250 250 250 250 250 250 250 250 250 250 250 250 250 250 250 250 250 250 250 250 250 250 250 250 250 250 250 250 250 250 250 250 250 250 250 250 250 250 250 250 250 250 250 250 250 250 250 250 250 250 250 250 250 250 251 250 250 250 250 250 250 250 251 251 250 250 250 251 251 251 251 251 251 251 251 250 250 250 250 250 250 250 250 250 250 250 250 250 250 250 250 250 250 250 250 250 250 250 250 250 250 250 250 250 250 250 250 250 250 250 250 250 250 250 250 250 250 250 250 250 250 250 250 250 250 250 250 250 250 250 250 250 250 250 250 250 250 250 250 250 250 250 250 250 250 250 250 250 250 250 250 250 250 250 250 250 250 250 250 250 250 250 250 250 250 250 250 250 250 250 250 249 249 249 249 249 249 249 249 249 249 249 249 249 249 249 249 249 249 249 249 249 249 249 249 249 249 250 250 249 249 249 249 250 250 250 250 250 250 250 250 250 250 250 250 250 250 250 250 250 250 250 250 250 250 250 250 250 250 250 250 250 250 250 250 250 250 250 250 250 250 250 250 250 250 250 250 250 250 250 250 250 250 250 250 250 250 250 250 250 250 250 250 250 250 250 250 251 251 251 251 251 251 251 251 251 251 251 251 251 251 251 251 251 251 251 251 251 251 251 251 251 251 251 251 251 251 251 251 250 250 250 250 250 250 250 250 250 250 250 250 250 250 250 250 250 250 250 250 250 250 250 250 250 250 250 250 250 250 250 250 250 250 250 250 250 250 250 250 250 250 250 250 250 250 250 250 250 250 250 250 250 250 250 250 250 250 250 250 250 250 250 250 250 250 250 250 250 250 250 250 250 250 250 250 250 250 250 250 250 250 250 250 250 250 250 250 250 250 250 250 250 250 250 250 249 249 249 249 249 249 249 249 249 249 249 249 249 249 249 249 249 249 249 249 250 250 250 250 250 249 250 250 250 250 250 250 250 250 250 250 250 250 250 250 250 250 250 250 250 250 250 250 250 250 250 250 250 250 250 250 250 250 250 250 250 250 250 250 250 250 250 250 250 250 250 250 250 250 250 250 250 250 250 250 250 250 250 250 250 250 250 250 250 250 250 251 251 251 251 251 251 251 251 251 251 251 251 251 251 251 251 251 251 251 251 251 251 251 251 251 251 251 251 251 251 251 251 251 251 250 250 250 250 250 250 250 250 250 250 250 250 250 250 250 250 250 250 250 250 250 250 250 250 250 250 250 250 250 250 250 250 250 250 250 250 250 250 250 250 250 250 250 250 250 250 250 250 250 250 250 250 250 250 250 250 250 250 250 250 250 250 250 250 250 250 250 250 250 250 250 250 250 250 250 250 250 250 250 250 250 250 250 250 250 250 250 250 250 250 250 250 250 250 250 250 249 249 249 249 249 249 249 249 249 249 249 249 249 249 249 249 249 250 250 250 250 250 250 250 250 250 250 250 250 250 250 250 250 250 250 250 250 250 250 250 250 250 250 250 250 250 250 250 250 250 250 250 250 250 250 250 250 250 250 250 250 250 250 250 250 250 250 250 250 250 250 250 250 250 250 250 250 250 250 250 250 251 251 251 251 251 250 250 250 251 251 251 251 251 251 251 251 251 251 251 251 251 251 251 251 251 251 251 251 251 251 251 251 251 251 251 251 251 251 251 251 251 251 251 250 250 250 250 250 250 250 250 250 250 250 250 250 250 250 250 250 250 250 250 250 250 250 250 250 250 250 250 250 250 250 250 250 250 250 250 250 250 250 250 250 250 250 250 250 250 250 250 250 250 250 250 250 250 250 250 250 250 250 250 250 250 250 250 250 250 250 250 250 250 250 250 250 250 250 250 250 250 250 250 250 250 250 250 250 250 250 250 250 250 250 250 250 250 250 250 249 249 249 249 249 249 249 249 249 249 249 249 249 249 249 250 250 250 250 250 250 250 250 250 250 250 250 250 250 250 250 250 250 250 250 250 250 250 250 250 250 250 250 250 250 250 250 250 250 250 250 250 250 250 250 250 250 250 250 250 250 250 250 250 250 250 250 250 250 250 250 250 250 250 250 250 250 251 251 251 251 251 251 251 251 251 251 251 251 251 251 251 251 251 251 251 251 251 251 251 251 251 251 251 251 251 251 251 251 251 251 251 251 251 251 251 251 251 251 251 251 251 251 251 250 250 250 250 250 250 250 250 250 250 250 250 250 250 250 250 250 250 250 250 250 250 250 250 250 250 250 250 250 250 250 250 250 250 250 250 250 250 250 250 250 250 250 250 250 250 250 250 250 250 250 250 250 250 250 250 250 250 250 250 250 250 250 250 250 250 250 250 250 250 250 250 250 250 250 250 250 250 250 250 250 250 250 250 250 250 250 250 250 250 250 250 250 250 250 250 249 249 249 249 249 249 249 249 249 249 249 249 249 250 250 250 250 250 250 250 250 250 250 250 250 250 250 250 250 250 250 250 250 250 250 250 250 250 250 250 250 250 250 250 250 250 250 250 250 250 250 250 250 250 250 250 250 250 250 250 250 250 250 250 250 250 250 250 250 250 250 250 250 250 250 251 251 251 251 251 251 251 251 251 251 251 251 251 251 251 251 251 251 251 251 251 251 251 251 251 251 251 251 251 251 251 251 251 251 251 251 251 251 251 251 251 251 251 251 251 251 251 251 251 251 251 251 251 251 250 250 250 250 251 250 250 250 250 250 250 250 250 251 251 251 250 250 250 250 250 250 250 250 250 250 250 250 250 250 250 250 250 250 250 250 250 250 250 250 250 250 250 250 250 250 250 250 250 250 250 250 250 250 250 250 250 250 250 250 250 250 250 250 250 250 250 250 250 250 250 250 250 250 250 250 250 250 250 250 250 250 250 250 250 250 250 250 250 250 250 250 249 249 249 249 249 249 249 249 249 249 249 249 249 250 250 250 250 250 250 250 250 250 250 250 250 250 250 250 250 250 250 250 250 250 250 250 250 250 250 250 250 250 250 250 250 250 250 250 250 250 250 250 250 250 250 250 250 250 250 250 250 250 250 250 250 250 250 250 250 250 250 250 250 250 250 250 250 251 251 251 251 251 251 251 251 251 251 251 251 251 251 251 251 251 251 251 251 251 251 251 251 251 251 251 251 251 251 251 251 251 251 251 251 251 251 251 251 251 251 251 251 251 251 251 251 251 251 251 251 251 251 251 251 251 251 251 251 251 251 251 251 250 250 250 250 250 250 250 250 250 251 251 251 251 251 251 251 250 250 250 250 250 250 250 250 250 250 250 250 250 250 250 250 250 250 250 250 250 250 250 250 250 250 250 250 250 250 250 250 250 250 250 250 250 250 250 250 250 250 250 250 250 250 250 250 250 250 250 250 250 250 250 250 250 250 250 250 250 250 250 250 250 249 249 249 249 249 249 249 249 249 249 249 249 249 249 250 250 250 250 250 250 250 250 250 250 250 250 250 250 250 250 250 250 250 250 250 250 250 250 250 250 250 250 250 250 250 250 250 250 250 250 250 250 250 250 250 250 250 250 250 250 250 250 250 250 250 250 250 250 250 250 250 250 250 250 250 250 250 250 251 251 251 251 251 251 251 251 251 251 251 251 251 251 251 251 251 251 251 251 251 251 251 251 251 251 251 251 251 251 251 251 251 251 251 251 251 251 251 251 251 251 251 251 251 251 251 251 251 251 251 251 251 251 251 251 251 251 251 251 251 251 251 250 251 251 251 251 251 251 251 251 251 251 251 251 251 251 251 251 251 251 251 251 251 250 250 250 250 250 250 250 250 250 250 250 250 250 250 250 250 250 250 250 250 250 250 250 250 250 250 250 250 250 250 250 250 250 250 250 250 250 250 250 250 250 250 250 250 250 250 250 250 250 250 250 250 250 250 250 250 250 250 250 249 249 249 249 249 249 249 249 249 249 249 249 249 250 250 250 250 250 250 250 250 250 250 250 250 250 250 250 250 250 250 250 250 250 250 250 250 250 250 250 250 250 250 250 250 250 250 250 250 250 250 250 250 250 250 250 250 250 250 250 250 250 250 250 250 250 250 250 250 250 250 250 250 250 250 250 250 250 251 251 251 251 251 251 251 251 251 251 251 251 251 251 251 251 251 251 251 251 251 251 251 251 251 251 251 251 251 251 251 251 251 251 251 251 251 251 251 251 251 251 251 251 251 251 251 251 251 251 251 251 251 251 251 251 251 251 251 251 251 251 251 251 251 251 251 251 251 251 251 251 251 251 251 251 251 251 251 251 251 251 251 251 251 251 251 251 251 251 250 250 250 250 250 250 250 250 250 250 250 250 250 250 250 250 250 250 250 250 250 250 250 250 250 250 250 250 250 250 250 250 250 250 250 250 250 250 250 250 250 250 250 250 250 250 250 250 250 250 250 250 250 250 249 249 249 249 249 249 249 249 249 249 249 249 249 250 250 250 250 250 250 250 250 250 250 250 250 250 250 250 250 250 250 250 250 250 250 250 250 250 250 250 250 250 250 250 250 250 250 250 250 250 250 250 250 250 250 250 250 250 250 250 250 250 250 250 250 250 250 250 250 250 250 250 250 250 250 250 250 250 250 250 250 251 251 251 251 251 251 251 251 251 251 251 251 251 251 251 251 251 251 251 251 251 251 251 251 251 251 251 251 251 251 251 251 251 251 251 251 251 251 251 251 251 251 251 251 251 251 251 251 251 251 251 251 251 251 251 251 251 251 251 251 251 251 251 251 251 251 251 251 251 251 251 251 251 251 251 251 251 251 251 251 251 251 251 251 251 251 251 251 251 251 251 251 251 251 251 251 250 250 250 250 250 250 250 250 250 250 250 250 250 250 250 250 250 250 250 250 250 250 250 250 250 250 250 250 250 250 250 250 250 250 250 250 250 250 250 250 250 250 250 250 250 250 250 249 249 249 249 249 249 249 249 249 249 249 250 250 250 250 250 250 250 250 250 250 250 250 250 250 250 250 250 250 250 250 250 250 250 250 250 250 250 250 250 250 250 250 250 250 250 250 250 250 250 250 250 250 250 250 250 250 250 250 250 250 250 250 250 250 250 250 250 250 250 250 250 250 250 250 250 250 250 250 250 250 251 251 251 251 251 251 251 251 251 251 251 251 251 251 251 251 251 251 251 251 251 251 251 251 251 251 251 251 251 251 251 251 251 251 251 251 251 251 251 251 251 251 251 251 251 251 251 251 251 251 251 251 251 251 251 251 251 251 251 251 251 251 251 251 251 251 251 251 251 251 251 251 251 251 251 251 251 251 251 251 251 251 251 251 251 251 251 251 251 251 251 251 251 251 251 251 251 251 251 250 251 250 250 250 250 250 250 250 250 250 250 250 250 250 250 250 250 250 250 250 250 250 250 250 250 250 250 250 250 250 250 250 250 250 250 250 250 250 250 250 250 250 249 249 249 249 249 249 249 249 250 250 250 250 250 250 250 250 250 250 250 250 250 250 250 250 250 250 250 250 250 250 250 250 250 250 250 250 250 250 250 250 250 250 250 250 250 250 250 250 250 250 250 250 250 250 250 250 250 250 250 250 250 250 250 250 250 250 250 250 250 250 250 250 250 250 250 250 250 250 250 250 250 251 251 251 251 251 251 251 251 251 251 251 251 251 251 251 251 251 251 251 251 251 251 251 251 251 251 251 251 251 251 251 251 251 251 251 251 251 251 251 251 251 251 251 251 251 251 251 251 251 251 251 251 251 251 251 251 251 251 251 251 251 251 251 251 251 251 251 251 251 251 251 251 251 251 251 251 251 251 251 251 251 251 251 251 251 251 251 251 251 251 251 251 251 251 251 251 251 251 251 251 251 251 251 251 250 250 250 250 250 250 250 250 250 250 250 250 250 250 250 250 250 250 250 250 250 250 250 250 250 250 250 250 250 250 250 250 250 250 250 250 250 250 249 249 249 249 249 250 250 250 250 250 250 250 250 250 250 250 250 250 250 250 250 250 250 250 250 250 250 250 250 250 250 250 250 250 250 250 250 250 250 250 250 250 250 250 250 250 250 250 250 250 250 250 250 250 250 250 250 250 250 250 250 250 250 250 250 250 250 250 250 250 250 250 250 250 250 250 250 250 250 250 251 251 251 251 251 251 251 251 251 251 251 251 251 251 251 251 251 251 251 251 251 251 251 251 251 251 251 251 251 251 251 251 251 251 251 251 251 251 251 251 251 251 251 251 251 251 251 251 251 251 251 251 251 251 251 251 251 251 251 251 251 251 251 251 251 251 251 251 251 251 251 251 251 251 251 251 251 251 251 251 251 251 251 251 251 251 251 251 251 251 251 251 251 251 251 251 251 251 251 251 251 251 251 251 251 251 251 251 250 250 250 250 250 250 250 250 250 250 250 250 250 250 250 250 250 250 250 250 250 250 250 250 250 250 250 250 250 250 250 250 250 250 249 249 249 250 250 249 249 250 250 250 250 250 250 250 250 250 250 250 250 250 250 250 250 250 250 250 250 250 250 250 250 250 250 250 250 250 250 250 250 250 250 250 250 250 250 250 250 250 250 250 250 250 250 250 250 250 250 250 250 250 250 250 250 250 250 250 250 250 250 250 250 250 250 250 250 251 251 251 251 251 251 251 251 251 251 251 251 251 251 251 251 251 251 251 251 251 251 251 251 251 251 251 251 251 251 251 251 251 251 251 251 251 251 251 251 251 251 251 251 251 251 251 251 251 251 251 251 251 251 251 251 251 251 251 251 251 251 251 251 251 251 251 251 251 251 251 251 251 251 251 251 251 251 251 251 251 251 251 251 251 251 251 251 251 251 251 251 251 251 251 251 251 251 251 251 251 251 251 251 251 251 251 251 251 251 251 251 251 251 251 251 251 251 250 250 250 250 250 250 250 250 250 250 250 250 250 250 250 250 250 250 250 250 250 250 250 250 250 250 250 250 250 250 250 250 249 249 250 250 250 250 250 250 250 250 250 250 250 250 250 250 250 250 250 250 250 250 250 250 250 250 250 250 250 250 250 250 250 250 250 250 250 250 250 250 250 250 250 250 250 250 250 250 250 250 250 250 250 250 250 250 250 250 250 250 250 250 250 250 250 250 250 250 250 250 250 250 250 251 251 251 251 251 251 251 251 251 251 251 251 251 251 251 251 251 251 251 251 251 251 251 251 251 251 251 251 251 251 251 251 251 251 251 251 251 251 251 251 251 251 251 251 251 251 251 251 251 251 251 251 251 251 251 251 251 251 251 251 251 251 251 251 251 251 251 251 251 251 251 251 251 251 251 251 251 251 251 251 251 251 251 251 251 251 251 251 251 251 251 251 251 251 251 251 251 251 251 251 251 251 251 251 251 251 251 251 251 251 251 251 251 251 251 251 251 251 251 251 251 251 251 251 250 250 250 250 250 250 250 250 250 250 250 250 250 250 250 250 250 250 250 250 250 250 250 250 250 250 250 250 250 250 250 250 250 250 250 250 250 250 250 250 250 250 250 250 250 250 250 250 250 250 250 250 250 250 250 250 250 250 250 250 250 250 250 250 250 250 250 250 250 250 250 250 250 250 250 250 250 250 250 250 250 250 250 250 250 250 250 250 250 250 250 250 250 250 250 250 250 250 250 250 250 250 250 251 251 251 251 251 251 251 251 251 251 251 251 251 251 251 251 251 251 251 251 251 251 251 251 251 251 251 251 251 251 251 251 251 251 251 251 251 251 251 251 251 251 251 251 251 251 251 251 251 251 251 251 251 251 251 251 251 251 251 251 251 251 251 251 251 251 251 251 251 251 251 251 251 251 251 251 251 251 251 251 251 251 251 251 251 251 251 251 251 251 251 251 251 251 251 251 251 251 251 251 251 251 251 251 251 251 251 251 251 251 251 251 251 251 251 251 251 251 251 251 251 251 251 251 251 251 251 251 251 250 250 250 250 250 250 250 250 250 250 250 250 250 250 250 250 250 250 250 250 250 250 250 250 250 250 250 250 250 250 250 250 250 250 250 250 250 250 250 250 250 250 250 250 250 250 250 250 250 250 250 250 250 250 250 250 250 250 250 250 250 250 250 250 250 250 250 250 250 250 250 250 250 250 250 250 250 250 250 250 250 250 250 250 250 250 250 250 250 250 250 250 250 250 250 250 250 250 250 251 251 251 251 251 251 251 251 251 251 251 251 251 251 251 251 251 251 251 251 251 251 251 251 251 251 251 251 251 251 251 251 251 251 251 251 251 251 251 251 251 251 251 251 251 251 251 251 251 251 251 251 251 251 251 251 251 251 251 251 251 251 251 251 251 251 251 251 251 251 251 251 251 251 251 251 251 251 251 251 251 251 251 251 251 251 251 251 251 251 251 251 251 251 251 251 251 251 251 251 251 251 251 251 251 251 251 251 251 251 251 251 251 251 251 251 251 251 251 251 251 251 251 251 251 251 251 251 251 251 251 251 251 250 250 250 250 250 250 250 250 250 250 250 250 250 250 250 250 250 250 250 250 250 250 250 250 250 250 250 250 250 250 250 250 250 250 250 250 250 250 250 250 250 250 250 250 250 250 250 250 250 250 250 250 250 250 250 250 250 250 250 250 250 250 250 250 250 250 250 250 250 250 250 250 250 250 250 250 250 250 250 250 250 250 250 250 250 250 250 250 250 250 251 251 251 251 251 251 251 251 251 251 251 251 251 251 251 251 251 251 251 251 251 251 251 251 251 251 251 251 251 251 251 251 251 251 251 251 251 251 251 251 251 251 251 251 251 251 251 251 251 251 251 251 251 251 251 251 251 251 251 251 251 251 251 251 251 251 251 251 251 251 251 251 251 251 251 251 251 251 251 251 251 251 251 251 251 251 251 251 251 251 251 251 251 251 251 251 251 251 251 251 251 251 251 251 251 251 251 251 251 251 251 251 251 251 251 251 251 251 251 251 251 251 251 251 251 251 251 251 251 251 251 251 251 251 251 251 251 251 250 250 250 250 250 250 250 250 250 250 250 250 250 250 250 250 250 250 250 250 250 250 250 250 250 250 250 250 250 250 250 250 250 250 250 250 250 250 250 250 250 250 250 250 250 250 250 250 250 250 250 250 250 250 250 250 250 250 250 250 250 250 250 250 250 250 250 250 250 250 250 250 250 250 250 250 250 250 250 250 250 250 250 250 251 251 251 251 251 251 251 251 251 251 251 251 251 251 251 251 251 251 251 251 251 251 251 251 251 251 251 251 251 251 251 251 251 251 251 251 251 251 251 251 251 251 251 251 251 251 251 251 251 251 251 251 251 251 251 251 251 251 251 251 251 251 251 251 251 251 251 251 251 251 251 251 251 251 251 251 251 251 251 251 251 251 251 251 251 251 251 251 251 251 251 251 251 251 251 251 251 251 251 251 251 251 251 251 251 251 251 251 251 251 251 251 251 251 251 251 251 251 251 251 251 251 251 251 251 251 251 251 251 251 251 251 251 251 251 251 251 251 251 251 251 251 251 250 250 250 250 250 250 250 250 250 250 250 250 250 250 250 250 250 250 250 250 250 250 250 250 250 250 249 249 249 249 250 250 250 250 250 250 250 250 250 250 250 250 250 250 250 250 250 250 250 250 250 250 250 250 250 250 250 250 250 250 250 250 250 250 250 250 250 250 250 250 250 250 250 250 251 251 251 251 251 251 251 251 251 251 251 251 251 251 251 251 251 251 251 251 251 251 251 251 251 251 251 251 251 251 251 251 251 251 251 251 251 251 251 251 251 251 251 251 251 251 251 251 251 251 251 251 251 251 251 251 251 251 251 251 251 251 251 251 251 251 251 251 251 251 251 251 251 251 251 251 251 251 251 251 251 251 251 251 251 251 251 251 251 251 251 251 251 251 251 251 251 251 251 251 251 251 251 251 251 251 251 251 251 251 251 251 251 251 251 251 251 251 251 251 251 251 251 251 251 251 251 251 251 251 251 251 251 251 251 251 251 251 251 251 251 251 251 251 251 251 251 251 251 250 250 250 250 250 250 250 250 250 250 250 250 250 250 250 250 250 250 250 250 250 250 250 250 250 250 250 250 250 250 250 250 250 250 250 250 250 250 250 250 250 250 250 250 250 250 250 250 250 250 250 250 250 250 250 250 250 250 250 250 251 251 251 251 251 251 251 251 251 251 251 251 251 251 251 251 251 251 251 251 251 251 251 251 251 251 251 251 251 251 251 251 251 251 251 251 251 251 251 251 251 251 251 251 251 251 251 251 251 251 251 251 251 251 251 251 251 251 251 251 251 251 251 251 251 251 251 251 251 251 251 251 251 251 251 251 251 251 251 251 251 251 251 251 251 251 251 251 251 251 251 251 251 251 251 251 251 251 251 251 251 251 251 251 251 251 251 251 251 251 251 251 251 251 251 251 251 251 251 251 251 251 251 251 251 251 251 251 251 251 251 251 251 251 251 251 251 251 251 251 251 251 251 251 251 251 251 251 251 251 251 251 251 250 250 250 250 250 250 250 250 250 250 250 250 250 250 250 250 250 250 250 250 250 250 250 250 250 250 250 250 250 250 250 250 250 250 250 250 250 250 250 250 250 250 250 250 250 250 250 250 250 250 250 250 250 251 251 251 251 251 251 251 251 251 251 251 251 251 251 251 251 251 251 251 251 251 251 251 251 251 251 251 251 251 251 251 251 251 251 251 251 251 251 251 251 251 251 251 251 251 251 251 251 251 251 251 251 251 251 251 251 251 251 251 251 251 251 251 251 251 251 251 251 251 251 251 251 251 251 251 251 251 251 251 251 251 251 251 251 251 251 251 251 251 251 251 251 251 251 251 251 251 251 251 251 251 251 251 251 251 251 251 251 251 251 251 251 251 251 251 251 251 251 251 251 251 251 251 251 251 251 251 251 251 251 251 251 251 251 251 251 251 251 251 251 251 251 251 251 251 251 251 251 251 251 251 251 251 251 251 251 251 250 250 250 250 250 250 250 250 250 250 250 250 250 250 250 250 250 250 250 250 250 250 250 250 250 250 250 250 250 250 250 250 250 250 250 250 250 250 250 250 250 250 250 250 250 250 250 251 251 251 251 251 251 251 251 251 251 251 251 251 251 251 251 251 251 251 251 251 251 251 251 251 251 251 251 251 251 251 251 251 251 251 251 251 251 251 251 251 251 251 251 251 251 251 251 251 251 251 251 251 251 251 251 251 251 251 251 251 251 251 251 251 251 251 251 251 251 251 251 251 251 251 251 251 251 251 251 251 251 251 251 251 251 251 251 251 251 251 251 251 251 251 251 251 251 251 251 251 251 251 251 251 251 251 251 251 251 251 251 251 251 251 251 251 251 251 251 251 251 251 251 251 251 251 251 251 251 251 251 251 251 251 251 251 251 251 251 251 251 251 251 251 251 251 251 251 251 251 251 251 251 251 251 251 251 251 251 251 251 250 250 250 250 250 250 250 250 250 250 250 250 250 250 250 250 250 250 250 250 250 250 250 250 250 250 250 250 250 250 250 250 250 250 250 250 250 250 250 250 251 251 251 251 251 251 251 251 251 251 251 251 251 251 251 251 251 251 251 251 251 251 251 251 251 251 251 251 251 251 251 251 251 251 251 251 251 251 251 251 251 251 251 251 251 251 251 251 251 251 251 251 251 251 251 251 251 251 251 251 251 251 251 251 251 251 251 251 251 251 251 251 251 251 251 251 251 251 251 251 251 251 251 251 251 251 251 251 251 251 251 251 251 251 251 251 251 251 251 251 251 251 251 251 251 251 251 251 251 251 251 251 251 251 251 251 251 251 251 251 251 251 251 251 251 251 251 251 251 251 251 251 251 251 251 251 251 251 251 251 251 251 251 251 251 251 251 251 251 251 251 251 251 251 251 251 251 251 251 251 251 251 251 251 251 251 250 250 250 250 250 250 250 250 250 250 250 250 250 250 250 250 250 250 250 250 250 250 250 250 250 250 250 250 250 250 250 250 250 250 251 251 251 251 251 251 251 251 251 251 251 251 251 251 251 251 251 251 251 251 251 251 251 251 251 251 251 251 251 251 251 251 251 251 251 251 251 251 251 251 251 251 251 251 251 251 251 251 251 251 251 251 251 251 251 251 251 251 251 251 251 251 251 251 251 251 251 251 251 251 251 251 251 251 251 251 251 251 251 251 251 251 251 251 251 251 251 251 251 251 251 251 251 251 251 251 251 251 251 251 251 251 251 251 251 251 251 251 251 251 251 251 251 251 251 251 251 251 251 251 251 251 251 251 251 251 251 251 251 251 251 251 251 251 251 251 251 251 251 251 251 251 251 251 251 251 251 251 251 251 251 251 251 251 251 251 251 251 251 251 251 251 251 251 251 251 251 251 251 251 250 250 250 250 250 250 250 250 250 250 250 250 250 250 250 250 250 250 250 250 250 250 250 250 250 250 250 250 250 250 250 250 250 250 250 250 251 251 251 251 251 251 251 251 251 251 251 251 251 251 251 251 251 251 251 251 251 251 251 251 251 251 251 251 251 251 251 251 251 251 251 251 251 251 251 251 251 251 251 251 251 251 251 251 251 251 251 251 251 251 251 251 251 251 251 251 251 251 251 251 251 251 251 251 251 251 252 252 252 252 251 251 251 251 251 251 251 251 251 251 251 251 251 251 251 251 251 251 251 251 251 251 251 251 251 251 251 251 251 251 251 251 251 251 251 251 251 251 251 251 251 251 251 251 251 251 251 251 251 251 251 251 251 251 251 251 251 251 251 251 251 251 251 251 251 251 251 251 251 251 251 251 251 251 251 251 251 251 251 251 251 251 251 251 251 251 251 251 251 251 251 251 251 251 251 251 251 251 251 251 251 250 250 250 250 250 250 250 250 250 250 250 250 250 250 250 250 250 250 250 250 250 250 250 250 250 250 250 250 250 250 250 250 250 250 250 250 250 250 251 251 251 251 251 251 251 251 251 251 251 251 251 251 251 251 251 251 251 251 251 251 251 251 251 251 251 251 251 251 251 251 251 251 251 251 251 251 251 251 251 251 251 251 251 251 251 251 251 251 251 251 251 251 251 251 251 251 251 251 251 251 251 251 251 251 251 251 251 251 251 251 251 251 251 251 251 252 252 252 252 252 252 251 251 251 251 251 251 251 251 251 251 251 251 251 251 251 251 251 251 251 251 251 251 251 251 251 251 251 251 251 251 251 251 251 251 251 251 251 251 251 251 251 251 251 251 251 251 251 251 251 251 251 251 251 251 251 251 251 251 251 251 251 251 251 251 251 251 251 251 251 251 251 251 251 251 251 251 251 251 251 251 251 251 251 251 251 251 251 251 251 251 251 251 251 251 250 250 250 250 250 250 250 250 250 250 250 250 250 250 250 250 250 250 250 250 250 250 250 250 250 250 250 250 250 250 250 250 250 250 250 250 250 250 250 250 250 250 251 251 251 251 251 251 251 251 251 251 251 251 251 251 251 251 251 251 251 251 251 251 251 251 251 251 251 251 251 251 251 251 251 251 251 251 251 251 251 251 251 251 251 251 251 251 251 251 251 251 251 251 251 251 251 251 251 251 251 251 251 251 251 251 251 251 252 252 252 252 252 252 252 252 252 252 252 252 252 252 252 252 252 252 252 252 252 252 251 251 251 251 251 251 251 251 251 251 251 251 251 251 251 251 251 251 251 251 251 251 251 251 251 251 251 251 251 251 251 251 251 251 251 251 251 251 251 251 251 251 251 251 251 251 251 251 251 251 251 251 251 251 251 251 251 251 251 251 251 251 251 251 251 251 251 251 251 251 251 251 251 251 251 251 251 251 251 251 251 251 251 251 251 251 251 251 251 251 251 251 251 250 250 250 250 250 250 250 251 251 250 250 250 250 250 250 250 250 250 250 250 250 250 250 250 250 250 250 250 250 250 250 250 250 250 250 250 250 250 250 250 250 251 251 251 251 251 251 251 251 251 251 251 251 251 251 251 251 251 251 251 251 251 251 251 251 251 251 251 251 251 251 251 251 251 251 251 251 251 251 251 251 251 251 251 251 251 251 251 251 251 251 251 251 251 251 251 251 251 251 251 251 251 251 252 252 252 252 252 252 252 252 252 252 252 252 252 252 252 252 252 252 252 252 252 252 252 252 252 252 252 251 251 251 251 251 251 251 251 251 251 251 251 251 251 251 251 251 251 251 251 251 251 251 251 251 251 251 251 251 251 251 251 251 251 251 251 251 251 251 251 251 251 251 251 251 251 251 251 251 251 251 251 251 251 251 251 251 251 251 251 251 251 251 251 251 251 251 251 251 251 251 251 251 251 251 251 251 251 251 251 251 251 251 251 251 251 251 251 251 251 251 251 251 251 251 250 250 250 250 250 251 251 251 251 250 250 250 250 250 250 250 250 250 250 250 250 250 250 250 250 250 250 250 250 250 250 250 250 250 250 250 250 250 250 250 251 251 251 251 251 251 251 251 251 251 251 251 251 251 251 251 251 251 251 251 251 251 251 251 251 251 251 251 251 251 251 251 251 251 251 251 251 251 251 251 251 251 251 251 251 251 251 251 251 251 251 251 251 251 251 251 251 251 251 251 252 252 252 252 252 252 252 252 252 252 252 252 252 252 252 252 252 252 252 252 252 252 252 252 252 252 252 252 252 252 252 251 251 251 251 251 251 251 251 251 251 251 251 251 251 251 251 251 251 251 251 251 251 251 251 251 251 251 251 251 251 251 251 251 251 251 251 251 251 251 251 251 251 251 251 251 251 251 251 251 251 251 251 251 251 251 251 251 251 251 251 251 251 251 251 251 251 251 251 251 251 251 251 251 251 251 251 251 251 251 251 251 251 251 251 251 251 251 251 251 251 251 251 251 251 251 251 251 250 250 250 251 251 251 251 251 250 250 250 250 250 250 250 250 250 250 250 250 250 250 250 250 250 250 250 250 250 250 250 250 250 250 250 250 251 251 251 251 251 251 251 251 251 251 251 251 251 251 251 251 251 251 251 251 251 251 251 251 251 251 251 251 251 251 251 251 251 251 251 251 251 251 251 251 251 251 251 251 251 251 251 251 251 251 251 251 251 251 251 251 251 251 252 252 252 252 252 252 252 252 252 252 252 252 252 252 252 252 252 252 252 252 252 252 252 252 252 252 252 252 252 252 252 252 252 252 252 251 251 251 251 251 251 251 251 251 251 251 251 251 251 251 251 251 251 251 251 251 251 251 251 251 251 251 251 251 251 251 251 251 251 251 251 251 251 251 251 251 251 251 251 251 251 251 251 251 251 251 251 251 251 251 251 251 251 251 251 251 251 251 251 251 251 251 251 251 251 251 251 251 251 251 251 251 251 251 251 251 251 251 251 251 251 251 251 251 251 251 251 251 251 251 251 251 251 250 250 251 251 251 251 251 251 250 250 250 250 250 250 250 250 250 250 250 250 250 250 250 250 250 250 250 250 250 250 250 250 250 250 251 250 250 251 251 251 251 251 251 251 251 251 251 251 251 251 251 251 251 251 251 251 251 251 251 251 251 251 251 251 251 251 251 251 251 251 251 251 251 251 251 251 251 251 251 251 251 251 251 251 251 251 251 251 251 251 252 252 252 252 252 252 252 252 252 252 252 252 252 252 252 252 252 252 252 252 252 252 252 252 252 252 252 252 252 252 252 252 252 252 252 252 252 252 251 251 251 251 251 251 251 251 251 251 251 251 251 251 251 251 251 251 251 251 251 251 251 251 251 251 251 251 251 251 251 251 251 251 251 251 251 251 251 251 251 251 251 251 251 251 251 251 251 251 251 251 251 251 251 251 251 251 251 251 251 251 251 251 251 251 251 251 251 251 251 251 251 251 251 251 251 251 251 251 251 251 251 251 251 251 251 251 251 251 251 251 251 251 251 251 251 251 251 251 251 251 251 251 251 250 250 250 250 250 250 250 250 250 250 250 250 250 250 250 250 250 250 250 250 250 250 250 251 251 250 251 251 251 251 251 251 251 251 251 251 251 251 251 251 251 251 251 251 251 251 251 251 251 251 251 251 251 251 251 251 251 251 251 251 251 251 251 251 251 251 251 251 251 251 251 251 251 251 251 251 252 252 252 252 252 252 252 252 252 252 252 252 252 252 252 252 252 252 252 252 252 252 252 252 252 252 252 252 252 252 252 252 252 252 252 252 252 252 252 252 252 252 251 251 251 251 251 251 251 251 251 251 251 251 251 251 251 251 251 251 251 251 251 251 251 251 251 251 251 251 251 251 251 251 251 251 251 251 251 251 251 251 251 251 251 251 251 251 251 251 251 251 251 251 251 251 251 251 251 251 251 251 251 251 251 251 251 251 251 251 251 251 251 251 251 251 251 251 251 251 251 251 251 251 251 251 251 251 251 251 251 251 251 251 251 251 251 251 251 251 251 251 251 251 251 251 250 250 250 250 250 250 250 250 250 250 250 250 250 250 250 251 251 250 250 250 251 251 251 251 251 251 251 251 251 251 251 251 251 251 251 251 251 251 251 251 251 251 251 251 251 251 251 251 251 251 251 251 251 251 251 251 251 251 251 251 251 251 251 251 251 251 251 251 251 251 251 251 251 252 252 252 252 252 252 252 252 252 252 252 252 252 252 252 252 252 252 252 252 252 252 252 252 252 252 252 252 252 252 252 252 252 252 252 252 252 252 252 252 252 252 252 252 252 252 252 252 252 251 251 251 251 251 251 251 251 251 251 251 251 251 251 251 251 251 251 251 251 251 251 251 251 251 251 251 251 251 251 251 251 251 251 251 251 251 251 251 251 251 251 251 251 251 251 251 251 251 251 251 251 251 251 251 251 251 251 251 251 251 251 251 251 251 251 251 251 251 251 251 251 251 251 251 251 251 251 251 251 251 251 251 251 251 251 251 251 251 251 251 251 251 251 251 251 251 251 251 251 251 251 250 250 250 250 250 250 250 250 250 250 250 250 250 250 250 250 251 251 251 251 251 251 251 251 251 251 251 251 251 251 251 251 251 251 251 251 251 251 251 251 251 251 251 251 251 251 251 251 251 251 251 251 251 251 251 251 251 251 251 251 251 251 251 251 251 251 251 251 251 251 251 252 252 252 252 252 252 252 252 252 252 252 252 252 252 252 252 252 252 252 252 252 252 252 252 252 252 252 252 252 252 252 252 252 252 252 252 252 252 252 252 252 252 252 252 252 252 252 252 252 252 252 252 252 252 252 252 252 251 251 251 251 251 251 251 251 251 251 251 251 251 251 251 251 251 251 251 251 251 251 251 251 251 251 251 251 251 251 251 251 251 251 251 251 251 251 251 251 251 251 251 251 251 251 251 251 251 251 251 251 251 251 251 251 251 251 251 251 251 251 251 251 251 251 251 251 251 251 251 251 251 251 251 251 251 251 251 251 251 251 251 251 251 251 251 251 252 252 252 251 251 251 251 251 251 251 251 250 250 250 250 250 250 250 250 250 250 250 250 250 250 250 250 250 251 251 251 251 251 251 251 251 251 251 251 251 251 251 251 251 251 251 251 251 251 251 251 251 251 251 251 251 251 251 251 251 251 251 251 251 251 251 251 251 251 251 251 251 251 251 251 251 251 251 252 252 252 252 252 252 252 252 252 252 252 252 252 252 252 252 252 252 252 252 252 252 252 252 252 252 252 252 252 252 252 252 252 252 252 252 252 252 252 252 252 252 252 252 252 252 252 252 252 252 252 252 252 252 252 252 252 252 252 252 252 252 252 252 251 251 251 251 251 251 251 251 251 251 251 251 251 251 251 251 251 251 251 251 251 251 251 251 251 251 251 251 251 251 251 251 251 251 251 251 251 251 251 251 251 251 251 251 251 251 251 251 251 251 251 251 251 251 251 251 251 251 251 251 251 251 251 251 251 251 251 251 251 251 251 251 251 251 251 251 251 251 251 251 251 251 251 251 251 251 252 252 252 251 251 251 251 251 251 251 251 250 250 250 250 250 250 250 250 250 250 250 250 250 250 250 250 250 250 250 250 250 250 250 251 251 251 251 251 251 251 251 251 251 251 251 251 251 251 251 251 251 251 251 251 251 251 251 251 251 251 251 251 251 251 251 251 251 251 251 251 251 251 251 251 251 251 251 251 251 251 251 251 251 252 252 252 252 252 252 252 252 252 252 252 252 252 252 252 252 252 252 252 252 252 252 252 252 252 252 252 252 252 252 252 252 252 252 252 252 252 252 252 252 252 252 252 252 252 252 252 252 252 252 252 252 252 252 252 252 252 252 252 252 252 252 252 252 252 252 252 251 251 251 251 251 251 251 251 251 251 251 251 251 251 251 251 251 251 251 251 251 251 251 251 251 251 251 251 251 251 251 251 251 251 251 251 251 251 251 251 251 251 251 251 251 251 251 251 251 251 251 251 251 251 251 251 251 251 251 251 251 251 251 251 251 251 251 251 251 251 251 251 251 251 251 251 251 251 251 251 251 251 251 252 252 252 251 251 251 251 251 251 251 251 251 250 250 250 250 250 250 250 250 250 250 250 250 250 250 250 250 250 250 250 250 250 250 250 250 251 251 251 251 251 251 251 251 251 251 251 251 251 251 251 251 251 251 251 251 251 251 251 251 251 251 251 251 251 251 251 251 251 251 251 251 251 251 251 251 251 251 251 251 251 251 251 251 251 251 252 252 252 252 252 252 252 252 252 252 252 252 252 252 252 252 252 252 252 252 252 252 252 252 252 252 252 252 252 252 252 252 252 252 252 252 252 252 252 252 252 252 252 252 252 252 252 252 252 252 252 252 252 252 252 252 252 252 252 252 252 252 252 252 252 252 252 252 252 252 252 251 251 251 251 251 251 251 251 251 251 251 251 251 251 251 251 251 251 251 251 251 251 251 251 251 251 251 251 251 251 251 251 251 251 251 251 251 251 251 251 251 251 251 251 251 251 251 251 251 251 251 251 251 251 251 251 251 251 251 251 251 251 251 251 251 251 251 251 251 251 251 251 251 251 251 251 251 251 251 252 252 252 252 252 251 251 251 251 251 251 251 250 250 250 250 250 250 250 250 250 250 250 250 250 250 250 250 250 250 250 250 250 250 250 250 251 251 251 251 251 251 251 251 251 251 251 251 251 251 251 251 251 251 251 251 251 251 251 251 251 251 251 251 251 251 251 251 251 251 251 251 251 251 251 251 251 251 251 251 251 251 251 251 251 251 252 252 252 252 252 252 252 252 252 252 252 252 252 252 252 252 252 252 252 252 252 252 252 252 252 252 252 252 252 252 252 252 252 252 252 252 252 252 252 252 252 252 252 252 252 252 252 252 252 252 252 252 252 252 252 252 252 252 252 252 252 252 252 252 252 252 252 252 252 252 252 252 252 251 251 252 251 251 251 251 251 251 251 251 251 251 251 251 251 251 251 251 251 251 251 251 251 251 251 251 251 251 251 251 251 251 251 251 251 251 251 251 251 251 251 251 251 251 251 251 251 251 251 251 251 251 251 251 251 251 251 251 251 251 251 251 251 251 251 251 251 251 251 251 251 251 251 251 251 251 252 252 252 252 252 252 251 251 251 251 251 251 251 251 250 250 250 250 250 250 250 250 250 250 250 250 250 250 250 250 250 250 250 250 250 250 250 251 251 251 251 251 251 251 251 251 251 251 251 251 251 251 251 251 251 251 251 251 251 251 251 251 251 251 251 251 251 251 251 251 251 251 251 251 251 251 251 251 251 251 251 251 251 251 251 251 251 252 252 252 252 252 252 252 252 252 252 252 252 252 252 252 252 252 252 252 252 252 252 252 252 252 252 252 252 252 252 252 252 252 252 252 252 252 252 252 252 252 252 252 252 252 252 252 252 252 252 252 252 252 252 252 252 252 252 252 252 252 252 252 252 252 252 252 252 252 252 252 252 252 252 251 252 252 251 252 251 251 252 252 252 252 251 251 251 251 251 251 251 251 251 251 251 251 251 251 251 251 251 251 251 251 251 251 251 251 251 251 251 251 251 251 251 251 251 251 251 251 251 251 251 251 251 251 251 251 251 251 251 251 251 251 251 251 251 251 251 251 251 251 251 251 251 251 251 251 251 252 252 252 252 252 252 252 251 251 251 251 251 251 251 251 250 250 250 250 250 250 250 250 250 250 250 250 250 250 250 250 250 250 250 250 250 251 251 251 251 251 251 251 251 251 251 251 251 251 251 251 251 251 251 251 251 251 251 251 251 251 251 251 251 251 251 251 251 251 251 251 251 251 251 251 251 251 251 251 251 251 251 251 251 251 251 252 252 252 252 252 252 252 252 252 252 252 252 252 252 252 252 252 252 252 252 252 252 252 252 252 252 252 252 252 252 252 252 252 252 252 252 252 252 252 252 252 252 252 252 252 252 252 252 252 252 252 252 252 252 252 252 252 252 252 252 252 252 252 252 252 252 252 252 252 252 252 252 252 252 252 252 252 252 252 252 252 252 252 252 252 252 252 252 252 251 251 251 251 251 251 251 251 251 251 251 251 251 251 251 251 251 251 251 251 251 251 251 251 251 251 251 251 251 251 251 251 251 251 251 251 251 251 251 251 251 251 251 251 251 251 251 251 251 251 251 251 251 251 251 251 251 251 251 251 251 252 252 252 252 252 252 252 252 251 251 251 251 251 251 251 251 251 250 250 250 250 250 250 250 250 250 250 250 250 250 250 250 250 250 250 250 251 251 251 251 251 251 251 251 251 251 251 251 251 251 251 251 251 251 251 251 251 251 251 251 251 251 251 251 251 251 251 251 251 251 251 251 251 251 251 251 251 251 251 251 251 251 251 251 251 251 252 252 252 252 252 252 252 252 252 252 252 252 252 252 252 252 252 252 252 252 252 252 252 252 252 252 252 252 252 252 252 252 252 252 252 252 252 252 252 252 252 252 252 252 252 252 252 252 252 252 252 252 252 252 252 252 252 252 252 252 252 252 252 252 252 252 252 252 252 252 252 252 252 252 252 252 252 252 252 252 252 252 252 252 252 252 252 252 252 252 252 252 251 251 251 251 251 251 251 251 251 251 251 251 251 251 251 251 251 251 251 251 251 251 251 251 251 251 251 251 251 251 251 251 251 251 251 251 251 251 251 251 251 251 251 251 251 251 251 251 251 251 251 251 251 251 251 251 251 251 252 252 252 252 252 252 252 252 252 251 251 251 251 251 251 251 251 251 250 250 250 250 250 250 250 250 250 250 250 250 250 250 250 250 250 250 251 251 251 251 251 251 251 251 251 251 251 251 251 251 251 251 251 251 251 251 251 251 251 251 251 251 251 251 251 251 251 251 251 251 251 251 251 251 251 251 251 251 251 251 251 251 251 251 251 251 252 252 252 252 252 252 252 252 252 252 252 252 252 252 252 252 252 252 252 252 252 252 252 252 252 252 252 252 252 252 252 252 252 252 252 252 252 252 252 252 252 252 252 252 252 252 252 252 252 252 252 252 252 252 252 252 252 252 252 252 252 252 252 252 252 252 252 252 252 252 252 252 252 252 252 252 252 252 252 252 252 252 252 252 252 252 252 252 252 252 252 252 252 252 252 251 251 251 251 251 251 251 251 251 251 251 251 251 251 251 251 251 251 251 251 251 251 251 251 251 251 251 251 251 251 251 251 251 251 251 251 251 251 251 251 251 251 251 251 251 251 251 251 251 251 251 251 251 251 251 252 252 252 252 252 252 252 252 252 252 252 251 251 251 251 251 251 251 251 250 250 250 250 250 250 250 250 250 251 251 251 251 251 251 251 251 251 251 251 251 251 251 251 251 251 251 251 251 251 251 251 251 251 251 251 251 251 251 251 251 251 251 251 251 251 251 251 251 251 251 251 251 251 251 251 251 251 252 252 252 252 252 252 252 252 252 252 252 252 252 252 252 252 252 252 252 252 252 252 252 252 252 252 252 252 252 252 252 252 252 252 252 252 252 252 252 252 252 252 252 252 252 252 252 252 252 252 252 252 252 252 252 252 252 252 252 252 252 252 252 252 252 252 252 252 252 252 252 252 252 252 252 252 252 252 252 252 252 252 252 252 252 252 252 252 252 252 252 252 252 252 252 252 252 252 251 251 251 251 251 251 251 251 251 251 251 251 251 251 251 251 251 251 251 251 251 251 251 251 251 251 251 251 251 251 251 251 251 251 251 251 251 251 251 251 251 251 251 251 251 251 251 251 251 251 251 251 251 252 252 252 252 252 252 252 252 252 252 252 251 251 251 251 251 251 251 251 251 251 250 250 250 250 250 250 250 250 251 251 251 251 251 251 251 251 251 251 251 251 251 251 251 251 251 251 251 251 251 251 251 251 251 251 251 251 251 251 251 251 251 251 251 251 251 251 251 251 251 251 251 251 251 251 251 251 252 252 252 252 252 252 252 252 252 252 252 252 252 252 252 252 252 252 252 252 252 252 252 252 252 252 252 252 252 252 252 252 252 252 252 252 252 252 252 252 252 252 252 252 252 252 252 252 252 252 252 252 252 252 252 252 252 252 252 252 252 252 252 252 252 252 252 252 252 252 252 252 252 252 252 252 252 252 252 252 252 252 252 252 252 252 252 252 252 252 252 252 252 252 252 252 252 252 252 252 252 251 251 251 251 251 251 251 251 251 251 251 251 251 251 251 251 251 251 251 251 251 251 251 251 251 251 251 251 251 251 251 251 251 251 251 251 251 251 251 251 251 251 251 251 251 251 251 251 251 251 251 252 252 252 252 252 252 252 252 252 252 252 252 251 251 251 251 251 251 251 251 251 251 251 251 250 250 250 250 250 250 250 250 251 251 251 251 251 251 251 251 251 251 251 251 251 251 251 251 251 251 251 251 251 251 251 251 251 251 251 251 251 251 251 251 251 251 251 251 251 251 251 251 251 251 251 251 251 251 251 252 252 252 252 252 252 252 252 252 252 252 252 252 252 252 252 252 252 252 252 252 252 252 252 252 252 252 252 252 252 252 252 252 252 252 252 252 252 252 252 252 252 252 252 252 252 252 252 252 252 252 252 252 252 252 252 252 252 252 252 252 252 252 252 252 252 252 252 252 252 252 252 252 252 252 252 252 252 252 252 252 252 252 252 252 252 252 252 252 252 252 252 252 252 252 252 252 252 252 252 252 252 251 251 251 251 251 251 251 251 251 251 251 251 251 251 251 251 251 251 251 251 251 251 251 251 251 251 251 251 251 251 251 251 251 251 251 251 251 251 251 251 251 251 251 251 251 251 251 251 251 251 251 252 252 252 252 252 252 252 252 252 252 252 252 252 251 251 251 251 251 251 251 251 251 251 251 251 251 251 251 251 251 250 250 250 250 250 250 250 250 251 251 251 251 251 251 251 251 251 251 251 251 251 251 251 251 251 251 251 251 251 251 251 251 251 251 251 251 251 251 251 251 251 251 251 251 251 251 251 251 251 251 251 251 251 251 252 252 252 252 252 252 252 252 252 252 252 252 252 252 252 252 252 252 252 252 252 252 252 252 252 252 252 252 252 252 252 252 252 252 252 252 252 252 252 252 252 252 252 252 252 252 252 252 252 252 252 252 252 252 252 252 252 252 252 252 252 252 252 252 252 252 252 252 252 252 252 252 252 252 252 252 252 252 252 252 252 252 252 252 252 252 252 252 252 252 252 252 252 252 252 252 252 252 252 252 252 252 252 252 251 251 251 251 251 251 251 251 251 251 251 251 251 251 251 251 251 251 251 251 251 251 251 251 251 251 251 251 251 251 251 251 251 251 251 251 251 251 251 251 251 251 251 251 251 251 251 251 251 251 252 252 252 252 252 252 252 252 252 252 252 252 252 252 251 251 251 251 251 251 251 251 251 251 251 251 251 251 251 251 251 251 251 251 250 250 250 250 250 250 250 250 251 251 251 251 251 251 251 251 251 251 251 251 251 251 251 251 251 251 251 251 251 251 251 251 251 251 251 251 251 251 251 251 251 251 251 251 251 251 251 251 251 251 251 251 251 252 252 252 252 252 252 252 252 252 252 252 252 252 252 252 252 252 252 252 252 252 252 252 252 252 252 252 252 252 252 252 252 252 252 252 252 252 252 252 252 252 252 252 252 252 252 252 252 252 252 252 252 252 252 252 252 252 252 252 252 252 252 252 252 252 252 252 252 252 252 252 252 252 252 252 252 251 251 251 252 252 252 252 252 252 252 252 252 252 252 252 252 252 252 252 252 252 252 252 252 252 252 252 252 252 251 251 251 251 251 251 251 251 251 251 251 251 251 251 251 251 251 251 251 251 251 251 251 251 251 251 251 251 251 251 251 251 251 251 251 251 251 251 251 251 251 251 251 251 251 251 251 251 251 251 252 252 252 252 252 252 252 252 252 252 252 252 252 252 252 251 251 251 251 251 251 251 251 251 251 251 251 251 251 251 251 251 251 251 251 251 251 251 250 250 250 250 250 250 250 251 251 251 251 251 251 251 251 251 251 251 251 251 251 251 251 251 251 251 251 251 251 251 251 251 251 251 251 251 251 251 251 251 251 251 251 251 251 251 251 251 251 251 251 252 252 252 252 252 252 252 252 252 252 252 252 252 252 252 252 252 252 252 252 252 252 252 252 252 252 252 252 252 252 252 252 252 252 252 252 252 252 252 252 252 252 252 252 252 252 252 252 252 252 252 252 252 252 252 252 252 252 252 252 252 252 252 252 252 252 252 252 252 252 252 252 252 252 252 252 252 252 252 252 252 251 251 251 252 252 252 252 252 252 252 252 252 252 252 252 252 252 252 252 252 252 252 252 252 252 251 251 251 251 251 251 252 252 251 251 251 251 251 251 251 251 251 251 251 251 251 251 251 251 251 251 251 251 251 251 251 251 251 251 251 251 251 251 251 251 251 251 251 251 251 251 251 251 251 251 252 252 252 252 252 252 252 252 252 252 252 252 252 252 252 252 251 251 251 251 251 251 251 251 251 251 251 251 251 251 251 251 251 251 251 251 251 251 251 251 251 251 251 250 250 250 250 250 251 251 251 251 251 251 251 251 251 251 251 251 251 251 251 251 251 251 251 251 251 251 251 251 251 251 251 251 251 251 251 251 251 251 251 251 251 251 251 251 251 251 251 252 252 252 252 252 252 252 252 252 252 252 252 252 252 252 252 252 252 252 252 252 252 252 252 252 252 252 252 252 252 252 252 252 252 252 252 252 252 252 252 252 252 252 252 252 252 252 252 252 252 252 252 252 252 252 252 252 252 252 252 252 252 252 252 252 252 252 252 252 252 252 252 252 252 252 252 252 252 252 252 252 252 252 252 252 251 251 251 252 252 252 252 252 252 252 252 252 252 252 252 252 252 252 252 252 252 252 252 251 251 251 252 252 252 252 251 251 251 251 251 251 251 251 251 251 251 251 251 251 251 251 251 251 251 251 251 251 251 251 251 251 251 251 251 251 251 251 251 251 251 251 251 251 251 251 251 251 252 252 252 252 252 252 252 252 252 252 252 252 252 252 252 252 252 251 251 251 251 251 251 251 251 251 251 251 251 251 251 251 251 251 251 251 251 251 251 251 251 251 251 250 250 251 251 251 251 251 251 251 251 251 251 251 251 251 251 251 251 251 251 251 251 251 251 251 251 251 251 251 251 251 251 251 251 251 251 251 251 251 251 251 251 251 251 252 252 251 251 252 252 252 252 252 252 252 252 252 252 252 252 252 252 252 252 252 252 252 252 252 252 252 252 252 252 252 252 252 252 252 252 252 252 252 252 252 252 252 252 252 252 252 252 252 252 252 252 252 252 252 252 252 252 252 252 252 252 252 252 252 252 252 252 252 252 252 252 252 252 252 252 252 252 252 252 252 252 252 252 252 252 252 252 252 251 251 252 252 252 252 252 252 252 252 252 252 252 252 252 252 252 252 252 252 252 252 252 252 252 252 252 251 251 251 251 252 251 251 251 251 251 251 251 251 251 251 251 251 251 251 251 251 251 251 251 251 251 251 251 251 251 251 251 251 251 251 251 251 251 251 251 251 251 252 252 252 252 252 252 252 252 252 252 252 252 252 252 252 252 252 252 251 251 251 251 251 251 251 251 251 251 251 251 251 251 251 251 251 251 251 251 251 251 251 251 251 251 250 251 251 251 251 251 251 251 251 251 251 251 251 251 251 251 251 251 251 251 251 251 251 251 251 251 251 251 251 251 251 251 251 251 251 251 251 251 251 252 251 251 251 251 252 252 252 252 252 252 252 252 252 252 252 252 252 252 252 252 252 252 252 252 252 252 252 252 252 252 252 252 252 252 252 252 252 252 252 252 252 252 252 252 252 252 252 252 252 252 252 252 252 252 252 252 252 252 252 252 252 252 252 252 252 252 252 252 252 252 252 252 252 252 252 252 252 252 252 252 252 252 252 252 252 252 252 252 252 252 252 251 251 252 252 252 252 252 252 252 252 252 252 252 252 252 252 252 252 252 252 252 252 252 252 252 252 252 252 252 251 252 252 252 251 251 251 251 251 251 251 251 251 251 251 251 251 251 251 251 251 251 251 251 251 251 251 251 251 251 251 251 251 251 251 251 251 251 251 252 252 252 252 252 252 252 252 252 252 252 252 252 252 252 252 252 252 252 251 251 251 251 251 251 251 251 251 251 251 251 251 251 251 251 251 251 251 251 251 251 251 251 251 251 251 251 251 251 251 251 251 251 251 251 251 251 251 251 251 251 251 251 251 251 251 251 251 251 251 251 251 251 251 251 251 251 251 251 251 251 251 251 251 251 251 252 252 252 252 252 252 252 252 252 252 252 252 252 252 252 252 252 252 252 252 252 252 252 252 252 252 252 252 252 252 252 252 252 252 252 252 252 252 252 252 252 252 252 252 252 252 252 252 252 252 252 252 252 252 252 252 252 252 252 252 252 252 252 252 252 252 252 252 252 252 252 252 252 252 252 252 252 252 252 252 252 252 252 252 252 252 252 252 252 251 252 252 252 252 252 252 252 252 252 252 252 252 252 252 252 252 252 252 252 252 252 252 252 252 252 252 252 252 252 251 251 251 251 251 251 251 251 251 251 251 251 251 251 251 251 251 251 251 251 251 251 251 251 251 251 251 251 251 251 251 251 251 251 251 251 252 252 252 252 252 252 252 252 252 252 252 252 252 252 252 252 252 252 252 252 251 251 251 251 251 251 251 251 251 251 251 251 251 251 251 251 251 251 251 251 251 251 251 251 251 251 251 251 251 251 251 251 251 251 251 251 251 251 251 251 251 251 251 251 251 251 251 251 251 251 251 251 251 251 251 251 251 251 251 251 251 251 252 252 252 252 252 252 252 252 252 252 252 252 252 252 252 252 252 252 252 252 252 252 252 252 252 252 252 252 252 252 252 252 252 252 252 252 252 252 252 252 252 252 252 252 252 252 252 252 252 252 252 252 252 252 252 252 252 252 252 252 252 252 252 252 252 252 252 252 252 252 252 252 252 252 252 252 252 252 252 252 252 252 252 252 252 252 252 252 252 252 252 251 252 252 252 252 252 252 252 252 252 252 252 252 252 252 252 252 252 252 252 252 252 252 252 252 252 252 252 252 251 251 251 251 251 251 251 251 251 251 251 251 251 251 251 251 251 251 251 251 251 251 251 251 251 251 251 251 251 251 251 251 251 251 251 251 252 252 252 252 252 252 252 252 252 252 252 252 252 252 252 252 252 252 252 252 252 251 251 251 251 251 251 251 251 251 251 251 251 251 251 251 251 251 251 251 251 251 251 251 251 251 251 251 251 251 251 251 251 251 251 251 251 251 251 251 251 251 251 251 251 251 251 251 251 251 251 251 251 251 251 251 251 251 251 251 252 252 252 252 252 252 252 252 252 252 252 252 252 252 252 252 252 252 252 252 252 252 252 252 252 252 252 252 252 252 252 252 252 252 252 252 252 252 252 252 252 252 252 252 252 252 252 252 252 252 252 252 252 252 252 252 252 252 252 252 252 252 252 252 252 252 252 252 252 252 252 252 252 252 252 252 252 252 252 252 252 252 252 252 252 252 252 252 252 252 252 252 251 252 252 252 252 252 252 252 252 252 252 252 252 252 252 252 252 252 252 252 252 252 252 252 252 252 252 252 252 251 251 251 251 251 251 251 251 251 251 251 251 251 251 251 251 251 251 251 251 251 251 251 251 251 251 251 251 251 251 251 251 251 251 251 252 252 252 252 252 252 252 252 252 252 252 252 252 252 252 252 252 252 252 252 252 252 251 251 251 251 251 251 251 251 251 251 251 251 251 251 251 251 251 251 251 251 251 251 251 251 251 251 251 251 251 251 251 251 251 251 251 251 251 251 251 251 251 251 251 251 251 251 251 251 251 251 251 251 251 251 251 251 251 251 251 252 252 252 252 252 252 252 252 252 252 252 252 252 252 252 252 252 252 252 252 252 252 252 252 252 252 252 252 252 252 252 252 252 252 252 252 252 252 252 252 252 252 252 252 252 252 252 252 252 252 252 252 252 252 252 252 252 252 252 252 252 252 252 252 252 252 252 252 252 252 252 252 252 252 252 252 252 252 252 252 252 252 252 252 252 252 252 252 252 252 252 252 252 252 252 252 252 252 252 252 252 252 252 252 252 252 252 252 252 252 252 252 252 252 252 252 252 252 252 252 251 251 251 251 251 251 251 251 251 251 251 251 251 251 251 251 251 251 251 251 251 251 251 251 251 251 251 251 251 251 251 251 251 251 252 252 252 252 252 252 252 252 252 252 252 252 252 252 252 252 252 252 252 252 252 252 252 251 251 251 251 251 251 251 251 251 251 251 251 251 251 251 251 251 251 251 251 251 251 251 251 251 251 251 250 250 250 250 250 250 251 251 251 251 251 251 251 251 251 251 251 251 251 251 251 251 251 252 252 252 252 252 252 252 252 252 252 252 252 252 252 252 252 252 252 252 252 252 252 252 252 252 252 252 252 252 252 252 252 252 252 252 252 252 252 252 252 252 252 252 252 252 252 252 252 252 252 252 252 252 252 252 252 252 252 252 252 252 252 252 252 252 252 252 252 252 252 252 252 252 252 252 252 252 252 252 252 252 252 252 252 252 252 252 252 252 252 252 252 252 252 252 252 252 252 252 252 252 252 252 252 252 252 252 252 252 252 252 252 252 252 252 252 252 252 252 252 252 251 251 251 251 251 251 251 251 251 251 251 251 251 251 251 251 251 251 251 251 251 251 251 251 251 251 251 251 251 251 251 252 252 252 252 252 252 252 252 252 252 252 252 252 252 252 252 252 252 252 252 252 252 252 251 251 251 251 251 251 251 251 251 251 251 251 251 251 251 251 251 251 251 251 251 251 251 251 251 251 251 250 250 250 250 250 250 250 250 250 250 250 250 251 251 251 251 251 251 251 251 251 251 251 251 251 251 251 251 251 251 251 252 252 252 252 252 252 252 252 252 252 252 252 252 252 252 252 252 252 252 252 252 252 252 252 252 252 252 252 252 252 252 252 252 252 252 252 252 252 252 252 252 252 252 252 252 252 252 252 252 252 252 252 252 252 252 252 252 252 252 252 252 252 252 252 252 252 252 252 252 252 252 252 252 252 252 252 252 252 252 252 252 252 252 252 252 252 252 252 252 252 252 252 252 252 252 252 252 252 252 252 252 252 252 252 252 252 252 252 252 252 252 251 252 252 252 252 252 252 252 251 251 251 251 251 251 251 251 251 251 251 251 251 251 251 251 251 251 251 251 251 251 251 251 251 251 251 251 251 251 251 252 252 252 252 252 252 252 252 252 252 252 252 252 252 252 252 252 252 252 252 252 252 252 252 251 251 251 251 251 251 251 251 251 251 251 251 251 251 251 251 251 251 251 251 251 251 251 251 251 251 250 250 250 250 250 250 250 250 250 250 250 250 250 250 250 250 250 251 251 251 251 251 251 251 251 251 251 251 251 251 251 251 251 251 251 251 252 251 252 252 252 252 252 252 252 252 252 251 251 252 252 252 252 252 252 252 252 252 252 252 252 252 252 252 252 252 252 252 252 252 252 252 252 252 252 252 252 252 252 252 252 252 252 252 252 252 252 252 252 252 252 252 252 252 252 252 252 252 252 252 252 252 252 252 252 252 252 252 252 252 252 252 252 252 252 252 252 252 252 252 252 252 252 252 252 252 252 252 252 252 252 252 252 252 252 252 252 252 252 252 252 252 252 252 252 252 252 252 252 252 252 252 252 252 252 252 252 251 251 251 251 251 251 251 251 251 251 251 251 251 251 251 251 251 251 251 251 251 251 251 251 251 251 251 251 252 252 252 252 252 252 252 252 252 252 252 252 252 252 252 252 252 252 252 252 252 252 252 252 252 251 251 251 251 251 251 251 251 251 251 251 251 251 251 251 251 251 251 251 251 251 251 251 251 251 250 250 250 250 250 250 250 250 250 250 250 250 250 250 250 250 250 250 250 250 250 250 251 251 251 251 251 251 251 251 251 251 251 251 251 251 251 251 251 251 251 251 251 252 252 252 252 252 252 252 252 252 252 252 252 252 251 251 252 252 252 252 252 252 252 252 252 252 252 252 252 252 252 252 252 252 252 252 252 252 252 252 252 252 252 252 252 252 252 252 252 252 252 252 252 252 252 252 252 252 252 252 252 252 252 252 252 252 252 252 252 252 252 252 252 252 252 252 252 252 252 252 252 252 252 252 252 252 252 252 252 252 252 252 252 252 252 252 252 252 252 252 252 252 252 252 252 252 252 252 252 252 252 252 252 252 252 252 252 252 252 252 252 252 252 252 252 252 251 251 251 251 251 251 251 251 251 251 251 251 251 251 251 251 251 251 251 251 251 251 251 251 251 252 252 252 252 252 252 252 252 252 252 252 252 252 252 252 252 252 252 252 252 252 252 252 252 252 252 251 251 251 251 251 251 251 251 251 251 251 251 251 251 251 251 251 251 251 251 251 251 251 251 251 250 250 250 250 250 250 250 250 250 250 250 250 250 250 250 250 250 250 250 250 250 251 251 251 251 251 251 251 251 251 251 251 251 251 251 251 251 251 251 251 251 251 251 251 251 252 252 252 252 252 252 252 252 252 252 252 252 252 251 251 252 251 252 252 252 252 252 252 252 252 252 252 252 252 252 252 252 252 252 252 252 252 252 252 252 252 252 252 252 252 252 252 252 252 252 252 252 252 252 252 252 252 252 252 252 252 252 252 252 252 252 252 252 252 252 252 252 252 252 252 252 252 252 252 252 252 252 252 252 252 252 252 252 252 252 252 252 252 252 252 252 252 252 252 252 252 252 252 252 252 252 252 252 252 252 252 252 252 252 252 252 252 252 252 252 252 252 252 252 252 252 251 251 251 251 251 251 251 251 251 251 251 251 251 251 251 251 251 251 251 251 251 251 251 251 252 252 252 252 252 252 252 252 252 252 252 252 252 252 252 252 252 252 252 252 252 252 252 252 252 252 252 251 251 251 251 251 251 251 251 251 251 251 251 251 251 251 251 251 251 251 251 251 251 251 251 250 250 250 250 250 250 250 250 250 250 250 250 250 250 250 250 250 250 250 250 250 250 250 250 250 251 251 251 251 251 251 251 251 251 251 251 251 251 251 251 251 251 251 251 251 251 252 251 251 251 251 251 251 251 251 252 252 252 252 252 252 252 252 252 252 252 252 252 252 252 252 252 252 252 252 252 252 252 252 252 252 252 252 252 252 252 252 252 252 252 252 252 252 252 252 252 252 252 252 252 252 252 252 252 252 252 252 252 252 252 252 252 252 252 252 252 252 252 252 252 252 252 252 252 252 252 252 252 252 252 252 252 252 252 252 252 252 252 252 252 252 252 252 252 252 252 252 252 252 252 252 252 252 252 252 252 252 252 252 252 252 252 252 252 252 252 252 252 252 252 252 252 252 252 252 252 252 252 251 252 251 251 251 251 251 251 251 251 251 251 251 251 251 251 251 251 251 251 251 251 251 251 251 251 251 252 252 252 252 252 252 252 252 252 252 252 252 252 252 252 252 252 252 252 252 252 252 252 252 252 252 252 252 251 251 251 251 251 251 251 251 251 251 251 251 251 251 251 251 251 251 251 251 251 251 251 251 250 250 250 250 250 250 250 250 250 250 250 250 250 250 250 250 250 250 250 250 250 250 250 250 250 250 251 251 251 251 251 251 251 251 251 251 251 251 251 251 251 251 251 251 252 252 251 251 252 251 252 252 252 251 251 251 252 252 252 252 252 252 252 252 252 252 252 252 252 252 252 252 251 252 252 252 252 252 252 252 252 252 252 252 252 252 252 252 252 252 252 252 252 252 252 252 252 252 252 252 252 252 252 252 252 252 252 252 252 252 252 252 252 252 252 252 252 252 252 252 252 252 252 252 252 252 252 251 251 251 252 252 252 252 252 252 252 252 252 252 252 252 252 252 252 252 252 252 252 252 252 252 252 252 252 252 252 252 252 252 252 252 252 252 252 252 252 252 252 252 252 252 252 252 252 252 252 252 252 252 251 251 251 251 251 251 251 251 251 251 251 251 251 251 251 251 251 251 251 251 251 251 251 251 251 251 252 252 252 252 252 252 252 252 252 252 252 252 252 252 252 252 252 252 252 252 252 252 252 252 252 252 252 252 252 251 251 251 251 251 251 251 251 251 251 251 251 251 251 251 251 251 251 251 251 251 251 250 250 250 250 250 250 250 250 250 250 250 250 250 250 250 250 250 250 250 250 249 250 250 250 250 250 250 249 251 251 251 251 251 251 251 251 251 251 251 251 251 251 251 251 251 251 251 251 251 251 251 251 251 251 251 251 251 252 252 251 251 251 251 251 251 252 251 251 251 252 252 252 252 252 252 252 252 252 252 252 252 252 252 252 252 252 252 252 252 252 252 252 252 252 252 252 252 252 252 252 252 252 252 252 252 252 252 252 252 252 252 252 252 252 252 252 252 252 252 252 252 252 252 252 252 252 252 252 252 252 252 252 252 252 252 252 252 252 252 252 252 252 252 252 251 251 252 252 252 252 252 252 252 252 252 252 252 252 252 252 252 252 252 252 252 252 252 252 252 252 252 252 252 252 252 252 252 252 252 252 252 252 252 252 252 252 252 252 252 252 252 252 252 252 251 251 251 251 251 251 251 251 251 251 251 251 252 252 251 251 251 251 251 251 251 251 251 251 251 252 252 252 252 252 252 252 252 252 252 252 252 252 252 252 252 252 252 252 252 252 252 252 252 252 252 252 252 252 252 251 251 251 251 251 251 251 251 251 251 251 251 251 251 251 251 251 251 251 251 251 251 250 250 250 250 250 250 250 250 250 250 250 250 250 250 250 250 250 250 250 250 249 249 250 250 250 249 250 249 249 249 251 251 251 251 251 251 251 251 251 251 251 251 251 251 251 251 251 251 251 251 251 251 251 251 251 251 251 251 251 251 251 251 251 251 251 251 252 252 252 252 251 251 251 252 252 252 252 251 251 252 252 252 252 252 252 252 252 252 252 252 252 252 252 252 252 252 252 252 252 252 253 252 253 252 252 252 252 252 252 252 252 252 253 253 252 252 252 252 252 252 252 252 252 252 252 252 252 252 252 252 252 252 252 252 252 252 252 252 252 252 252 252 252 252 252 252 252 252 252 252 252 252 252 252 252 251 251 252 252 252 252 252 252 252 252 252 252 252 252 252 252 252 252 252 252 252 252 252 252 252 252 252 252 252 252 252 252 252 252 252 252 252 252 252 252 252 252 252 252 252 252 252 252 252 252 252 252 252 252 252 252 252 252 252 252 252 252 252 252 251 251 251 251 251 251 251 251 251 252 252 252 252 252 252 252 252 252 252 252 252 252 252 252 252 252 252 252 252 252 252 252 252 252 252 252 252 252 252 251 251 251 251 251 251 251 251 251 251 251 251 251 251 251 251 251 251 251 251 251 251 250 250 250 250 250 250 250 250 250 250 250 250 249 249 249 249 249 249 249 249 249 249 249 249 249 249 249 250 249 249 249 251 251 251 251 251 251 251 251 251 251 251 251 251 251 251 251 251 251 251 251 251 251 251 251 251 251 251 251 251 251 251 251 251 251 251 251 251 252 252 252 252 252 251 252 252 252 252 252 252 252 252 252 252 252 252 252 252 252 252 252 252 252 252 253 253 253 253 253 252 252 252 252 252 252 252 252 253 253 253 253 253 253 253 253 253 253 253 252 252 252 252 252 252 252 252 252 252 252 252 252 252 252 252 252 252 252 252 252 252 252 252 252 252 252 252 252 252 252 252 252 252 252 252 252 252 252 252 252 251 252 252 252 252 252 252 252 252 252 252 252 252 252 252 252 252 252 252 252 252 252 252 252 252 252 252 252 252 252 252 252 252 252 252 252 252 252 252 252 252 252 252 252 252 252 252 252 252 252 252 252 252 252 252 252 252 252 252 252 252 252 252 251 251 251 251 251 251 251 251 252 252 252 252 252 252 252 252 252 252 252 252 252 252 252 252 252 252 252 252 252 252 252 252 252 252 252 252 252 252 252 251 251 251 251 251 251 251 251 251 251 251 251 251 251 251 251 251 251 251 251 250 250 250 250 250 250 250 250 250 250 250 249 249 249 249 249 249 249 249 249 249 249 249 249 249 249 249 249 249 249 249 249 250 251 251 251 251 251 251 251 251 251 251 251 251 251 251 251 251 251 251 251 251 251 251 251 251 251 251 251 251 251 251 251 251 251 251 251 251 251 251 251 251 252 252 252 252 252 252 252 252 252 252 252 252 252 252 252 252 252 252 252 252 252 252 252 252 253 253 252 252 252 252 252 252 252 252 252 252 252 252 252 252 252 252 252 252 252 252 252 252 252 252 252 252 252 252 252 252 252 252 252 252 252 252 252 252 252 252 252 252 252 252 252 252 252 252 252 252 252 252 252 252 252 252 252 252 252 252 252 252 252 252 252 252 252 252 252 252 252 252 252 252 252 252 252 252 252 252 252 252 252 252 252 252 252 252 252 252 252 252 252 252 252 252 252 252 252 252 252 252 252 252 252 252 252 252 252 252 252 252 252 252 252 252 252 252 252 252 252 252 252 252 252 252 252 252 251 251 251 251 251 251 252 252 252 252 252 252 252 252 252 252 252 252 252 252 252 252 252 252 252 252 252 252 252 252 252 252 252 252 252 252 252 252 251 251 251 251 251 251 251 251 251 251 251 251 251 251 251 251 251 251 251 251 250 250 250 250 250 250 250 250 250 249 249 250 250 250 249 249 249 250 249 249 249 249 249 249 249 249 249 249 249 249 249 250 250 250 250 250 250 251 251 251 251 251 251 251 251 251 251 251 251 251 251 251 251 251 251 251 251 251 251 251 251 251 251 251 251 251 251 251 251 251 251 251 251 251 251 251 251 251 252 252 252 252 252 252 252 252 252 252 252 252 252 252 252 252 252 252 253 252 252 252 252 252 252 252 252 252 252 252 252 252 252 252 252 252 252 252 252 252 252 252 252 252 252 252 252 252 252 252 252 252 252 252 252 252 252 252 252 252 252 252 252 252 252 252 252 252 252 252 252 252 252 252 252 252 252 252 252 252 252 252 252 252 252 252 252 252 252 252 252 252 252 252 252 252 252 252 252 252 252 252 252 252 252 252 252 252 252 252 252 252 252 252 252 252 252 252 252 252 252 252 252 252 252 252 252 252 252 252 252 252 252 252 252 252 252 252 252 252 252 252 252 252 252 252 252 252 252 252 252 252 252 252 252 251 251 251 251 252 252 252 252 252 252 252 252 252 252 252 252 252 252 252 252 252 252 252 252 252 252 252 252 252 252 252 252 252 252 252 252 251 251 251 251 251 251 251 251 251 251 251 251 251 251 251 251 251 251 251 251 251 251 250 250 250 250 250 250 249 249 250 251 251 250 250 250 250 251 250 250 249 249 249 249 249 249 249 249 249 249 249 250 250 250 250 250 250 250 250 250 250 251 251 251 251 251 251 251 251 251 251 251 251 251 251 251 251 251 251 251 251 251 251 251 251 251 251 251 251 251 251 251 251 251 251 251 251 251 251 251 251 251 251 251 251 251 252 251 252 251 251 252 252 252 252 252 252 252 252 252 252 252 252 252 252 252 252 252 252 252 252 252 252 252 252 252 252 252 252 252 252 252 252 252 252 252 252 252 252 252 252 252 252 252 252 252 252 252 252 252 252 252 252 252 252 252 252 252 252 252 252 252 252 252 252 252 252 252 252 252 252 252 252 252 252 252 252 252 252 252 252 252 252 252 252 252 252 252 252 252 252 252 252 252 252 252 252 252 252 252 252 252 252 252 252 252 252 252 252 252 252 252 252 252 252 252 252 252 252 252 252 252 252 252 252 252 252 252 252 252 252 252 252 252 252 252 252 252 252 252 252 252 252 252 252 252 252 252 251 251 251 252 252 252 252 252 252 252 252 252 252 252 252 252 252 252 252 252 252 252 252 252 252 252 252 252 252 252 252 252 252 252 252 252 251 251 251 251 251 251 251 251 251 251 251 251 251 251 251 251 251 251 251 251 251 250 250 250 250 250 250 250 250 250 250 250 250 250 250 250 251 250 250 249 250 250 250 249 249 249 250 250 250 250 250 250 250 250 250 250 250 250 251 251 251 251 251 251 251 251 251 251 251 251 251 251 251 251 251 251 251 251 251 251 251 251 251 251 251 251 251 251 251 251 251 251 251 251 251 251 251 251 251 251 251 251 251 251 251 251 251 251 252 252 252 252 252 252 252 252 252 252 252 252 252 252 252 252 252 252 252 252 252 252 252 252 252 252 252 252 252 252 252 252 252 252 252 252 252 252 252 252 252 252 252 252 252 252 252 252 252 252 252 252 252 252 252 252 252 252 252 252 252 252 252 252 252 252 252 252 252 252 252 252 252 252 252 252 252 252 252 252 252 252 252 252 252 252 252 252 252 252 252 252 252 252 252 252 252 252 252 252 252 252 252 252 252 252 252 252 252 252 252 252 252 252 252 252 252 252 252 252 252 252 252 252 252 252 252 252 252 252 252 252 252 252 252 252 252 252 252 252 252 252 252 252 252 252 252 252 251 251 252 252 252 252 252 252 252 252 252 252 252 252 252 252 252 252 252 252 252 252 252 252 252 252 252 252 252 252 252 252 252 252 252 252 251 251 251 251 251 251 251 251 251 251 251 251 251 251 251 251 251 251 251 251 251 250 250 250 250 250 250 250 250 250 250 250 250 250 250 250 250 250 250 250 250 250 250 250 250 250 250 250 250 250 250 250 250 251 251 251 251 251 251 251 251 251 251 251 251 251 251 251 251 251 251 251 251 251 251 251 251 251 251 251 251 251 251 251 251 251 251 251 251 251 251 251 251 251 251 251 251 251 251 251 251 251 251 252 252 252 252 252 252 252 252 252 252 252 252 252 252 252 252 252 252 252 252 252 252 252 252 252 252 252 252 252 252 252 252 252 252 252 252 252 252 252 252 252 252 252 252 252 252 252 252 252 252 252 252 252 252 252 252 252 252 252 252 252 252 252 252 252 252 252 252 252 252 252 252 252 252 252 252 252 252 252 252 252 252 252 252 252 252 252 252 252 252 252 252 252 252 252 252 252 252 252 252 252 252 252 252 252 252 252 252 252 252 252 252 252 252 252 252 252 252 252 252 252 252 252 252 252 252 252 252 252 252 252 252 252 252 252 252 252 252 252 252 252 252 252 252 252 252 252 252 251 251 252 252 252 252 252 252 252 252 252 252 252 252 252 252 252 252 252 252 252 252 252 252 252 252 252 252 252 252 252 252 252 252 252 252 252 251 251 251 251 251 251 251 251 251 251 251 251 251 251 251 251 251 251 251 251 250 250 250 250 250 250 250 250 250 250 250 250 250 250 250 250 250 250 250 250 250 250 250 250 250 250 250 250 250 250 250 251 251 251 251 251 251 251 251 251 251 251 251 251 251 251 251 251 251 251 251 251 251 251 251 251 251 251 251 251 251 251 251 251 251 251 251 251 251 251 251 251 251 251 251 251 251 252 252 252 251 252 252 252 252 252 252 252 252 252 252 252 252 252 252 252 252 252 252 252 252 252 252 252 252 252 252 252 252 252 252 252 252 252 252 252 252 252 252 252 252 252 252 252 252 252 252 252 252 252 252 252 252 252 252 252 252 252 252 252 252 252 252 252 252 252 252 252 252 252 252 252 252 252 252 252 252 252 252 252 252 252 252 252 252 252 252 252 252 252 252 252 252 252 252 252 252 252 252 252 252 252 252 252 252 252 252 252 252 252 252 252 252 252 252 252 252 252 252 252 252 252 252 252 252 252 252 252 252 252 252 252 252 252 252 252 252 252 252 252 252 252 252 252 252 252 252 252 252 252 251 253 252 252 252 252 252 252 252 252 252 252 252 252 252 252 252 252 252 252 252 252 252 252 252 252 252 252 252 252 252 252 252 252 252 252 251 251 251 251 251 251 251 251 251 251 251 251 251 251 251 251 251 251 251 251 251 250 250 250 250 250 250 250 250 250 250 250 250 250 250 250 250 250 250 250 250 250 250 250 250 250 250 250 250 250 250 251 251 251 251 251 251 251 251 251 251 251 251 251 251 251 251 251 251 251 251 251 251 251 251 251 251 251 251 251 251 251 251 251 251 251 251 251 251 251 251 251 251 251 251 251 252 252 252 252 252 252 252 252 252 252 252 252 252 252 252 252 252 252 252 252 252 252 252 252 252 252 252 252 252 252 252 252 252 252 252 252 252 252 252 252 252 252 252 252 252 252 252 252 252 252 252 252 252 252 252 252 252 252 252 252 252 252 252 252 252 252 252 252 252 252 252 252 252 252 252 252 252 252 252 252 252 252 252 252 252 252 252 252 252 252 252 252 252 252 252 252 252 252 252 252 252 252 252 252 252 252 252 252 252 252 252 252 252 252 252 252 252 252 252 252 252 252 252 252 252 252 252 252 252 252 252 252 252 252 252 252 252 252 252 252 252 252 252 252 252 252 252 252 252 252 252 252 252 252 252 253 253 253 252 252 252 252 252 252 252 252 252 252 252 252 252 252 252 252 252 252 252 252 252 252 252 252 252 252 252 252 252 252 252 252 251 251 251 251 251 251 251 251 251 251 251 251 251 251 251 251 251 251 251 251 251 251 250 250 250 250 250 250 250 250 250 250 250 250 250 250 250 250 250 249 250 250 250 250 250 250 250 250 250 250 250 251 251 251 251 251 251 251 251 251 251 251 251 251 251 251 251 251 251 251 251 251 251 251 251 251 251 251 251 251 251 251 251 251 251 251 251 251 251 251 251 251 251 251 252 252 252 252 252 252 252 252 252 252 252 252 252 252 252 252 252 252 252 252 252 252 252 252 252 252 252 252 252 252 252 252 252 252 252 252 252 252 252 252 252 252 252 252 252 252 252 252 252 252 252 252 252 252 252 252 252 252 252 252 252 252 252 252 252 252 252 252 252 252 252 252 252 252 252 252 252 252 252 252 252 252 252 252 252 252 252 252 252 252 252 252 252 252 252 252 252 252 252 252 252 252 252 252 252 252 252 252 252 252 252 252 252 252 252 252 252 252 252 252 252 252 252 252 252 252 252 252 252 252 252 252 252 252 252 252 252 252 252 252 252 252 252 252 252 252 252 252 252 252 252 252 252 252 252 252 252 253 253 253 253 252 252 252 252 252 252 252 252 252 252 252 252 252 252 252 252 252 252 252 252 252 252 252 252 252 252 252 252 252 252 252 251 251 251 251 251 251 251 251 251 251 251 251 251 251 251 251 251 251 251 251 251 251 251 250 250 250 250 250 250 250 250 250 250 250 250 250 250 250 250 250 249 249 250 250 250 250 250 250 250 251 251 251 251 251 251 251 251 251 251 251 251 251 251 251 251 251 251 251 251 251 251 251 251 251 251 251 251 251 251 251 251 251 251 251 251 251 251 251 251 251 251 251 252 251 252 252 252 252 252 252 252 252 252 252 252 252 252 252 252 252 252 252 252 252 252 252 252 252 252 252 252 252 252 252 252 252 252 252 252 252 252 252 252 252 252 252 252 252 252 252 252 252 252 252 252 252 252 252 252 252 252 252 252 252 252 252 252 252 252 252 252 252 252 252 252 252 252 252 252 252 252 252 252 252 252 252 252 252 252 252 252 252 252 252 252 252 252 252 252 252 252 252 252 252 252 252 252 252 252 252 252 252 252 252 252 252 252 252 252 252 252 252 252 252 252 252 252 252 252 252 252 252 252 252 252 252 252 252 252 252 252 252 252 252 252 252 252 252 252 252 252 252 252 252 252 252 252 252 252 253 253 253 252 252 252 252 252 252 252 252 252 252 252 252 252 252 252 252 252 252 252 252 252 252 252 252 252 252 252 252 252 252 252 252 252 251 251 251 251 251 251 251 251 251 251 251 251 251 251 251 251 251 251 251 251 251 251 251 250 250 250 250 250 250 250 250 250 250 250 250 250 250 250 250 249 250 250 250 250 250 250 250 250 251 251 251 251 251 251 251 251 251 251 251 251 251 251 251 251 251 251 251 251 251 251 251 251 251 251 251 251 251 251 251 251 251 251 251 251 251 251 251 251 251 251 251 251 251 251 251 251 252 252 252 252 252 252 252 252 252 252 252 252 252 252 252 252 252 252 252 252 252 252 252 252 252 252 252 252 252 252 252 252 252 252 252 252 252 252 252 252 252 252 252 252 252 252 252 252 252 252 252 252 252 252 252 252 252 252 252 252 252 252 252 252 252 252 252 252 252 252 252 252 252 252 252 252 252 252 252 252 252 252 252 252 252 252 252 252 252 252 252 252 252 252 252 252 252 252 252 252 252 252 252 252 252 252 252 252 252 252 252 252 252 252 252 252 252 252 252 252 252 252 252 252 252 252 252 252 252 252 252 252 252 252 252 252 252 252 252 252 252 252 252 252 252 252 252 252 252 252 252 252 253 253 253 253 253 252 252 252 252 252 252 252 252 252 252 252 252 252 252 252 252 252 252 252 252 252 252 252 252 252 252 252 252 252 252 251 251 251 251 251 251 251 251 251 251 251 251 251 251 251 251 251 251 251 251 251 251 251 251 251 251 250 250 250 250 250 250 250 250 250 250 250 250 250 250 250 250 250 250 250 250 250 250 251 251 251 251 251 251 251 251 251 251 251 251 251 251 251 251 251 251 251 251 251 251 251 251 251 251 251 251 251 251 251 251 251 251 251 251 251 251 251 251 251 251 251 251 251 251 251 252 252 252 252 252 252 252 252 252 252 252 252 252 252 252 252 252 252 252 252 252 252 252 252 252 252 252 252 252 252 252 252 252 252 252 252 252 252 252 252 252 252 252 252 252 252 252 252 252 252 252 252 252 252 252 252 252 252 252 252 252 252 252 252 252 252 252 252 252 252 252 252 252 252 252 252 252 252 252 252 252 252 252 252 252 252 252 252 252 252 252 252 252 252 252 252 252 252 252 252 252 252 252 252 252 252 252 252 252 252 252 252 252 252 252 252 252 252 252 252 252 252 252 252 252 252 252 252 252 252 252 252 252 252 252 252 252 252 252 252 252 252 252 252 252 252 252 252 252 252 252 252 252 253 253 253 253 253 253 252 252 252 252 252 252 252 252 252 252 252 252 252 252 252 252 252 252 252 252 252 252 252 252 252 252 252 252 252 252 252 251 251 251 251 251 251 251 251 251 251 251 251 251 251 251 251 251 251 251 251 251 251 251 251 250 250 250 250 250 250 250 250 250 250 250 250 250 249 250 250 250 250 250 250 250 250 251 251 251 251 251 251 251 251 251 251 251 251 251 251 251 251 251 251 251 251 251 251 251 251 251 251 251 251 251 251 251 251 251 251 251 251 251 251 251 251 251 251 251 251 251 251 252 252 252 252 252 252 252 252 252 252 252 252 252 252 252 252 252 252 252 252 252 252 252 252 252 252 252 252 252 252 252 252 252 252 252 252 252 252 252 252 252 252 252 252 252 252 252 252 252 252 252 252 252 252 252 252 252 252 252 252 252 252 252 252 252 252 252 252 252 252 252 252 252 252 252 252 252 252 252 252 252 252 252 252 252 252 252 252 252 252 252 252 252 252 252 252 252 252 252 252 252 252 252 252 252 252 252 252 252 252 252 252 252 252 252 252 252 252 252 252 252 252 252 252 252 252 252 252 252 252 252 252 252 252 252 252 252 252 252 252 252 252 252 252 252 252 252 252 252 252 252 252 252 252 253 253 253 253 253 253 253 252 252 252 252 252 252 252 252 252 252 252 252 252 252 252 252 252 252 252 252 252 252 252 252 252 252 252 252 252 252 251 251 251 251 251 251 251 251 251 251 251 251 251 251 251 251 251 251 251 251 251 251 251 251 251 250 250 250 250 250 250 250 250 250 250 250 250 250 250 250 250 250 250 250 250 251 251 251 251 251 251 251 251 251 251 251 251 251 251 251 251 251 251 251 251 251 251 251 251 251 251 251 251 251 251 251 251 251 251 251 251 251 252 251 251 251 251 251 251 251 251 252 252 252 252 252 252 252 252 252 252 252 252 252 252 252 252 252 252 252 252 252 252 252 252 252 252 252 252 252 252 252 252 252 252 252 252 252 252 252 252 252 252 252 252 252 252 252 252 252 252 252 252 252 252 252 252 252 252 252 252 252 252 252 252 252 252 252 252 252 252 252 252 252 252 252 252 252 252 252 252 252 252 252 252 252 252 252 252 252 252 252 252 252 252 252 252 252 252 252 252 252 252 252 252 252 252 252 252 252 252 252 252 252 252 252 252 252 252 252 252 252 252 252 252 252 252 252 252 252 252 252 252 252 252 252 252 252 252 252 252 252 252 252 252 252 252 252 252 252 252 252 252 252 252 253 253 253 253 253 253 253 253 252 252 252 252 252 252 252 252 252 252 252 252 252 252 252 252 252 252 252 252 252 252 252 252 252 252 252 252 252 252 251 251 251 251 251 251 251 251 251 251 251 251 251 251 251 251 251 251 251 251 251 251 251 250 250 250 250 250 250 250 250 250 250 250 250 250 250 250 250 250 250 250 250 250 250 251 251 251 251 251 251 251 251 251 251 251 251 251 251 251 251 251 251 251 251 251 251 251 251 251 251 251 251 251 251 251 251 251 251 251 251 251 251 252 252 251 252 252 251 252 252 252 252 252 252 252 252 252 252 252 252 252 252 252 252 252 252 252 252 252 252 252 252 252 252 252 252 252 252 252 252 252 252 252 252 252 252 252 252 252 252 252 252 252 252 252 252 252 252 252 252 252 252 252 252 252 252 252 252 252 252 252 252 252 252 252 252 252 252 252 252 252 252 252 252 252 252 252 252 252 252 252 252 252 252 252 252 252 252 252 252 252 252 252 252 252 252 252 252 252 252 252 252 252 252 252 252 252 252 252 252 252 252 252 252 252 252 252 252 252 252 252 252 252 252 252 252 252 252 252 252 252 252 252 252 252 252 252 252 252 252 252 252 252 252 252 252 252 252 252 252 252 252 252 252 253 253 253 253 253 253 253 253 253 252 252 252 252 252 252 252 252 252 252 252 252 252 252 252 252 252 252 252 252 252 252 252 252 252 252 252 252 251 251 251 251 251 251 251 251 251 251 251 251 251 251 251 251 251 251 251 251 251 251 251 251 251 250 250 250 250 250 250 250 250 250 250 250 250 250 250 250 250 250 250 250 251 251 251 251 251 251 251 251 251 251 251 251 251 251 251 251 251 251 251 251 251 251 251 251 251 251 251 251 251 251 251 251 251 251 251 251 251 251 252 252 252 252 252 252 252 252 252 252 252 252 252 252 252 252 252 252 252 252 252 252 252 252 252 252 252 252 252 252 252 252 252 252 252 252 252 252 252 252 252 252 252 252 252 252 252 252 252 252 252 252 252 252 252 252 252 252 252 252 252 252 252 252 252 252 252 252 252 252 252 252 252 252 252 252 252 252 252 252 252 252 252 252 252 252 252 252 252 252 252 252 252 252 252 252 252 252 252 252 252 252 252 252 252 252 252 252 252 252 252 252 252 252 252 252 252 252 252 252 252 252 252 252 252 252 252 252 252 252 252 252 252 252 252 252 252 252 252 252 252 252 252 252 252 252 252 252 252 252 252 252 252 252 252 252 252 252 252 252 252 252 253 253 253 253 253 253 253 253 253 253 252 252 252 252 252 252 252 252 252 252 252 252 252 252 252 252 252 252 252 252 252 252 252 252 252 252 252 252 251 251 251 251 251 251 251 251 251 251 251 251 251 251 251 251 251 251 251 251 251 251 251 251 250 250 250 250 250 250 250 250 250 250 250 250 250 250 251 251 251 251 251 251 251 251 251 251 251 251 251 251 251 251 251 251 251 251 251 251 251 251 251 251 251 251 251 251 251 251 251 251 251 251 251 251 251 252 252 252 252 252 252 252 252 252 252 252 252 252 252 252 252 252 252 252 252 252 252 252 252 252 252 252 252 252 252 252 252 252 252 252 252 252 252 252 252 252 252 252 252 252 252 252 252 252 252 252 252 252 252 252 252 252 252 252 252 252 252 252 252 252 252 252 252 252 252 252 252 252 252 252 252 252 252 252 252 252 252 252 252 252 252 252 252 252 252 252 252 252 252 252 252 252 252 252 252 252 252 252 252 252 252 252 252 252 252 252 252 252 252 252 252 252 252 252 252 252 252 252 252 252 252 252 252 252 252 252 252 252 252 252 252 252 252 252 252 252 252 252 252 252 252 252 252 252 252 252 252 252 252 252 252 252 252 252 252 252 253 253 253 253 253 253 253 253 253 253 252 252 252 252 252 252 252 252 252 252 252 252 252 252 252 252 252 252 252 252 252 252 252 252 252 252 252 252 251 252 251 251 251 251 251 251 251 251 251 251 251 251 251 251 251 251 251 251 251 251 251 250 250 250 250 250 250 250 250 250 250 251 251 251 251 251 251 251 251 251 251 251 251 251 251 251 251 251 251 251 251 251 251 251 251 251 251 251 251 251 251 251 251 251 251 251 252 252 252 252 252 252 252 252 252 252 252 252 252 252 252 252 252 252 252 252 252 252 252 252 252 252 252 252 252 252 252 252 252 252 252 252 252 252 252 252 252 252 252 252 252 252 252 252 252 252 252 252 252 252 252 252 252 252 252 252 252 252 252 252 252 252 252 252 252 252 252 252 252 252 252 252 252 252 252 252 252 252 252 252 252 252 252 252 252 252 252 252 252 252 252 252 252 252 252 252 252 252 252 252 252 252 252 252 252 252 252 252 252 252 252 252 252 252 252 252 252 252 252 252 252 252 252 252 252 252 252 252 252 252 252 252 252 252 252 252 252 252 252 252 252 252 252 252 252 252 252 252 252 252 252 252 252 252 252 252 252 252 252 252 252 253 253 253 253 253 253 253 253 253 253 253 252 252 252 252 252 252 252 252 252 252 252 252 252 252 252 252 252 252 252 252 252 252 252 252 252 252 252 252 252 252 251 251 251 251 251 251 251 251 251 251 251 251 251 251 251 251 251 251 251 251 250 250 250 250 250 250 250 250 250 250 250 251 251 251 251 251 251 251 251 251 251 251 251 251 251 251 251 251 251 251 251 251 251 251 251 251 251 251 251 251 251 251 251 251 251 251 251 252 252 252 252 252 252 252 252 252 252 252 252 252 252 252 252 252 252 252 252 252 252 252 252 252 252 252 252 252 252 252 252 252 252 252 252 252 252 252 252 252 252 252 252 252 252 252 252 252 252 252 252 252 252 252 252 252 252 252 252 252 252 252 252 252 252 252 252 252 252 252 252 252 252 252 252 252 252 252 252 252 252 252 252 252 252 252 252 252 252 252 252 252 252 252 252 252 252 252 252 252 252 252 252 252 252 252 252 252 252 252 252 252 252 252 252 252 252 252 252 252 252 252 252 252 252 252 252 252 252 252 252 252 252 252 252 252 252 252 252 252 252 252 252 252 252 252 252 252 252 252 252 252 252 252 252 252 252 252 252 252 252 252 252 253 253 253 253 253 253 253 253 253 253 253 253 252 252 252 252 252 252 252 252 252 252 252 252 252 252 252 252 252 252 252 252 252 252 252 252 252 252 252 252 252 251 251 251 251 251 251 251 251 251 251 251 251 251 251 251 251 251 251 251 250 250 250 250 250 250 250 250 250 250 250 250 250 250 251 251 251 251 251 251 251 251 251 251 251 251 251 251 251 251 251 251 251 251 251 251 251 251 251 251 251 251 251 251 251 251 252 252 252 252 252 252 252 252 252 252 252 252 252 252 252 252 252 252 252 252 252 252 252 252 252 252 252 252 252 252 252 252 252 252 252 252 252 252 252 252 252 252 252 252 252 252 252 252 252 252 252 252 252 252 252 252 252 252 252 252 252 252 252 252 252 252 252 252 252 252 252 252 252 252 252 252 252 252 252 252 252 252 252 252 252 252 252 252 252 252 252 252 252 252 252 252 252 252 252 252 252 252 252 252 252 252 252 252 252 252 252 252 252 252 252 252 252 252 252 252 252 252 252 252 252 252 252 252 252 252 252 252 252 252 252 252 252 252 252 252 252 252 252 252 252 252 252 252 252 252 252 252 252 252 252 252 252 252 252 252 252 252 252 252 252 252 252 252 252 253 253 253 253 253 253 253 253 253 253 253 253 252 252 252 252 252 252 252 252 252 252 252 252 252 252 252 252 252 252 252 252 252 252 252 252 252 252 252 252 252 252 252 251 251 251 251 251 251 251 251 251 251 251 251 251 251 251 251 250 250 250 250 250 250 250 250 250 250 250 250 250 250 250 250 250 250 250 250 251 251 251 251 251 251 251 251 251 251 251 251 251 251 251 251 251 251 251 251 251 251 251 251 251 251 251 251 251 251 251 252 252 252 252 252 252 252 252 252 252 252 252 252 252 252 252 252 252 252 252 252 252 252 252 252 252 252 252 252 252 252 252 252 252 252 252 252 252 252 252 252 252 252 252 252 252 252 252 252 252 252 252 252 252 252 252 252 252 252 252 252 252 252 252 252 252 252 252 252 252 252 252 252 252 252 252 252 252 252 252 252 252 252 252 252 252 252 252 252 252 252 252 252 252 252 252 252 252 252 252 252 252 252 252 252 252 252 252 252 252 252 252 252 252 252 252 252 252 252 252 252 252 252 252 252 252 252 252 252 252 252 252 252 252 252 252 252 252 252 252 252 252 252 252 252 252 252 252 252 252 252 252 252 252 252 252 252 252 252 252 252 252 252 252 252 252 252 252 252 252 253 253 253 253 253 253 253 253 253 253 253 253 253 252 252 252 252 252 252 252 252 252 252 252 252 252 252 252 252 252 252 252 252 252 252 252 252 252 252 252 252 252 252 251 251 251 251 251 251 251 251 251 251 251 251 251 251 251 251 250 250 250 250 250 250 250 250 250 250 250 250 250 250 250 250 250 250 250 250 250 251 251 251 251 251 251 251 251 251 251 251 251 251 251 251 251 251 251 251 251 251 251 251 251 251 251 251 251 251 251 251 251 252 252 252 252 252 252 252 252 252 252 252 252 252 252 252 252 252 252 252 252 252 252 252 252 252 252 252 252 252 252 252 252 252 252 252 252 252 252 252 252 252 252 252 252 252 252 252 252 252 252 252 252 252 252 252 252 252 252 252 252 252 252 252 252 252 252 252 252 252 252 252 252 252 252 252 252 252 252 252 252 252 252 252 252 252 252 252 252 252 252 252 252 252 252 252 252 252 252 252 252 252 252 252 252 252 252 252 252 252 252 252 252 252 252 252 252 252 252 252 252 252 252 252 252 252 252 252 252 252 252 252 252 252 252 252 252 252 252 252 252 252 252 252 252 252 252 252 252 252 252 252 252 252 252 252 252 252 252 252 252 252 252 252 252 252 252 252 252 252 252 253 253 253 253 253 253 253 253 253 253 253 253 253 252 253 252 252 252 252 252 252 252 252 252 252 252 252 252 252 252 252 252 252 252 252 252 252 252 252 252 252 252 252 252 251 251 251 251 251 251 251 251 251 251 251 251 251 251 250 250 250 250 250 250 250 250 250 250 250 250 250 250 251 251 251 251 251 251 251 251 251 251 251 251 251 251 251 251 251 251 251 251 251 251 251 251 251 251 251 251 251 251 252 252 252 252 252 252 252 252 252 252 252 252 252 252 252 252 252 252 252 252 252 252 252 252 252 252 252 252 252 252 252 252 252 252 252 252 252 252 252 252 252 252 252 252 252 252 252 252 252 252 252 252 252 252 252 252 252 252 252 252 252 252 252 252 252 252 252 252 252 252 252 252 252 252 252 252 252 252 252 252 252 252 252 252 252 252 252 252 252 252 252 252 252 252 252 252 252 252 252 252 252 252 252 252 252 252 252 252 252 252 252 252 252 252 252 252 252 252 252 252 252 252 252 252 252 252 252 252 252 252 252 252 252 252 252 252 252 252 252 252 252 252 252 252 252 252 252 252 252 252 252 252 252 252 252 252 252 252 252 252 252 252 252 252 252 252 252 252 252 252 252 253 253 253 253 253 253 253 253 253 253 253 253 253 253 253 252 252 253 252 252 252 252 252 252 252 252 252 252 252 252 252 252 252 252 252 252 252 252 252 252 252 252 252 251 251 251 251 251 251 251 251 251 251 251 251 251 251 251 251 251 251 250 250 250 250 250 250 250 250 251 251 251 251 251 251 251 251 251 251 251 251 251 251 251 251 251 251 251 251 251 251 251 251 251 251 251 251 251 251 251 252 252 252 252 252 252 252 252 252 252 252 252 252 252 252 252 252 252 252 252 252 252 252 252 252 252 252 252 252 252 252 252 252 252 252 252 252 252 252 252 252 252 252 252 252 252 252 252 252 252 252 252 252 252 252 252 252 252 252 252 252 252 252 252 252 252 252 252 252 252 252 252 252 252 252 252 252 252 252 252 252 252 252 252 252 252 252 252 252 252 252 252 252 252 252 252 252 252 252 252 252 252 252 252 252 252 252 252 252 252 252 252 252 252 252 252 252 252 252 252 252 252 252 252 252 252 252 252 252 252 252 252 252 252 252 252 252 252 252 252 252 252 252 252 252 252 252 252 252 252 252 252 252 252 252 252 252 252 252 252 252 252 252 252 252 252 252 252 252 252 252 253 253 253 253 253 253 253 253 253 253 253 253 253 253 253 253 253 253 252 252 252 252 252 252 252 252 252 252 252 252 252 252 252 252 252 252 252 252 252 252 252 251 251 251 251 251 251 251 251 251 251 251 251 251 251 251 251 251 251 251 250 250 250 250 250 250 250 250 250 250 250 250 250 250 251 251 251 251 251 251 251 251 251 251 251 251 251 251 251 251 251 251 251 251 251 251 251 251 251 251 251 251 252 252 252 252 252 252 252 252 252 252 252 252 252 252 252 252 252 252 252 252 252 252 252 252 252 252 252 252 252 252 252 252 252 252 252 252 252 252 252 252 252 252 252 252 252 252 252 252 252 252 252 252 252 252 252 252 252 252 252 252 252 252 252 252 252 252 252 252 252 252 252 252 252 252 252 252 252 252 252 252 252 252 252 252 252 252 252 252 252 252 252 252 253 252 252 252 252 252 252 252 252 252 252 252 252 252 252 252 252 252 252 252 252 252 252 252 252 252 252 252 252 252 252 252 252 252 252 252 252 252 252 252 252 252 252 252 252 252 252 252 252 252 252 252 252 252 252 252 252 252 252 252 252 252 252 252 252 252 252 252 252 252 252 252 252 252 252 252 252 252 252 252 252 253 253 253 253 253 253 253 253 253 253 253 253 253 253 253 253 253 253 253 252 252 252 252 252 252 252 252 252 252 252 252 252 252 252 252 252 252 252 252 252 252 251 251 251 251 251 251 251 251 251 251 251 251 251 251 251 251 251 251 251 250 250 250 250 250 250 250 250 250 250 250 250 250 250 250 250 250 250 250 251 251 251 251 251 251 251 251 251 251 251 251 251 251 251 251 251 251 251 251 251 251 251 251 251 251 251 251 251 251 251 252 252 252 252 252 252 252 252 252 252 252 252 252 252 252 252 252 252 252 252 252 252 252 252 252 252 252 252 252 252 252 252 252 252 252 252 252 252 252 252 252 252 252 252 252 252 252 252 252 252 252 252 252 252 252 252 252 252 252 252 252 252 252 252 252 252 252 252 252 252 252 252 252 252 252 252 252 252 252 252 252 252 252 252 252 252 252 252 252 253 253 253 253 252 252 252 252 252 252 252 252 252 252 252 252 252 252 252 252 252 252 252 252 252 252 252 252 252 252 252 252 252 252 252 252 252 252 252 252 252 252 252 252 252 252 252 252 252 252 252 252 252 252 252 252 252 252 252 252 252 252 252 252 252 252 252 252 252 252 252 252 252 252 252 252 252 252 252 252 252 252 252 253 253 253 253 253 253 253 253 253 253 253 253 253 253 253 253 253 253 253 253 253 252 252 252 252 252 252 252 252 252 252 252 252 252 252 252 252 252 252 252 252 252 252 252 251 251 251 251 251 251 251 251 251 251 251 251 251 251 251 251 250 250 250 250 250 250 250 250 250 250 250 250 250 250 250 250 250 250 250 250 250 250 250 250 251 251 251 251 251 251 251 251 251 251 251 251 251 251 251 251 251 251 251 251 251 251 251 251 251 251 251 251 251 251 252 252 252 252 252 252 252 252 252 252 252 252 252 252 252 252 252 252 252 252 252 252 252 252 252 252 252 252 252 252 252 252 252 252 252 252 252 252 252 252 252 252 252 252 252 252 252 252 252 252 252 252 252 252 252 252 252 252 252 252 252 252 252 252 252 252 252 252 252 252 252 252 252 252 252 252 252 252 252 252 252 252 253 252 252 252 252 252 252 252 253 253 253 253 253 252 252 252 252 252 252 252 252 252 252 252 252 252 252 252 252 252 252 252 252 252 252 252 252 252 252 252 252 252 252 252 252 252 252 252 252 252 252 252 252 252 252 252 252 252 252 252 252 252 252 252 252 252 252 252 252 252 252 252 252 252 252 252 252 252 252 252 252 252 252 252 252 252 252 252 252 252 252 253 253 253 253 253 253 253 253 253 253 253 253 253 253 253 253 253 253 253 253 253 252 252 252 252 252 252 252 252 252 252 252 252 252 252 252 252 252 252 252 252 252 252 252 252 252 251 251 251 251 251 251 251 251 251 251 251 251 251 251 250 251 251 251 251 250 250 250 250 250 250 250 250 250 250 250 250 250 250 250 250 250 250 250 250 250 250 250 250 250 251 251 251 251 251 251 251 251 251 251 251 251 251 251 251 251 251 251 251 251 251 251 251 251 251 251 251 251 251 251 251 251 252 252 252 252 252 252 252 252 252 252 252 252 252 252 252 252 252 252 252 252 252 252 252 252 252 252 252 252 252 252 252 252 252 252 252 252 252 252 252 252 252 252 252 252 252 252 252 252 252 252 252 252 252 252 252 252 252 252 252 252 252 252 252 252 252 252 252 252 252 252 252 252 252 252 252 252 252 253 253 253 253 252 252 252 252 252 252 252 252 252 253 253 253 252 252 252 252 252 252 252 252 252 252 252 252 252 252 252 252 252 252 252 252 252 252 252 252 252 252 252 252 252 252 252 252 252 252 252 252 252 252 252 252 252 252 252 252 252 252 252 252 252 252 252 252 252 252 252 252 252 252 252 252 252 252 252 252 252 252 252 252 252 252 252 252 252 252 252 252 252 252 253 253 253 253 253 253 253 253 253 253 253 253 253 253 253 253 253 253 253 253 252 253 252 252 252 252 252 252 252 252 252 252 252 252 252 252 252 252 252 252 252 252 252 252 252 251 251 251 251 251 250 251 251 251 251 251 251 251 251 251 251 251 251 251 251 251 250 250 250 250 250 250 250 250 250 250 250 250 250 250 250 250 250 250 250 250 250 250 250 250 250 250 250 250 250 250 251 251 251 251 251 251 251 251 251 251 251 251 251 251 251 251 251 251 251 251 251 251 251 251 251 251 251 252 251 252 252 252 252 252 252 252 252 252 252 252 252 252 252 252 252 252 252 252 252 252 252 252 252 252 252 252 252 252 252 252 252 252 252 252 252 252 252 252 252 252 252 252 252 252 252 252 252 252 252 252 252 252 252 252 252 252 252 252 252 252 252 252 252 252 252 252 252 252 252 252 252 252 252 252 253 253 253 253 253 253 253 253 253 253 252 252 253 253 253 253 253 253 252 252 252 252 252 252 252 252 252 252 252 252 252 252 252 252 252 252 252 252 252 252 252 252 252 252 252 252 252 252 252 252 252 252 252 252 252 252 252 252 252 252 252 252 252 252 252 252 252 252 252 252 252 252 252 252 252 252 252 252 252 252 252 252 252 252 252 252 252 252 252 252 252 252 252 252 252 252 253 253 253 253 253 253 253 253 253 253 253 253 253 253 253 253 253 253 252 252 252 252 252 252 252 252 252 252 252 252 252 252 252 252 252 252 252 252 252 252 252 252 252 252 252 251 251 251 251 251 251 251 251 251 251 251 251 251 251 251 251 251 251 251 251 251 250 250 250 250 250 250 250 250 250 250 250 250 250 250 250 250 250 250 250 250 249 250 250 250 250 250 250 250 250 250 250 250 250 250 251 251 251 251 251 251 251 251 251 251 251 251 251 251 251 251 251 251 251 251 251 251 252 252 252 252 252 252 252 252 252 252 252 252 252 252 252 252 252 252 252 252 252 252 252 252 252 252 252 252 252 252 252 252 252 252 252 252 252 252 252 252 252 252 252 252 252 252 252 252 252 252 252 252 252 252 252 252 252 252 252 252 252 252 252 252 252 252 252 252 252 252 252 252 252 252 253 253 253 253 253 253 253 253 253 253 253 253 253 253 253 253 253 253 253 253 253 253 252 252 252 252 252 252 252 252 252 252 252 252 252 252 252 252 252 252 252 252 252 252 252 252 252 252 252 252 252 252 252 252 252 252 252 252 252 252 252 252 252 252 252 252 252 252 252 252 252 252 252 252 252 252 252 252 252 252 252 252 252 252 252 252 252 252 252 252 252 252 252 252 252 252 252 252 252 252 253 253 253 253 253 253 253 253 253 253 253 253 253 253 253 253 253 252 252 252 252 252 252 252 252 252 252 252 252 252 252 252 252 252 252 252 252 252 252 252 252 252 252 252 252 251 251 251 251 251 251 251 251 251 251 251 251 251 251 251 251 251 251 251 250 250 250 250 250 250 250 250 250 250 250 250 250 250 250 250 250 250 250 250 250 249 249 250 250 250 250 250 250 250 250 250 250 250 250 250 250 250 250 250 251 251 251 251 251 251 251 251 251 251 251 252 252 252 252 252 252 252 252 252 252 252 252 252 252 252 252 252 252 252 252 252 252 252 252 252 252 252 252 252 252 252 252 252 252 252 252 252 252 252 252 252 252 252 252 252 252 252 252 252 252 252 252 252 252 252 252 252 252 252 252 252 252 252 252 252 252 252 252 252 252 252 252 252 252 253 253 253 253 253 253 253 253 253 253 253 253 253 253 253 253 253 253 253 253 253 253 253 253 253 253 253 253 252 252 252 252 252 252 252 252 252 252 252 252 252 252 252 252 252 252 252 252 252 252 252 252 252 252 252 252 252 252 252 252 252 252 252 252 252 252 252 252 252 252 252 252 252 252 252 252 252 252 252 252 252 252 252 252 252 252 252 252 252 252 252 252 252 252 252 252 252 252 252 252 253 253 253 253 253 253 253 253 253 253 253 252 252 252 252 252 252 252 252 252 252 252 252 252 252 252 252 252 252 252 252 252 252 252 252 252 252 252 252 252 252 252 252 252 251 251 251 251 251 251 251 251 251 251 251 251 251 251 251 251 251 251 250 250 250 250 250 250 250 250 250 250 250 250 250 250 250 250 250 250 250 250 250 250 249 249 249 250 250 250 250 250 250 250 250 250 250 250 250 250 250 250 250 251 251 251 251 251 252 252 252 252 252 252 252 252 252 252 252 252 252 252 252 252 252 252 252 252 252 252 252 252 252 252 252 252 252 252 252 252 252 252 252 252 252 252 252 252 252 252 252 252 252 252 252 252 252 252 252 252 252 252 252 252 252 252 252 252 252 252 252 252 252 252 252 252 252 252 252 252 252 252 252 253 253 253 253 253 253 253 253 253 253 253 253 253 253 253 253 253 253 253 253 253 253 253 253 253 253 253 253 253 253 253 253 253 252 252 252 252 252 252 252 252 252 252 252 252 252 252 252 253 253 252 252 252 252 252 252 252 252 252 252 252 252 252 252 252 252 252 252 252 252 252 252 252 252 252 252 252 252 252 252 252 252 252 252 252 252 252 252 252 252 252 252 252 252 252 252 252 252 252 252 253 253 253 253 253 253 253 253 253 253 253 253 252 252 252 252 252 252 252 252 252 252 252 252 252 252 252 252 252 252 252 252 252 252 252 252 252 252 252 252 252 252 252 252 252 251 251 251 251 251 251 251 251 251 251 251 251 251 251 250 250 250 250 250 250 250 250 250 250 250 250 250 250 250 250 250 250 250 250 250 250 250 250 250 250 250 250 250 250 250 250 250 250 250 250 250 250 250 250 250 250 251 251 251 252 252 252 252 252 252 252 252 252 252 252 252 252 252 252 252 252 252 252 252 252 252 252 252 252 252 252 252 252 252 252 252 252 252 252 252 252 252 252 252 252 252 252 252 252 252 252 252 252 252 252 252 252 252 252 252 252 252 252 252 252 252 252 252 252 252 252 252 252 252 252 252 252 252 252 253 253 253 253 253 253 253 253 253 253 253 253 253 253 253 253 253 253 253 253 253 253 253 253 253 253 253 253 253 253 253 253 253 253 252 252 252 252 252 252 252 252 252 252 252 252 252 252 253 253 252 252 252 252 252 252 252 252 252 252 252 252 252 252 252 252 252 252 252 252 252 252 252 252 252 252 252 252 252 252 252 252 252 252 252 252 252 252 252 252 252 252 252 252 252 252 252 252 252 252 253 253 253 253 253 253 253 253 253 253 253 253 253 252 252 252 252 252 252 252 252 252 252 252 252 252 252 252 252 252 252 252 252 252 252 252 252 252 252 252 252 252 252 252 251 251 251 251 251 251 251 251 251 251 251 251 251 251 250 250 250 250 251 251 250 250 250 250 250 250 250 250 250 250 250 250 250 250 250 250 250 250 250 250 250 250 250 250 250 250 250 250 250 250 251 252 252 252 252 252 252 252 252 252 252 252 252 252 252 252 252 252 252 252 252 252 252 252 252 252 252 252 252 252 252 252 252 252 252 252 252 252 252 252 252 252 252 252 252 252 252 252 252 252 252 252 252 252 252 252 252 252 252 252 252 252 252 252 252 252 252 252 252 252 252 252 252 252 252 252 253 253 253 253 253 253 253 253 253 253 253 253 253 253 253 253 253 253 253 253 253 253 253 253 253 253 253 253 253 253 253 253 253 253 253 253 252 252 252 253 253 253 252 252 252 252 252 252 252 252 253 253 253 252 252 252 252 252 252 252 252 252 252 252 252 252 252 252 252 252 252 252 252 252 252 252 252 252 252 252 252 252 252 252 252 252 252 252 252 252 252 252 252 252 252 252 252 252 252 252 253 253 253 253 253 253 253 253 253 253 253 253 252 252 252 252 252 252 252 252 252 252 252 252 252 252 252 252 252 252 252 252 252 252 252 252 252 252 252 252 252 252 252 252 251 251 251 251 251 251 251 251 251 251 251 251 251 251 250 250 250 251 251 251 251 251 250 250 250 250 250 250 250 250 250 250 250 250 250 250 250 250 250 250 250 250 250 250 250 251 252 252 252 252 252 252 252 252 252 252 252 252 252 252 252 252 252 252 252 252 252 252 252 252 252 252 252 252 252 252 252 252 252 252 252 252 252 252 252 252 252 252 252 252 252 252 252 252 252 252 252 252 252 252 252 252 252 252 252 252 252 252 252 252 252 252 252 252 252 252 252 252 252 252 252 253 253 253 253 253 253 253 253 253 253 253 253 253 253 253 253 253 253 253 253 253 253 253 253 253 253 253 253 253 253 253 253 253 253 253 253 253 252 253 253 253 253 253 253 252 252 252 252 252 252 252 252 252 252 252 252 252 252 252 252 252 252 252 252 252 252 252 252 252 252 252 252 252 252 252 252 252 252 252 252 252 252 252 252 252 252 252 252 252 252 252 252 252 252 252 252 252 252 252 252 253 253 253 253 253 253 253 253 253 253 253 253 253 253 253 252 252 252 252 252 252 252 252 252 252 252 252 252 252 252 252 252 252 252 252 252 252 252 252 252 252 252 252 252 252 251 251 251 251 251 251 251 251 251 251 251 251 251 251 251 251 251 251 251 251 250 250 250 250 250 250 250 250 250 250 250 250 250 250 250 251 252 252 252 252 252 252 252 252 252 252 252 252 252 252 252 252 252 252 252 252 252 252 252 252 252 252 252 252 252 252 252 252 252 252 252 252 252 252 252 252 252 252 252 252 252 252 252 252 252 252 252 252 252 252 252 252 252 252 252 252 252 252 252 252 252 252 252 252 252 252 252 252 252 252 252 252 253 253 253 253 253 253 253 253 253 253 253 253 253 253 253 253 253 253 253 253 253 253 253 253 253 253 253 253 253 253 253 253 253 253 253 253 253 253 253 253 253 253 253 253 252 252 252 252 252 252 252 252 252 252 252 252 252 252 252 252 252 252 252 252 252 252 252 252 252 252 252 252 252 252 252 252 252 252 252 252 252 252 252 252 252 252 252 252 252 252 252 252 252 252 252 252 252 252 252 252 253 253 253 253 253 253 253 253 253 253 253 253 253 253 253 253 253 252 252 252 252 252 252 252 252 252 252 252 252 252 252 252 252 252 252 252 252 252 252 252 252 252 252 252 252 252 252 252 251 251 251 251 251 251 251 251 251 251 251 251 251 251 251 251 251 251 252 252 252 252 252 252 252 252 252 252 252 252 252 252 252 252 252 252 252 252 252 252 252 252 252 252 252 252 252 252 252 252 252 252 252 252 252 252 252 252 252 252 252 252 252 252 252 252 252 252 252 252 252 252 252 252 252 252 252 252 252 252 252 252 252 252 252 252 252 252 252 252 252 252 252 253 253 253 253 253 253 253 253 253 253 253 253 253 253 253 253 253 253 253 253 253 253 253 253 253 253 253 253 253 253 253 253 253 253 253 252 253 253 253 253 253 253 253 253 253 253 253 253 252 252 252 252 252 253 253 252 252 252 252 252 252 252 252 252 252 252 252 252 252 252 252 252 252 252 252 252 252 252 252 252 252 252 252 252 252 252 252 252 252 252 252 252 252 252 252 252 252 252 252 252 252 253 253 253 253 253 253 253 253 253 253 253 253 253 253 253 253 253 252 252 252 252 252 252 252 252 252 252 252 252 252 252 252 252 252 252 252 252 252 252 252 252 252 252 252 252 252 252 252 252 252 251 251 251 251 251 251 251 251 251 251 251 251 251 251 252 252 252 252 252 252 252 252 252 252 252 252 252 252 252 252 252 252 252 252 252 252 252 252 252 252 252 252 252 252 252 252 252 252 252 252 252 252 252 252 252 252 252 252 252 252 252 252 252 252 252 252 252 252 252 252 252 252 252 252 252 252 252 252 252 252 252 252 252 252 252 252 252 252 252 253 253 253 253 253 253 253 253 253 253 253 253 253 253 253 253 253 253 253 253 253 253 253 253 253 253 253 253 253 253 253 253 252 252 252 252 252 252 252 252 252 253 253 253 253 253 253 253 253 253 252 252 252 252 253 253 253 253 252 252 252 252 252 252 252 252 252 252 252 252 252 252 252 252 252 252 252 252 252 252 252 252 252 252 252 252 252 252 252 252 252 252 252 252 252 252 252 252 252 252 252 252 253 253 253 253 253 253 253 253 253 253 253 253 253 253 253 253 253 253 253 252 252 252 252 252 252 252 252 252 252 252 252 252 252 252 252 252 252 252 252 252 252 252 252 252 252 252 252 252 252 252 251 251 251 251 251 251 251 251 251 251 251 251 251 252 252 252 252 252 252 252 252 252 252 252 252 252 252 252 252 252 252 252 252 252 252 252 252 252 252 252 252 252 252 252 252 252 252 252 252 252 252 252 252 252 252 252 252 252 252 252 252 252 252 252 252 252 252 252 252 252 252 252 252 252 252 252 252 252 252 252 252 252 252 252 252 252 252 252 253 253 253 253 253 253 253 253 253 253 253 253 253 253 253 253 253 253 253 253 253 253 253 253 253 253 253 253 253 253 253 253 253 253 253 253 253 252 252 252 252 252 252 253 253 253 253 253 253 253 253 252 252 252 252 252 252 252 252 252 252 252 252 252 252 252 252 252 252 252 252 252 252 252 252 252 252 252 252 252 252 252 252 252 252 252 252 252 252 252 252 252 252 252 252 252 252 252 252 252 252 252 252 253 253 253 253 253 253 253 253 253 253 253 253 253 253 253 253 253 253 253 252 252 252 252 252 252 252 252 252 252 252 252 252 252 252 252 252 252 252 252 252 252 252 252 252 252 252 252 252 252 252 251 251 251 251 251 251 251 251 251 251 251 251 251 251 251 252 252 252 252 252 252 252 252 252 252 252 252 252 252 252 252 252 252 252 252 252 252 252 252 252 252 252 252 252 252 252 252 252 252 252 252 252 252 252 252 252 252 252 252 252 252 252 252 252 252 252 252 252 252 252 252 252 252 252 252 252 252 252 252 252 252 252 252 252 252 252 253 253 253 253 253 253 253 253 253 253 253 253 253 253 253 253 253 253 253 253 253 253 253 253 253 253 253 253 253 253 253 253 253 253 253 253 253 253 253 253 253 253 253 253 253 253 253 253 253 253 253 253 252 252 252 252 253 253 252 252 252 252 252 252 252 252 252 252 252 252 252 252 252 252 252 252 252 252 252 252 252 252 252 252 252 252 252 252 252 252 252 252 252 252 252 252 252 252 252 252 252 252 252 252 252 253 253 253 253 253 253 253 253 253 253 253 253 253 253 253 253 253 253 253 252 252 252 252 252 252 252 252 252 252 252 252 252 252 252 252 252 252 252 252 252 252 252 252 252 252 252 252 252 252 252 251 251 251 251 251 251 251 251 251 251 251 251 250 251 251 251 251 252 252 252 252 252 252 252 252 252 252 252 252 252 252 252 252 252 252 252 252 252 252 252 252 252 252 252 252 252 252 252 252 252 252 252 252 252 252 252 252 252 252 252 252 252 252 252 252 252 252 252 252 252 252 252 252 252 252 252 252 252 252 252 252 252 252 252 252 252 252 252 252 252 253 253 253 253 253 253 253 253 253 253 253 253 253 253 253 253 253 253 253 253 253 253 253 253 253 253 253 253 253 253 253 253 253 253 253 253 253 253 253 253 253 253 253 253 253 253 253 253 253 253 253 253 252 252 253 253 253 252 252 252 252 252 252 252 252 252 252 252 252 252 252 252 252 252 252 252 252 252 252 252 252 252 252 252 252 252 252 252 252 252 252 252 252 252 252 252 252 252 252 252 252 252 252 252 252 253 253 253 253 253 253 253 253 253 253 253 253 253 253 253 253 253 253 252 253 252 252 252 252 252 252 252 252 252 252 252 252 252 252 252 252 252 252 252 252 252 252 252 252 252 252 252 252 252 252 251 251 251 251 251 251 251 251 251 251 251 250 250 250 251 251 252 252 252 252 252 252 252 252 252 252 252 252 252 252 252 252 252 252 252 252 252 252 252 252 252 252 252 252 252 252 252 252 252 252 252 252 252 252 252 252 252 252 252 252 252 252 252 252 252 252 252 252 252 252 252 252 252 252 252 252 252 252 252 252 252 252 252 252 252 252 252 252 252 252 252 253 253 253 253 253 253 253 253 253 253 253 253 253 253 253 253 253 253 253 253 253 253 253 253 253 253 253 253 253 253 253 253 253 253 253 253 253 253 253 253 253 253 253 253 253 253 253 253 253 253 252 252 252 253 253 253 252 252 252 252 252 252 252 252 252 252 252 252 252 252 252 252 252 252 252 252 252 252 252 252 252 252 252 252 252 252 252 252 252 252 252 252 252 252 252 252 252 252 252 252 252 252 252 252 253 253 253 253 253 253 253 253 253 253 253 253 253 253 253 253 253 253 253 253 253 253 252 252 252 252 252 252 252 252 252 252 252 252 252 252 252 252 252 252 252 252 252 252 252 252 252 252 252 252 251 251 251 251 251 251 251 251 251 251 251 251 251 250 250 250 251 251 251 251 252 252 252 252 252 252 252 252 252 252 252 252 252 252 252 252 252 252 252 252 252 252 252 252 252 252 252 252 252 252 252 252 252 252 252 252 252 252 252 252 252 252 252 252 252 252 252 252 252 252 252 252 252 252 252 252 252 252 252 252 252 252 252 252 252 252 252 252 252 252 252 252 252 253 253 253 253 253 253 253 253 253 253 253 253 253 253 253 253 253 253 253 253 253 253 253 253 253 253 253 253 253 253 253 253 253 253 253 253 253 253 253 253 253 253 253 253 253 253 253 253 253 252 252 252 252 253 253 253 253 252 252 252 252 252 252 252 252 252 252 252 252 252 252 252 252 252 252 252 252 252 252 252 252 252 252 252 252 252 252 252 252 252 252 252 252 252 252 252 252 252 252 252 252 252 252 252 252 252 253 253 253 253 253 253 253 253 253 253 253 253 253 253 253 253 253 253 253 253 253 253 253 253 252 252 252 252 252 252 252 252 252 252 252 252 252 252 252 252 252 252 252 252 252 252 252 252 252 252 251 251 251 251 251 251 251 251 251 251 251 251 251 251 251 250 251 251 252 252 252 252 252 252 252 252 252 252 252 252 252 252 252 252 252 252 252 252 252 252 252 252 252 252 252 252 252 252 252 252 252 252 252 252 252 252 252 252 252 252 252 252 252 252 252 252 252 252 252 252 252 252 252 252 252 252 252 252 252 252 252 252 252 252 252 252 252 252 252 252 252 253 253 253 253 253 253 253 253 253 253 253 253 253 253 253 253 253 253 253 253 253 253 253 253 253 253 253 253 253 253 253 253 253 253 253 253 253 253 253 253 253 253 253 252 252 252 252 252 252 252 252 252 253 253 253 253 252 252 252 252 252 252 252 252 252 252 252 252 253 252 252 252 253 252 252 253 252 252 252 252 252 252 252 252 252 252 252 252 252 252 252 252 252 252 252 252 252 252 252 252 252 252 252 252 252 252 252 253 253 253 253 253 253 253 253 253 253 253 253 253 253 253 253 253 253 253 253 253 253 253 252 252 252 252 252 252 252 252 252 252 252 252 252 252 252 252 252 252 252 252 252 252 252 252 252 252 252 251 251 251 251 251 251 251 251 251 251 250 250 250 250 250 250 250 251 251 251 251 252 252 252 252 252 252 252 252 252 252 252 252 252 252 252 252 252 252 252 252 252 252 252 252 252 252 252 252 252 252 252 252 252 252 252 252 252 252 252 252 252 252 252 252 252 252 252 252 252 252 252 252 252 252 252 252 252 252 252 252 252 252 252 252 252 252 252 252 252 252 252 252 252 253 253 253 253 253 253 253 253 253 253 253 253 253 253 253 253 253 253 253 253 253 253 253 253 253 253 253 253 253 253 253 253 253 253 253 253 253 253 253 253 252 252 252 252 252 252 253 253 252 252 253 253 253 253 253 252 252 252 252 252 252 252 252 252 252 252 252 252 252 253 252 252 253 253 252 252 252 252 252 252 252 252 252 252 252 252 252 252 252 252 252 252 252 252 252 252 252 252 252 252 252 252 252 252 252 252 252 253 253 253 253 253 253 253 253 253 253 253 253 253 253 253 253 253 253 253 253 253 253 253 252 252 252 252 252 252 252 252 252 252 252 252 252 252 252 252 252 252 252 252 252 252 252 252 252 252 252 251 251 251 251 251 251 251 251 251 250 250 250 250 250 250 250 250 251 252 252 252 252 252 252 252 252 252 252 252 252 252 252 252 252 252 252 252 252 252 252 252 252 252 252 252 252 252 252 252 252 252 252 252 252 252 252 252 252 252 252 252 252 252 252 252 252 252 252 252 252 252 252 252 252 252 252 252 252 252 252 252 252 252 252 252 252 252 252 252 252 252 253 253 253 253 253 253 253 253 253 253 253 253 253 253 253 253 253 253 253 253 253 253 253 253 253 253 253 253 253 253 253 253 253 253 253 253 253 253 253 253 253 253 253 253 253 253 253 253 253 253 253 253 253 253 252 252 252 252 252 252 252 252 252 252 252 252 252 252 252 252 253 253 253 252 252 252 252 252 252 252 252 252 252 252 252 252 252 252 252 252 252 252 252 252 252 252 252 252 252 252 252 252 252 252 252 252 252 253 253 253 253 253 253 253 253 253 253 253 253 253 253 253 253 253 253 253 253 253 253 252 252 252 252 252 252 252 252 252 252 252 252 252 252 252 252 252 252 252 252 252 252 252 252 252 252 252 252 251 251 251 251 251 251 251 251 250 251 251 251 250 250 250 250 250 250 251 251 251 251 252 252 252 252 252 252 252 252 252 252 252 252 252 252 252 252 252 252 252 252 252 252 252 252 252 252 252 252 252 252 252 252 252 252 252 252 252 252 252 252 252 252 252 252 252 252 252 252 252 252 252 252 252 252 252 252 252 252 252 252 252 252 252 252 252 252 252 252 252 252 252 252 252 253 252 252 253 253 253 253 253 253 253 253 253 253 253 253 253 253 253 253 253 253 253 253 253 253 253 253 253 253 253 253 253 253 253 253 253 253 253 253 253 253 253 253 253 253 253 253 253 253 253 253 253 253 253 252 252 252 252 252 252 252 253 253 252 252 252 252 252 252 252 252 253 252 252 252 252 252 252 252 252 252 252 252 252 252 252 252 252 252 252 252 252 252 252 252 252 252 252 252 252 252 252 252 252 252 252 252 253 253 253 253 253 253 253 253 253 253 253 253 253 253 253 253 253 253 253 253 253 252 252 252 252 252 252 252 252 252 252 252 252 252 252 252 252 252 252 252 252 252 252 252 252 252 252 252 252 252 251 251 251 251 251 251 251 251 251 251 251 251 251 250 250 250 250 250 250 250 250 250 250 250 250 250 250 250 250 250 250 250 250 250 250 249 251 251 252 252 252 252 252 252 252 252 252 252 252 252 252 252 252 252 252 252 252 252 252 252 252 252 252 252 252 252 252 252 252 252 252 252 252 252 252 252 252 252 252 252 252 252 252 252 252 252 252 252 252 252 252 252 252 252 252 252 252 252 252 252 252 252 252 252 252 252 252 252 252 252 252 253 253 253 253 253 253 253 253 253 253 253 253 253 253 253 253 253 253 253 253 253 253 253 253 253 253 253 253 253 253 253 253 253 253 253 253 253 253 253 253 253 253 253 253 253 253 253 253 253 253 253 253 253 252 252 252 252 252 252 252 252 252 252 252 252 252 252 252 252 252 252 252 252 252 252 252 252 252 252 252 252 252 252 252 252 252 252 252 252 252 252 252 252 252 252 252 252 252 252 252 252 252 252 252 252 252 253 253 253 253 253 253 253 253 253 253 253 253 253 253 253 253 253 253 253 253 253 253 253 252 252 252 252 252 252 252 252 252 252 252 252 252 252 252 252 252 252 252 252 252 252 252 252 252 252 252 251 251 251 251 251 251 251 251 251 251 251 251 251 250 250 250 250 250 250 250 250 250 250 250 250 250 250 250 250 250 250 250 250 250 250 250 250 249 249 251 251 251 252 252 252 252 252 252 252 252 252 252 252 252 252 252 252 252 252 252 252 252 252 252 252 252 252 252 252 252 252 252 252 252 252 252 252 252 252 252 252 252 252 252 252 252 252 252 252 252 252 252 252 252 252 252 252 252 252 252 252 252 252 252 252 252 252 252 252 252 252 252 252 252 252 253 253 253 253 253 253 253 253 253 253 253 253 253 253 253 253 253 253 253 253 253 253 253 253 253 253 253 253 253 253 253 253 253 253 253 253 253 253 253 253 253 253 253 253 253 253 253 253 253 253 253 253 252 252 252 252 252 252 252 252 252 252 252 252 252 252 252 252 252 252 252 252 252 252 252 252 252 252 252 252 252 252 252 252 252 252 252 252 252 252 252 252 252 252 252 252 252 252 252 252 252 252 252 252 252 252 253 253 253 253 253 253 253 253 253 253 253 253 253 253 253 253 253 253 253 253 253 253 253 253 253 252 252 252 252 252 252 252 252 252 252 252 252 252 252 252 252 252 252 252 252 252 252 252 252 252 251 251 251 251 251 251 251 251 251 251 251 251 251 250 250 250 250 250 250 250 250 250 250 250 250 250 250 250 250 250 250 250 250 250 250 250 250 250 249 249 249 251 251 252 252 252 252 252 252 252 252 252 252 252 252 252 252 252 252 252 252 252 252 252 252 252 252 252 252 252 252 252 252 252 252 252 252 252 252 252 252 252 252 252 252 252 252 252 252 252 252 252 252 252 252 252 252 252 252 252 252 252 252 252 252 252 252 252 252 252 252 252 252 252 252 252 252 253 253 253 253 253 253 253 253 253 253 253 253 253 253 253 253 253 253 253 253 253 253 253 253 253 253 253 253 253 253 253 253 253 253 253 253 253 253 253 253 253 253 253 253 253 253 253 253 253 252 252 252 252 252 252 252 252 252 252 252 252 252 252 252 252 252 253 253 252 252 252 252 252 252 252 252 252 252 252 252 252 252 252 252 252 252 252 252 252 252 252 252 252 252 252 252 252 252 252 252 252 252 252 252 252 253 253 253 253 253 253 253 253 253 253 253 253 253 253 253 253 253 253 253 253 253 253 253 253 253 253 252 252 252 252 252 252 252 252 252 252 252 252 252 252 252 252 252 252 252 252 252 252 252 252 251 251 251 251 251 251 251 251 251 251 251 251 251 251 250 250 250 250 250 250 250 250 250 250 250 250 250 250 250 250 250 250 250 250 250 250 250 250 249 249 249 249 251 251 252 252 252 252 252 252 252 252 252 252 252 252 252 252 252 252 252 252 252 252 252 252 252 252 252 252 252 252 252 252 252 252 252 252 252 252 252 252 252 252 252 252 252 252 252 252 252 252 252 252 252 252 252 252 252 252 252 252 252 252 252 252 252 252 252 252 252 252 252 252 252 252 252 252 252 252 253 253 253 253 253 253 253 253 253 253 253 253 253 253 253 253 253 253 253 253 253 253 253 253 253 253 253 253 253 253 253 253 253 253 253 253 253 253 253 253 253 253 253 252 252 252 252 252 252 252 252 252 252 252 252 253 252 252 252 252 252 252 252 252 252 253 253 252 252 252 252 252 252 252 252 252 252 252 252 252 252 252 252 252 252 252 252 252 252 252 252 252 252 252 252 252 252 252 252 252 252 252 252 252 252 253 253 253 253 253 253 253 253 253 253 253 253 253 253 253 253 253 253 253 253 253 253 253 253 253 253 252 252 252 252 252 252 252 252 252 252 252 252 252 252 252 252 252 252 252 252 252 252 252 252 251 251 251 251 251 251 251 251 251 251 251 251 251 251 250 250 250 250 250 250 250 250 250 250 250 250 250 250 250 249 249 250 250 250 250 250 250 250 249 249 249 249 249 251 251 252 252 252 252 252 252 252 252 252 252 252 252 252 252 252 252 252 252 252 252 252 252 252 252 252 252 252 252 252 252 252 252 252 252 252 252 252 252 252 252 252 252 252 252 252 252 252 252 252 252 252 252 252 252 252 252 252 252 252 252 252 252 252 252 252 252 252 252 252 252 252 252 252 252 252 252 252 253 253 253 253 253 253 253 253 253 253 253 253 253 253 253 253 253 253 253 253 253 253 253 253 253 253 253 253 253 253 253 253 253 253 253 253 253 253 253 253 253 253 252 252 252 252 252 252 252 252 252 252 252 253 253 253 252 252 252 252 252 252 252 252 252 252 253 252 252 252 252 252 252 252 252 252 252 252 252 252 252 252 252 252 252 252 252 252 252 252 252 252 252 252 252 252 252 252 252 252 252 252 252 252 252 253 253 253 253 253 253 253 253 253 253 253 253 253 253 253 253 253 253 253 253 253 253 253 253 253 252 252 252 252 252 252 252 252 252 252 252 252 252 252 252 252 252 252 252 252 252 252 252 252 252 251 251 251 251 251 251 251 251 251 251 251 251 251 251 251 250 250 250 250 250 250 250 250 250 250 250 250 250 250 249 249 249 250 250 250 250 250 250 250 249 249 249 249 251 252 252 252 252 252 252 252 252 252 252 252 252 252 252 252 252 252 252 252 252 252 252 252 252 252 252 252 252 252 252 252 252 252 252 252 252 252 252 252 252 252 252 252 252 252 252 252 252 252 252 252 252 252 252 252 252 252 252 252 252 252 252 252 252 252 252 252 252 252 252 252 252 252 252 252 252 253 253 253 253 253 253 253 253 253 253 253 253 253 253 253 253 253 253 253 253 253 253 253 253 253 253 253 253 253 253 253 253 253 253 253 253 253 253 253 253 253 252 252 252 252 252 252 252 252 252 252 252 252 252 253 253 252 252 252 252 252 252 252 252 252 252 252 252 252 252 252 252 252 252 252 252 252 252 252 252 252 252 252 252 252 252 252 252 252 252 252 252 252 252 252 252 252 252 252 252 252 252 252 252 252 253 253 253 253 253 253 253 253 253 253 253 253 253 253 253 253 253 253 253 253 253 253 253 253 253 253 252 252 252 252 252 252 252 252 252 252 252 252 252 252 252 252 252 252 252 252 252 252 252 252 251 251 251 251 251 251 251 251 251 251 251 251 251 251 251 251 250 250 250 250 250 250 250 250 250 250 250 250 250 250 249 249 249 250 250 250 250 250 250 250 249 249 249 251 251 251 252 252 252 252 252 252 252 252 252 252 252 252 252 252 252 252 252 252 252 252 252 252 252 252 252 252 252 252 252 252 252 252 252 252 252 252 252 252 252 252 252 252 252 252 252 252 252 252 252 252 252 252 252 252 252 252 252 252 252 252 252 252 252 252 252 252 252 252 252 252 252 252 253 252 252 252 253 253 253 253 253 253 253 253 253 253 253 253 253 253 253 253 253 253 253 253 253 253 253 253 253 253 253 253 253 253 253 253 253 253 253 253 253 253 253 253 253 252 252 252 252 252 253 252 252 252 252 252 252 253 253 253 252 252 252 252 252 252 252 252 252 252 252 252 252 252 252 252 252 252 252 252 252 252 252 252 252 252 252 252 252 252 252 252 252 252 252 252 252 252 252 252 252 252 252 252 252 252 252 252 252 253 253 253 253 253 253 253 253 253 253 253 253 253 253 253 253 253 253 253 253 253 253 253 253 253 253 253 252 252 252 252 252 252 252 252 252 252 252 252 252 252 252 252 252 252 252 252 252 251 251 251 251 251 251 251 251 251 251 251 251 251 251 251 251 251 251 250 250 250 250 250 250 250 250 250 250 250 250 250 250 250 249 249 250 250 250 250 250 250 250 249 249 249 249 241 241 241 241 251 251 252 252 252 252 252 252 252 252 252 252 252 252 252 252 252 252 252 252 252 252 252 252 252 252 252 252 252 252 252 252 252 252 252 252 252 252 252 252 252 252 252 252 252 252 252 252 252 252 252 252 252 252 252 252 252 252 252 252 252 252 252 252 252 252 252 252 252 252 252 252 252 252 252 253 252 253 253 253 253 253 253 253 253 253 253 253 253 253 253 253 253 253 253 253 253 253 253 253 253 253 253 253 253 253 253 253 253 253 253 253 253 253 253 253 253 253 253 253 252 252 252 252 252 253 253 253 252 252 252 253 253 253 252 252 252 252 252 252 252 252 252 252 252 252 252 252 252 252 252 252 252 252 252 252 252 252 252 252 252 252 252 252 252 252 252 252 252 252 252 252 252 252 252 252 252 252 252 252 252 252 252 253 253 253 253 253 253 253 253 253 253 253 253 253 253 253 253 253 253 253 253 253 253 253 253 253 253 253 253 252 252 252 252 252 252 252 252 252 252 252 252 252 252 252 252 252 252 251 252 252 252 251 251 251 251 251 251 251 251 251 251 251 251 251 251 251 251 251 251 250 250 250 250 250 250 250 250 251 250 250 250 250 250 249 250 250 250 249 249 250 249 249 249 249 249 242 242 242 242 242 242 241 241 251 251 251 252 252 252 252 252 252 252 252 252 252 252 252 252 252 252 252 252 252 252 252 252 252 252 252 252 252 252 252 252 252 252 252 252 252 252 252 252 252 252 252 252 252 252 252 252 252 252 252 252 252 252 252 252 252 252 252 252 252 252 252 252 252 252 252 252 252 252 252 252 252 252 252 252 253 253 253 253 253 253 253 253 253 253 253 253 253 253 253 253 253 253 253 253 253 253 253 253 253 253 253 253 253 253 253 253 253 253 253 253 253 253 253 253 253 253 253 253 253 252 252 252 252 253 253 253 253 253 252 253 253 253 253 253 252 252 252 252 252 252 252 252 252 253 252 252 252 252 252 252 252 252 252 252 252 252 252 252 253 252 252 252 252 252 252 252 252 252 252 252 252 252 252 252 252 252 252 252 252 252 252 252 253 253 253 253 253 253 253 253 253 253 253 253 253 253 253 253 253 253 253 253 253 253 253 253 253 253 253 253 253 252 252 252 252 252 252 252 252 252 252 252 252 252 252 252 252 252 252 252 252 252 251 251 251 251 251 251 251 251 251 251 251 251 251 251 251 251 251 251 251 251 250 250 250 250 250 251 251 250 250 250 250 249 249 249 249 249 249 249 249 249 249 249 249 242 242 242 242 243 242 242 242 242 241 251 251 251 251 252 252 252 252 252 252 252 252 252 252 252 252 252 252 252 252 252 252 252 252 252 252 252 252 252 252 252 252 252 252 252 252 252 252 252 252 252 252 252 252 252 252 252 252 252 252 252 252 252 252 252 252 252 252 252 252 252 252 252 252 252 252 252 252 252 252 252 252 252 252 252 252 252 252 252 253 253 253 253 253 253 253 253 253 253 253 253 253 253 253 253 253 253 253 253 253 253 253 253 253 253 253 253 253 253 253 253 253 253 253 253 253 253 253 253 253 253 253 252 252 252 252 252 253 253 253 253 253 253 253 253 253 253 253 252 252 252 252 252 252 252 252 252 253 253 252 252 252 252 252 252 252 252 252 252 252 252 253 252 252 252 252 252 252 252 252 252 252 252 252 252 252 252 252 252 252 252 252 252 252 252 252 253 253 253 253 253 253 253 253 253 253 253 253 253 253 253 253 253 253 253 253 253 253 253 253 253 253 253 253 253 253 252 252 252 252 252 252 252 252 252 252 252 252 252 252 252 252 252 252 252 252 251 251 251 251 251 251 251 251 251 251 251 251 251 251 251 251 251 251 251 251 251 250 250 250 250 250 250 250 250 250 249 249 250 249 249 250 250 249 249 249 249 249 249 242 242 242 242 242 243 243 243 242 242 241 241 240 251 251 251 251 252 251 251 251 251 251 251 251 251 252 252 252 251 251 251 251 251 251 251 251 252 252 252 252 252 252 252 252 252 252 252 252 252 252 252 252 252 252 252 252 252 252 252 252 252 252 252 252 252 252 252 252 252 252 252 252 252 252 252 252 252 252 252 252 252 252 252 252 252 252 252 252 252 252 252 253 253 253 253 253 253 253 253 253 253 253 253 253 253 253 253 253 253 253 253 253 253 253 253 253 253 253 253 253 253 253 253 253 253 253 253 253 253 253 253 253 252 252 252 252 252 252 252 253 253 253 253 253 253 253 253 253 253 253 252 252 252 252 252 252 252 252 252 252 252 252 252 252 252 252 252 252 252 252 252 252 252 252 252 252 252 252 252 252 252 252 252 252 252 252 252 252 252 252 252 252 252 252 252 252 252 252 253 253 253 253 253 253 253 253 253 253 253 253 253 253 253 253 253 253 253 253 253 253 253 253 253 253 253 253 253 253 253 252 252 252 252 252 252 252 252 252 252 252 252 252 252 252 252 252 252 252 251 252 252 252 251 251 251 251 251 251 251 251 251 251 251 251 251 251 251 251 251 251 251 250 250 250 250 250 250 250 250 250 250 250 250 250 250 250 250 249 249 249 249 249 242 242 243 243 243 243 243 243 242 242 242 242 241 240 240 251 251 251 251 251 251 251 251 251 251 251 251 251 251 251 251 251 251 251 251 251 251 251 251 251 252 252 252 252 252 252 252 252 252 252 252 252 252 252 252 252 252 252 252 252 252 252 252 252 252 252 252 252 252 252 252 252 252 252 252 252 252 252 252 252 252 252 252 252 252 252 252 252 252 252 252 252 252 252 252 253 253 253 253 253 253 253 253 253 253 253 253 253 253 253 253 253 253 253 253 253 253 253 253 253 253 253 253 253 253 253 253 253 253 253 253 253 253 253 252 252 252 252 252 252 252 253 252 253 253 253 253 253 253 253 253 253 253 253 253 252 252 252 252 252 252 252 252 252 252 252 252 252 252 252 252 252 252 252 252 252 252 252 252 252 252 252 252 252 252 252 252 252 252 252 252 252 252 252 252 252 252 252 252 252 252 252 253 253 253 253 253 253 253 253 253 253 253 253 253 253 253 253 253 253 253 253 253 253 253 253 253 253 253 253 253 253 253 253 252 252 252 252 252 252 252 252 252 252 252 252 252 252 252 252 252 252 252 252 252 252 252 251 251 251 251 251 251 251 251 251 251 251 251 251 251 251 250 250 250 250 250 250 250 250 250 250 250 250 250 250 250 250 250 250 250 249 250 249 249 249 249 243 243 243 243 243 243 243 243 242 243 243 243 243 243 243 243 243 243 242 241 240 240 240 251 251 251 251 251 251 251 251 251 251 251 251 251 251 251 251 251 251 251 251 251 251 251 252 252 252 252 252 252 252 252 252 252 252 252 252 252 252 252 252 252 252 252 252 252 252 252 252 252 252 252 252 252 252 252 252 252 252 252 252 252 252 252 252 252 252 252 252 253 252 252 252 252 252 252 252 252 252 252 253 253 253 253 253 253 253 253 253 253 253 253 253 253 253 253 253 253 253 253 253 253 253 253 253 253 253 253 253 253 253 253 253 253 253 253 253 252 252 252 252 252 252 253 253 252 253 253 253 253 253 253 253 253 253 253 253 253 253 253 253 253 252 252 252 252 252 252 252 252 252 252 252 252 252 252 252 252 252 252 252 252 252 253 252 252 252 252 252 252 252 252 252 252 252 252 252 252 252 252 252 252 252 252 252 252 252 253 253 253 253 253 253 253 253 253 253 253 253 252 253 253 253 253 253 253 253 253 253 253 253 253 253 253 253 253 253 253 253 253 253 252 252 252 252 252 252 252 252 252 252 252 252 252 252 252 252 252 252 252 252 251 251 251 251 251 251 251 251 251 251 251 251 251 251 251 251 251 250 250 251 251 250 250 250 250 250 250 250 250 250 250 250 250 250 250 250 250 249 249 249 249 249 249 249 249 248 248 248 248 243 243 244 244 243 243 243 243 243 243 243 243 243 243 243 243 243 243 243 243 243 242 242 241 241 241 240 240 251 251 251 251 251 251 251 251 251 251 251 251 251 251 251 251 251 251 251 251 251 251 251 251 251 251 252 252 252 252 252 252 252 252 252 252 252 252 252 252 252 252 252 252 252 252 252 252 252 252 252 252 252 252 252 252 252 252 252 252 252 252 252 252 252 252 252 252 252 252 252 252 253 252 252 252 252 252 252 252 252 252 252 253 253 253 253 253 253 253 253 253 253 253 253 253 253 253 253 253 253 253 253 253 253 253 253 253 253 253 253 253 253 253 253 253 252 252 252 252 252 252 252 252 253 253 253 253 253 253 253 253 253 253 252 253 253 253 253 253 253 253 253 253 252 252 252 252 252 252 252 252 252 252 252 252 252 252 252 252 252 252 252 252 252 252 252 252 252 252 252 252 252 252 252 252 252 252 252 252 252 252 252 252 252 252 252 252 252 253 253 253 253 253 253 253 253 253 253 253 253 253 252 253 253 253 253 253 253 253 253 253 253 253 253 253 253 253 253 253 253 253 253 253 252 252 252 252 252 252 252 252 252 252 252 252 252 252 252 252 252 252 252 252 251 251 251 251 251 251 251 251 251 251 251 251 251 251 251 251 251 251 251 251 250 250 250 250 250 250 250 250 250 250 250 250 250 250 250 250 249 250 249 249 249 249 249 249 249 249 249 249 249 248 248 248 248 248 248 248 248 248 248 247 247 247 247 247 244 244 244 244 244 244 244 244 244 244 243 243 244 243 243 244 244 244 244 243 243 243 242 241 242 241 241 241 241 251 251 251 251 251 251 251 251 251 251 251 251 251 251 251 251 251 251 251 251 251 251 251 251 251 251 251 252 252 252 252 252 252 252 252 252 252 252 252 252 252 252 252 252 252 252 252 252 252 252 252 252 252 252 252 252 252 252 252 252 252 252 252 252 252 252 252 252 252 252 252 252 252 252 252 252 252 252 252 252 252 252 253 253 253 253 253 253 253 253 253 253 253 253 253 253 253 253 253 253 253 253 253 253 253 253 253 253 253 253 253 253 253 252 252 252 252 252 252 252 252 253 253 253 253 253 252 252 252 252 253 253 253 253 253 253 253 253 253 253 253 253 253 253 252 252 252 252 252 252 252 252 252 252 252 252 252 252 252 252 252 252 252 252 252 252 252 252 252 252 252 252 252 252 252 252 252 252 252 252 252 252 252 252 252 252 252 252 253 253 253 253 253 253 253 253 253 253 253 253 253 253 252 253 253 253 253 253 253 253 253 253 253 253 253 253 253 253 253 253 253 253 253 253 252 252 252 252 252 252 252 252 252 252 252 252 252 252 252 252 252 252 252 251 251 251 251 251 251 251 251 251 251 251 251 251 251 251 251 251 251 251 251 250 250 250 250 250 250 250 250 250 250 250 250 250 250 250 250 249 250 250 249 249 249 249 249 249 249 249 249 249 249 249 249 249 248 249 248 248 248 248 248 248 248 247 247 247 247 247 247 247 247 247 247 247 243 244 244 244 244 244 244 244 244 244 244 244 244 244 244 244 244 244 244 243 243 243 243 242 242 242 241 241 241 241 241 251 251 251 251 251 251 251 251 251 251 251 251 251 251 251 251 251 251 251 251 251 252 252 251 251 251 251 251 251 252 252 252 252 252 252 252 252 252 252 252 252 252 252 252 252 252 252 252 252 252 252 252 252 252 252 252 252 252 252 252 252 252 252 252 252 252 252 252 252 252 252 252 252 252 252 252 252 252 252 252 252 252 252 252 253 253 253 253 253 253 253 253 253 253 253 253 253 253 253 253 253 253 253 253 253 253 253 253 253 253 253 253 253 252 252 252 252 253 252 252 252 252 252 252 252 252 252 252 252 252 253 253 253 253 253 253 253 253 253 253 253 253 253 253 253 253 253 252 252 252 252 252 252 252 252 252 252 252 252 252 252 252 252 252 252 253 252 252 252 252 252 252 252 252 252 252 252 252 252 252 252 252 252 252 252 252 252 252 252 253 253 253 253 253 253 253 253 253 253 253 253 253 253 253 252 253 253 253 253 253 253 253 253 253 253 253 253 253 253 253 253 253 253 253 253 252 252 252 252 252 252 252 252 252 252 252 252 252 252 252 252 252 252 252 251 251 251 251 251 251 251 251 251 251 251 251 251 251 251 251 251 251 251 251 250 250 250 250 250 250 250 250 250 250 250 250 250 250 250 249 249 249 249 249 249 249 249 249 249 249 249 249 249 249 249 249 249 248 248 248 248 248 248 248 248 248 248 248 248 247 247 248 247 247 247 247 247 247 247 247 247 246 246 243 244 244 244 245 245 244 244 244 244 244 244 244 244 244 244 244 244 244 244 243 243 243 243 242 242 241 241 241 241 241 241 241 251 251 251 251 251 251 251 251 251 251 251 252 252 252 251 251 251 251 251 251 251 252 252 252 251 251 251 252 252 251 251 251 251 252 252 252 252 252 252 252 252 252 252 252 252 252 252 252 252 252 252 252 252 252 252 252 252 252 252 252 252 252 252 252 252 252 252 252 252 252 252 252 252 252 252 252 252 253 253 252 252 252 252 252 252 252 253 253 253 253 253 253 253 253 253 253 253 253 253 253 253 253 253 253 253 253 253 253 253 253 253 253 253 253 253 252 252 252 252 253 253 253 252 252 252 252 252 253 252 253 253 253 253 252 252 252 253 253 253 253 253 253 253 252 252 253 253 253 253 252 252 252 252 252 252 252 252 252 252 252 252 252 252 252 253 253 253 253 252 252 252 252 252 252 252 252 252 252 252 252 252 252 252 252 252 252 252 252 252 252 252 253 253 253 253 253 253 253 253 253 253 253 253 253 253 253 252 253 253 253 253 253 253 253 253 253 253 253 253 253 253 253 253 253 253 253 253 253 252 252 252 252 252 252 252 252 252 252 252 252 252 252 252 252 252 252 252 252 251 251 251 251 251 251 251 251 251 251 251 251 251 251 251 251 251 251 250 250 250 250 250 250 250 250 250 250 250 250 250 250 249 249 249 249 249 249 249 249 249 249 249 250 250 250 250 249 248 248 249 249 249 248 248 248 248 248 248 248 249 248 247 247 248 248 248 248 248 248 248 247 247 247 247 247 247 246 246 247 246 246 245 244 244 245 245 245 245 245 245 245 245 245 245 244 244 244 244 244 244 244 244 244 243 243 243 243 243 242 242 241 241 241 241 241 241 241 241 241 251 251 251 251 251 251 251 251 251 251 251 251 251 251 251 252 251 251 251 252 252 252 252 252 252 252 252 252 252 252 252 251 251 251 251 251 252 252 252 252 252 252 252 252 252 252 252 252 252 252 252 252 252 252 252 252 252 252 252 252 252 252 252 252 252 252 252 252 252 252 252 252 252 252 252 252 252 252 252 253 253 253 252 252 252 252 252 252 252 252 253 253 253 253 253 253 253 253 253 253 253 253 253 253 253 253 253 252 253 253 253 253 253 253 253 253 253 252 253 252 252 253 253 253 253 253 253 253 253 253 253 253 252 252 252 252 253 253 253 252 252 253 253 252 252 252 252 252 253 253 253 253 252 252 252 252 252 252 252 252 252 252 252 252 252 252 253 252 252 252 252 252 252 252 252 252 252 252 252 252 252 252 252 252 252 252 252 252 252 252 252 252 252 253 253 253 253 253 253 253 253 253 253 253 253 253 253 253 252 253 253 253 253 253 253 253 253 253 253 253 253 253 253 253 253 253 253 253 253 253 253 252 252 252 252 252 252 252 252 252 252 252 252 252 252 252 252 252 252 252 252 251 251 251 251 251 251 251 251 251 251 251 251 251 251 251 250 250 250 250 250 250 250 250 250 250 250 250 250 250 250 250 249 249 249 249 249 249 249 249 249 249 249 250 250 250 249 249 248 249 250 250 249 248 249 249 248 249 249 248 248 248 247 248 248 248 248 248 248 248 247 247 248 247 247 247 247 247 246 247 247 247 246 244 244 244 244 245 245 244 244 245 245 245 245 245 244 244 244 244 244 244 244 244 244 244 244 243 243 242 242 242 242 241 241 241 241 241 241 241 241 241 241 251 251 251 251 251 251 251 251 251 251 251 251 251 251 251 251 251 251 251 251 251 252 251 252 252 252 252 252 252 252 252 252 252 252 251 251 251 252 252 252 252 252 252 252 252 252 252 252 252 252 252 252 252 252 252 252 252 252 252 252 252 252 252 252 252 252 252 252 252 252 252 252 252 252 252 252 252 252 252 252 252 252 252 252 252 252 252 252 252 252 252 253 253 253 253 253 253 253 253 253 253 252 252 252 252 252 252 252 252 253 253 253 253 253 253 253 253 252 252 253 253 253 252 253 252 253 253 253 253 253 252 252 252 252 252 253 253 253 252 252 252 253 253 253 252 252 252 252 252 252 253 253 253 252 252 252 252 252 252 252 252 252 252 252 253 253 253 252 252 252 252 252 252 252 252 252 252 252 252 253 253 252 252 252 252 252 252 252 252 252 252 252 252 253 253 253 253 253 253 253 253 253 253 253 253 253 253 253 253 253 253 253 253 253 253 253 253 253 253 253 253 253 253 253 253 253 253 253 253 253 253 252 252 252 252 252 252 252 252 252 252 252 252 252 252 252 252 252 252 252 252 252 251 251 251 251 251 251 251 251 251 251 251 251 251 251 251 251 251 251 250 250 250 250 250 250 250 250 250 250 250 249 249 249 249 249 250 249 249 249 249 249 250 250 249 249 249 249 249 249 249 249 249 249 249 249 249 249 249 249 249 248 248 248 249 249 248 248 248 248 247 247 247 248 248 247 248 247 246 247 247 247 246 244 244 244 244 245 245 244 244 245 245 245 245 245 244 244 244 244 244 244 244 244 244 244 243 243 243 242 242 242 242 242 242 242 242 242 241 241 241 241 241 241 241 241 241 241 241 241 240 240 251 251 251 251 251 251 251 251 251 251 251 251 251 251 251 251 251 251 251 251 251 251 251 251 252 252 251 251 251 251 252 252 253 252 252 251 251 251 252 252 252 252 252 252 252 252 252 252 252 252 252 252 252 252 252 252 252 252 252 252 252 252 252 252 252 252 252 252 252 252 252 252 252 252 252 252 252 252 252 252 252 252 252 252 252 252 252 252 252 252 252 252 252 252 252 252 252 252 252 252 252 252 252 252 252 253 253 253 253 253 253 253 253 253 253 253 253 252 252 253 252 253 252 252 253 253 253 252 252 252 252 252 253 253 253 253 253 253 252 252 252 252 252 252 252 252 252 252 252 252 253 253 253 253 252 252 252 252 252 252 252 252 252 252 252 252 252 252 252 252 252 252 252 252 252 252 252 252 252 252 252 252 252 252 252 252 252 252 252 252 252 252 252 253 253 253 253 253 253 253 253 253 253 253 253 253 253 253 253 253 253 253 253 253 253 253 253 253 253 253 253 253 253 253 253 253 253 253 253 253 252 252 252 252 252 252 252 252 252 252 252 252 252 252 252 252 252 252 252 252 252 252 251 251 251 251 251 251 251 251 251 251 251 251 251 251 251 251 251 251 250 250 250 250 250 250 250 250 250 250 250 250 250 250 250 250 250 249 249 249 249 249 250 250 249 249 249 250 250 250 249 249 249 249 249 249 249 249 249 249 249 248 248 248 249 248 248 248 247 247 247 247 247 248 248 248 248 247 246 247 247 247 247 246 243 244 244 245 245 245 245 244 244 245 245 245 245 244 244 244 244 244 244 244 244 244 243 243 243 243 243 243 242 242 242 242 242 242 242 242 242 241 241 241 241 241 241 241 241 241 241 240 240 240 240 240 251 251 251 251 251 251 251 251 251 251 251 251 251 251 251 251 251 251 251 251 251 251 251 251 251 251 251 252 251 251 251 252 252 252 252 252 252 251 251 252 252 252 252 252 252 252 252 252 252 252 252 252 252 252 252 252 252 252 252 252 252 252 252 252 252 252 252 252 252 252 252 252 252 252 252 252 252 252 252 252 252 252 252 253 253 253 253 252 252 252 252 252 252 252 252 252 252 252 252 252 253 252 253 253 253 253 253 253 253 253 253 253 253 253 253 253 253 253 253 252 252 253 252 252 253 252 252 252 252 253 253 253 253 253 253 253 253 253 253 253 252 252 252 252 252 252 252 252 252 252 253 253 253 253 253 253 252 252 252 252 253 253 252 252 252 252 252 252 252 252 252 252 252 252 252 252 252 252 252 252 252 252 252 252 252 252 252 252 252 252 252 252 252 252 253 253 253 253 253 253 253 253 253 253 253 253 253 253 253 253 253 253 253 253 253 253 253 253 253 253 253 253 253 253 253 253 253 253 253 253 253 253 252 252 252 252 252 252 252 252 252 252 252 252 252 252 252 252 252 252 252 252 252 252 251 251 251 251 251 251 251 251 251 251 251 251 251 251 251 251 251 251 250 250 250 250 250 250 250 250 250 250 250 250 250 250 250 250 250 249 249 249 249 250 249 249 250 250 250 250 250 249 249 250 249 249 249 249 249 249 249 248 248 249 249 249 248 248 248 248 248 248 248 247 248 248 248 248 247 247 247 247 247 248 246 245 243 245 245 245 245 245 245 244 245 245 245 245 245 244 244 244 244 244 244 244 244 244 244 243 243 243 243 243 242 242 242 242 242 242 242 242 242 242 241 241 241 241 241 241 241 241 241 241 241 241 240 240 240 240 251 251 251 251 251 251 251 251 251 251 251 251 251 251 251 251 251 251 251 251 251 251 251 251 251 251 251 251 251 252 251 251 252 251 251 252 252 252 252 251 251 252 252 252 252 252 252 252 252 252 252 252 252 252 252 252 252 252 252 252 252 252 252 252 252 252 252 252 252 252 252 252 252 252 252 252 252 252 252 252 252 252 252 253 253 253 253 253 253 253 253 253 253 252 252 252 252 253 253 253 253 253 253 253 253 253 253 253 253 253 253 253 253 253 253 253 253 253 253 253 253 252 252 252 252 252 252 253 253 253 253 253 253 253 253 253 253 253 253 253 253 252 252 252 252 252 252 252 252 252 252 253 253 253 253 253 253 253 252 252 252 252 252 252 252 252 252 252 252 252 252 252 252 252 252 252 252 252 252 252 252 252 252 252 252 252 252 252 252 252 252 252 252 252 252 253 253 253 253 253 253 253 253 253 253 253 253 253 253 253 253 253 253 253 253 253 253 253 253 253 253 253 253 253 253 253 253 253 253 253 253 253 253 253 252 252 252 252 252 252 252 252 252 252 252 252 252 252 252 252 252 252 252 252 252 252 251 251 251 251 251 251 251 251 251 251 251 251 251 251 251 251 251 250 250 250 250 250 250 250 250 250 250 250 250 250 250 250 250 250 250 249 249 249 249 249 250 250 250 250 249 249 249 249 249 249 249 249 249 249 249 249 249 249 249 249 249 248 249 248 248 248 248 248 247 248 248 248 248 248 247 247 247 247 247 247 247 246 244 245 245 245 245 245 245 245 245 245 245 245 245 245 244 244 244 244 244 244 244 244 244 243 243 243 243 243 243 242 242 242 242 242 242 242 242 242 242 242 241 241 241 241 241 241 241 241 241 241 241 241 240 240 240 240 251 251 251 251 251 251 251 251 251 251 251 251 251 251 251 251 251 251 251 251 251 251 251 251 251 251 251 251 251 251 251 251 251 251 251 251 251 252 252 251 251 251 252 252 252 252 252 251 251 251 251 252 252 252 252 252 252 252 252 252 252 252 252 252 252 252 252 252 252 252 252 252 252 252 252 252 252 252 252 252 252 252 252 252 252 252 252 252 252 252 252 252 252 252 252 252 252 252 252 252 252 252 252 252 253 253 253 253 253 253 252 252 252 252 252 252 252 252 252 252 252 252 252 252 252 252 252 252 252 252 252 252 253 253 253 253 252 252 252 252 252 252 252 252 252 252 252 253 252 253 253 253 252 253 253 253 253 252 252 252 252 252 252 252 252 252 252 252 252 252 252 252 252 252 252 252 252 252 252 252 252 252 252 252 252 252 252 252 252 252 252 252 252 252 252 253 253 253 253 253 253 253 253 253 253 253 253 253 253 253 253 253 253 253 253 253 253 253 253 253 253 253 253 253 253 253 253 253 253 253 253 253 253 253 253 253 253 253 252 252 252 252 252 252 252 251 252 252 252 252 252 252 252 252 252 251 251 251 251 251 251 251 251 251 251 251 251 251 251 251 251 251 251 250 250 250 250 250 250 250 250 250 250 250 250 250 250 250 250 250 250 250 249 250 249 249 249 249 249 249 250 250 249 249 249 249 249 249 249 249 249 249 249 249 249 249 249 249 249 249 248 248 248 247 247 248 248 248 248 248 247 247 247 247 247 247 246 245 244 244 244 245 245 245 244 244 244 245 245 245 245 245 244 244 244 244 244 243 243 243 243 243 243 243 243 243 243 242 242 242 242 242 242 242 242 242 242 242 241 241 241 241 241 241 241 241 241 241 241 241 241 240 240 240 240 240 240 250 251 251 251 251 251 251 251 251 251 251 251 251 251 251 251 251 251 251 251 251 251 251 251 251 251 251 251 251 251 251 251 251 251 251 251 251 251 251 251 251 252 252 251 251 251 251 251 251 251 251 251 252 252 252 252 252 252 252 252 252 252 252 252 252 252 252 252 252 252 252 252 252 252 252 252 252 252 252 252 252 252 252 252 252 252 252 252 252 252 252 252 252 252 252 252 252 252 252 252 252 252 252 252 252 253 253 253 253 253 253 253 252 252 252 252 252 252 252 252 253 253 252 252 252 252 252 252 252 252 252 252 252 252 253 252 253 253 252 252 252 252 252 252 252 252 252 252 252 252 252 252 252 252 252 253 253 253 253 252 252 252 252 252 252 252 252 252 252 252 252 252 252 252 252 252 252 252 252 252 252 252 252 252 252 252 252 252 252 252 252 252 252 252 252 252 252 252 254 253 253 253 253 253 253 253 253 253 253 253 253 253 253 253 253 253 253 253 253 253 253 253 253 253 253 253 253 253 253 253 253 253 253 253 253 253 253 253 253 253 253 252 252 252 253 253 252 252 251 251 252 252 252 252 252 252 252 252 252 251 251 251 251 251 251 251 251 251 251 251 251 251 251 251 251 251 251 250 250 250 250 250 250 250 250 250 250 250 250 250 250 250 250 250 250 250 250 249 249 249 248 249 249 249 249 249 249 249 249 249 249 249 249 249 249 249 249 249 249 249 249 249 249 249 249 248 247 248 247 247 248 248 248 247 247 247 247 247 247 246 245 244 244 244 244 245 245 245 245 245 245 245 245 245 245 245 245 244 244 244 244 243 243 243 243 243 243 243 243 243 243 242 242 242 242 242 242 242 242 242 242 241 241 241 241 241 241 241 241 241 241 241 241 241 240 240 240 240 240 240 240 240 250 251 251 251 251 251 251 251 251 251 251 251 251 251 251 251 251 251 251 251 251 251 251 251 251 251 251 251 251 252 252 252 252 252 252 251 251 251 251 251 251 252 252 252 252 252 251 252 252 252 251 252 252 252 252 252 252 252 252 252 252 252 252 252 252 252 252 252 252 252 252 252 252 252 252 252 252 252 252 252 252 252 252 252 252 252 252 252 252 252 252 252 252 252 252 252 252 252 252 252 252 252 252 252 253 253 253 253 253 252 252 252 252 252 252 252 252 252 252 252 253 253 253 252 252 252 252 252 252 252 252 252 252 252 253 252 253 252 252 252 252 252 252 252 252 252 252 252 252 252 252 252 252 252 252 253 253 253 253 253 252 252 252 252 252 252 252 252 252 252 252 252 252 252 252 252 252 252 252 252 252 252 252 252 252 252 252 252 252 252 252 252 252 252 252 252 252 252 253 253 253 253 253 253 253 253 253 253 253 253 253 253 253 253 253 253 253 253 253 253 253 253 253 253 253 253 253 253 253 253 253 253 253 253 253 253 253 253 253 253 253 252 252 252 253 253 252 252 251 251 252 252 252 252 252 252 252 252 252 251 251 251 251 251 251 251 251 251 251 251 251 251 251 251 251 251 251 250 250 250 250 250 250 250 250 250 250 250 250 249 250 250 250 250 249 250 249 249 248 248 248 249 249 249 250 249 249 249 249 249 249 249 249 248 249 249 249 249 249 249 249 249 249 248 249 248 248 248 247 248 248 248 249 248 247 247 247 246 246 246 246 245 244 244 244 244 244 245 245 245 245 245 245 245 245 245 245 245 245 245 244 244 244 244 244 243 243 243 243 243 243 243 242 242 242 242 242 242 242 242 241 242 241 241 241 241 241 241 241 241 241 241 241 241 241 240 240 240 240 240 240 240 240 240 240 251 251 251 251 251 251 251 251 251 251 251 251 251 251 251 251 251 251 251 251 251 251 251 251 251 251 251 251 251 251 251 251 251 251 251 251 251 251 251 251 252 252 252 252 252 252 252 252 252 252 252 252 252 252 252 252 252 252 252 252 252 252 252 252 252 252 252 252 252 252 252 252 252 252 252 252 252 252 252 252 252 252 252 252 252 252 252 252 252 252 252 252 252 252 252 252 252 252 252 252 252 252 253 253 253 253 252 252 252 252 252 252 252 252 252 252 252 252 252 252 252 252 252 252 252 252 252 252 252 252 252 252 252 252 252 252 252 252 252 252 252 252 252 252 252 252 252 252 252 252 252 252 252 253 253 253 252 253 253 253 253 253 252 252 252 252 252 252 252 252 252 252 252 252 252 252 252 252 252 252 252 252 252 252 252 252 252 252 252 252 252 252 252 252 252 252 252 254 254 254 254 253 253 253 253 253 253 253 253 253 253 253 253 253 253 253 253 253 253 253 253 253 253 253 253 253 253 253 253 253 253 253 253 253 253 253 253 253 253 253 252 252 253 253 253 252 252 251 251 251 252 252 252 252 252 252 252 252 252 251 251 251 251 251 251 251 251 251 251 251 251 251 251 251 251 251 251 250 250 250 250 250 250 250 250 250 249 249 249 250 249 250 249 249 249 249 249 248 249 249 249 250 250 250 250 250 250 249 249 249 249 248 249 249 249 249 249 248 249 248 248 249 248 249 248 249 248 248 248 248 248 248 248 248 247 247 246 246 246 246 245 244 244 244 245 245 245 245 245 245 245 245 245 245 245 245 245 245 244 244 244 244 244 244 244 244 243 243 243 243 243 242 242 243 242 242 242 242 242 242 241 241 241 241 241 241 241 241 241 241 241 241 241 241 240 240 240 240 240 240 240 240 240 240 240 251 251 251 251 251 251 251 251 251 251 251 251 251 251 251 251 251 251 251 251 251 251 251 251 251 251 251 251 251 251 251 251 251 251 251 251 251 251 251 251 252 252 252 252 251 252 252 252 252 252 252 252 252 252 252 252 252 252 252 252 252 252 252 252 252 252 252 252 252 252 252 252 252 252 252 252 252 252 252 252 252 252 252 252 252 252 252 252 252 252 252 252 252 252 252 252 252 252 252 252 252 252 252 252 252 252 252 252 252 252 252 252 252 252 252 252 252 252 252 252 252 252 252 252 252 252 252 252 252 252 252 252 252 253 252 252 252 252 252 252 252 252 252 252 252 252 252 252 252 252 253 252 252 253 253 252 252 253 253 253 253 253 252 252 252 252 252 252 252 252 252 252 252 252 252 252 252 252 252 252 252 252 252 252 252 252 252 252 252 252 252 252 252 252 252 252 252 254 254 254 253 253 253 253 254 253 253 253 253 253 253 253 253 253 253 253 253 253 253 253 253 253 253 253 253 253 253 253 253 253 253 253 253 253 253 253 253 253 253 253 252 252 253 253 253 253 253 252 251 251 252 252 252 252 252 252 252 252 252 251 251 251 251 251 251 251 251 251 251 251 251 251 251 251 251 251 251 251 251 251 250 250 250 250 250 250 249 250 249 250 249 249 250 249 249 249 249 248 249 249 249 250 250 250 250 249 249 249 249 249 249 249 249 249 249 249 249 249 248 249 248 249 248 248 248 249 249 249 248 248 248 248 249 248 248 247 246 246 246 246 246 246 244 245 245 245 245 245 245 245 245 245 245 245 245 245 244 245 245 244 244 244 244 244 244 244 244 244 243 243 243 243 242 242 243 242 242 242 242 242 242 242 241 241 241 241 241 240 240 240 240 240 240 240 240 240 240 240 240 250 250 251 251 251 251 251 251 251 251 251 251 251 251 251 251 251 251 251 251 251 251 251 251 251 251 251 251 251 251 251 251 251 251 251 251 251 251 251 251 251 251 251 251 252 252 252 251 251 251 251 252 252 252 252 252 252 252 252 252 252 252 252 252 252 252 252 252 252 252 252 252 252 252 252 252 252 252 252 252 252 252 252 252 252 252 252 252 252 252 252 252 252 252 252 252 252 252 252 252 252 252 252 252 252 252 252 252 252 252 252 252 252 252 252 252 252 252 252 252 252 252 252 252 252 252 252 252 252 252 252 252 252 252 252 253 252 252 252 252 252 252 252 252 252 252 252 252 252 252 253 253 252 252 253 252 252 252 252 253 253 253 253 253 253 252 252 252 252 252 252 252 252 252 252 252 252 252 252 252 252 252 252 252 252 252 252 252 252 252 252 252 252 252 252 252 252 252 252 254 254 253 253 253 253 253 253 253 253 253 253 253 253 253 253 253 253 253 253 253 253 253 253 253 253 253 253 253 253 253 253 253 253 253 253 253 253 253 253 253 253 253 252 253 253 253 253 253 253 252 252 251 251 252 252 252 252 252 252 252 252 252 251 251 251 251 252 251 251 251 251 251 251 251 251 251 251 251 251 251 251 251 250 250 250 250 250 250 249 249 249 249 250 250 249 249 249 249 249 249 249 249 249 249 249 249 249 249 249 249 249 249 249 249 249 249 249 249 249 249 249 248 248 248 248 248 248 249 249 249 249 249 248 248 248 248 248 248 247 247 246 246 246 246 246 244 244 244 245 245 245 245 245 245 246 245 245 245 245 245 245 245 245 244 244 244 244 244 244 244 244 244 243 243 243 243 243 243 243 242 242 242 242 242 242 242 242 241 241 241 241 240 240 240 240 240 240 240 240 240 250 250 250 250 251 250 251 251 251 251 251 251 251 251 251 251 251 251 251 251 251 251 251 251 251 251 251 251 251 251 251 251 251 251 251 251 251 251 251 251 251 251 251 251 251 252 252 252 252 251 252 252 252 252 252 252 252 252 252 252 252 252 252 252 252 252 252 252 252 252 252 252 252 252 252 252 252 252 252 252 252 252 252 252 252 252 252 252 252 252 252 252 252 252 252 252 252 252 252 252 252 252 252 252 252 252 252 252 252 252 252 252 252 252 252 252 252 252 252 252 252 252 252 252 252 252 252 252 252 252 252 252 252 252 252 252 252 252 252 252 252 252 252 252 252 252 252 252 252 252 252 252 252 252 252 252 252 253 253 253 253 253 253 253 253 252 252 252 252 252 252 252 252 252 252 252 252 252 252 252 252 252 252 252 252 252 252 252 252 252 252 252 252 252 252 252 252 252 252 253 253 253 253 253 253 253 253 253 253 253 253 253 253 253 253 253 253 253 253 253 253 253 253 253 253 253 253 253 253 253 253 253 253 253 253 253 253 253 253 253 253 253 252 252 253 253 253 253 253 252 252 251 251 252 252 252 252 252 252 252 252 252 251 251 251 252 252 251 251 251 251 251 251 251 251 251 251 251 251 251 251 251 250 250 250 250 250 250 250 249 249 249 249 249 249 249 249 249 249 248 249 249 250 249 249 249 249 249 249 249 249 249 249 249 249 249 249 249 249 249 249 248 248 248 249 249 248 248 249 248 248 249 248 248 247 248 247 248 247 247 247 247 246 246 247 246 246 244 245 245 245 245 245 245 245 245 246 246 245 245 245 245 245 244 244 244 244 244 244 244 244 244 244 244 243 243 243 243 243 243 243 242 242 242 242 242 242 242 242 241 241 240 240 240 240 240 240 240 250 250 250 250 250 250 250 250 250 250 251 250 251 251 251 251 251 251 251 251 251 251 251 251 251 251 251 251 251 251 251 251 251 251 251 251 251 251 251 251 251 251 251 251 251 251 251 251 251 251 252 252 252 252 252 252 252 252 252 252 252 252 252 252 252 252 252 252 252 252 252 252 252 252 252 252 252 252 252 252 252 252 252 252 252 252 252 252 252 252 252 252 252 252 252 252 252 252 252 252 252 252 252 252 252 252 252 252 252 252 252 252 252 252 252 252 252 252 252 252 252 252 252 252 252 252 252 252 252 252 252 252 252 252 252 252 252 252 252 252 252 252 252 252 252 252 252 252 252 252 252 252 252 252 252 252 252 252 253 253 253 253 252 252 253 253 253 253 253 253 252 252 252 252 252 252 252 252 252 252 252 252 252 252 252 252 252 252 252 252 252 252 252 252 252 252 252 252 252 252 252 252 252 252 252 254 253 253 253 253 253 253 253 253 253 253 253 253 253 253 253 253 253 253 253 253 253 253 253 253 253 253 253 253 253 253 253 253 253 253 253 253 253 253 253 253 253 253 253 252 252 253 253 253 253 252 252 252 251 251 252 252 252 252 252 252 252 251 251 251 251 251 251 251 251 251 251 251 251 251 251 251 251 251 251 251 251 251 251 250 250 250 250 250 250 250 249 249 249 249 249 249 249 249 249 249 249 249 249 249 249 249 249 249 249 249 249 249 249 249 249 249 249 249 249 249 248 248 248 249 249 249 248 248 248 248 248 249 249 248 248 247 247 247 247 247 247 246 246 247 247 246 246 246 244 245 245 245 245 246 246 246 246 245 246 246 245 245 245 245 245 244 244 244 244 244 244 244 244 244 244 243 243 243 243 243 243 243 243 242 242 242 242 242 242 242 240 240 240 240 250 250 250 250 250 250 250 250 250 250 250 251 251 251 251 251 251 251 251 251 251 251 251 251 251 251 251 251 251 251 251 251 251 251 251 251 251 251 251 251 251 251 251 251 251 251 251 251 251 251 252 251 252 252 252 252 252 252 252 252 252 252 252 252 252 252 252 252 252 252 252 252 252 252 252 252 252 252 252 252 252 252 252 252 252 252 252 252 252 252 252 252 252 252 252 252 252 252 252 252 252 252 252 252 252 252 252 252 252 252 252 252 252 252 252 252 252 252 252 252 252 252 252 252 252 252 252 252 252 252 252 252 252 252 252 252 252 252 252 252 252 252 252 252 252 252 252 252 252 252 252 252 252 252 252 252 252 253 253 253 253 253 252 252 252 252 252 252 252 252 252 252 252 252 252 252 252 252 252 252 252 252 252 252 252 252 252 252 252 252 252 252 252 252 252 252 252 252 252 252 252 252 252 252 252 254 254 254 254 254 253 253 253 253 253 253 253 253 253 253 253 253 253 253 253 253 253 253 253 253 253 253 253 253 253 253 253 253 253 253 253 253 253 253 253 253 253 253 253 253 252 252 253 253 253 252 252 252 251 251 252 252 252 252 252 252 252 251 251 251 251 251 251 251 251 251 251 251 251 251 251 251 251 251 251 251 251 251 251 251 251 251 250 250 250 250 250 250 250 250 249 249 249 249 249 250 250 249 249 249 249 249 249 249 249 250 249 249 249 249 249 249 249 249 249 248 248 249 249 249 249 249 249 249 249 249 248 249 248 248 248 247 247 247 247 247 247 247 247 246 247 246 246 246 244 245 245 245 245 245 246 246 246 246 246 245 245 245 245 245 245 245 244 244 244 244 244 244 244 244 244 244 244 243 243 243 243 243 243 243 242 242 242 242 242 242 242 250 250 250 250 250 250 250 250 250 250 251 251 251 251 251 251 251 251 251 251 251 251 251 251 251 251 251 251 251 251 251 251 251 251 251 251 251 251 251 251 251 251 251 251 251 251 251 251 251 251 251 252 252 252 252 251 252 252 252 252 252 252 252 252 252 252 252 252 252 252 252 252 252 252 252 252 252 252 252 252 252 252 252 252 252 252 252 252 252 252 252 252 252 252 252 252 252 252 252 252 252 252 252 252 252 252 252 252 252 252 252 252 252 252 252 252 252 252 252 252 252 252 252 252 252 252 252 252 252 252 252 252 252 252 252 252 252 252 252 252 252 252 252 252 252 252 252 252 252 252 252 252 252 252 252 252 252 252 252 252 252 252 252 252 252 252 252 252 252 252 252 252 252 252 252 252 252 252 252 252 252 252 252 252 252 252 252 252 252 252 252 252 252 252 252 253 252 252 252 252 252 252 252 252 252 254 254 254 253 253 253 254 254 254 254 253 253 253 253 253 253 253 253 253 253 253 253 253 253 253 253 253 253 253 253 253 253 253 253 253 253 253 253 253 253 253 253 253 253 253 252 252 252 253 253 252 252 252 252 251 251 252 252 252 252 252 252 251 251 251 251 252 251 251 251 251 251 251 251 251 251 251 251 251 251 251 251 251 251 251 251 251 251 251 250 250 250 250 250 249 249 249 249 250 250 250 249 249 249 249 250 249 249 249 249 250 249 249 249 249 249 249 249 249 249 249 249 249 249 249 249 249 249 249 249 249 249 249 248 248 247 248 248 248 247 247 248 248 247 247 247 246 246 246 244 245 245 245 245 246 246 246 246 246 246 245 245 245 245 245 245 245 244 244 244 244 244 243 243 244 244 244 243 243 243 243 243 243 243 243 243 242 242 242 242 242 242 250 250 250 251 251 250 250 250 250 250 250 251 251 251 251 251 251 251 251 251 251 251 251 251 251 251 251 251 251 251 251 251 251 251 251 251 251 251 251 251 251 251 251 251 251 251 251 251 251 251 251 251 252 252 251 251 251 252 252 252 252 252 252 252 252 252 252 252 252 252 252 252 252 252 252 252 252 252 252 252 252 252 252 252 252 252 252 252 252 252 252 252 252 252 252 252 252 252 252 252 252 252 252 252 252 252 252 252 252 252 252 252 252 252 252 252 252 252 252 252 252 252 252 252 252 252 252 252 252 252 252 252 252 252 252 252 252 252 252 252 252 252 252 252 252 252 252 252 252 252 252 252 252 252 252 253 253 253 253 253 253 252 252 252 252 252 252 252 252 252 252 252 252 252 252 252 252 252 252 252 252 252 252 252 252 252 252 252 252 252 252 252 252 252 252 252 253 252 252 252 252 252 252 252 252 254 254 254 254 253 254 254 254 254 254 253 253 253 253 253 253 253 253 253 253 253 253 253 253 253 253 253 253 253 253 253 253 253 253 253 253 253 253 253 253 253 253 253 253 253 252 253 253 253 253 252 252 252 252 251 251 252 252 252 252 252 252 251 251 251 251 251 252 251 251 251 251 251 251 251 251 251 251 251 251 251 251 251 251 251 251 251 251 251 251 250 250 250 250 249 249 250 250 250 250 249 249 249 249 249 250 250 249 249 250 250 249 249 249 249 249 249 249 249 249 249 249 249 249 249 249 249 249 249 249 249 249 249 248 248 248 248 248 247 247 247 248 247 247 247 247 247 246 246 246 245 244 244 245 245 245 245 246 246 246 246 246 246 246 246 245 246 245 245 245 244 244 244 244 244 244 244 243 243 243 243 243 243 243 243 243 243 243 243 243 242 242 242 242 242 250 250 250 251 251 251 251 251 250 250 251 251 251 251 251 251 251 251 251 251 251 251 251 251 251 251 251 251 251 251 251 251 251 251 251 251 251 251 251 251 251 251 251 251 251 251 251 252 252 252 252 252 252 251 251 251 251 251 251 252 252 252 252 252 251 252 252 252 252 252 252 252 252 252 252 252 252 252 252 252 252 252 252 252 252 252 252 252 252 252 252 252 252 252 252 252 252 252 252 252 252 252 252 252 252 252 252 252 252 252 252 252 252 252 252 252 252 252 252 252 252 252 252 252 252 252 252 252 252 252 252 252 252 252 252 252 252 252 252 252 252 252 252 252 252 252 252 252 252 252 252 252 252 252 253 253 253 253 253 253 253 253 253 252 252 252 252 252 252 252 252 252 252 252 252 252 252 252 252 252 252 252 252 252 252 252 252 252 252 252 252 252 252 252 252 252 252 252 252 252 252 252 252 252 254 254 254 254 254 254 254 254 253 253 253 253 253 253 253 253 253 253 253 253 253 253 253 253 253 253 253 253 253 253 253 253 253 253 253 253 253 253 253 253 253 253 253 253 253 252 253 253 253 253 252 252 252 252 252 251 252 252 252 252 252 252 252 252 251 251 251 251 251 251 252 251 251 251 251 251 251 251 251 251 251 251 251 251 251 251 251 251 251 251 251 250 250 249 249 249 249 250 250 250 249 249 249 250 250 250 250 249 250 250 249 249 249 249 249 249 249 249 248 249 249 249 249 249 249 249 249 249 249 249 249 249 248 248 248 248 248 248 248 248 247 247 247 248 248 247 247 247 246 246 245 245 245 244 244 245 245 245 245 246 246 246 246 246 246 246 246 246 246 246 246 245 245 245 245 245 244 244 244 244 243 243 243 243 243 243 243 243 243 243 243 243 243 242 242 242 242 250 250 250 251 250 251 251 251 251 250 250 250 250 251 251 251 251 251 251 251 251 251 251 251 251 251 251 251 251 251 251 251 251 251 251 251 251 251 251 251 251 251 251 251 251 251 251 251 252 252 252 252 252 251 251 251 251 251 251 252 252 252 252 252 251 251 251 251 251 251 252 252 252 252 252 252 252 252 252 252 252 252 252 252 252 251 252 252 252 252 252 252 252 252 252 252 252 252 252 252 252 252 252 252 252 252 252 252 252 252 252 252 252 252 252 252 252 252 252 252 252 252 252 252 252 252 252 252 252 252 252 252 252 252 252 252 252 252 252 252 252 252 252 252 252 252 252 252 252 252 252 252 252 252 252 252 252 253 253 253 253 253 252 253 253 253 253 252 252 252 252 252 252 252 252 252 252 252 252 252 252 252 252 252 252 252 252 252 252 252 252 252 252 252 252 252 252 252 252 252 252 252 252 252 254 254 254 254 254 254 254 254 254 253 253 254 253 253 253 253 253 254 253 253 253 253 253 253 253 253 253 253 253 253 253 253 253 253 253 253 253 253 253 253 253 253 253 253 253 252 253 253 253 253 252 252 252 252 252 251 252 252 252 252 252 252 252 252 252 252 252 251 251 251 251 251 251 251 251 251 251 251 251 251 251 251 251 251 251 251 251 251 251 251 251 250 250 250 250 250 250 250 250 249 249 249 250 250 250 250 250 250 250 249 249 249 249 249 249 249 249 249 249 248 248 249 249 249 249 249 249 249 249 249 249 249 249 248 248 248 249 249 248 248 247 248 247 247 247 247 247 247 247 246 246 246 245 245 245 244 245 245 246 246 246 246 246 246 246 246 246 246 246 246 246 246 246 246 245 245 245 245 245 244 244 244 244 244 243 243 243 243 243 243 243 243 242 242 242 242 250 250 250 250 250 251 251 251 251 251 250 250 251 251 251 251 251 251 251 251 251 251 251 251 251 251 251 251 251 251 251 251 251 251 251 251 251 251 251 251 251 251 251 251 251 251 251 251 251 251 252 252 252 251 251 251 251 251 251 252 252 252 252 252 251 251 251 251 251 251 251 251 251 251 251 251 251 251 251 252 252 251 251 251 252 252 252 252 252 252 252 252 252 252 252 252 252 252 252 252 252 252 252 252 252 252 252 252 252 252 252 252 252 252 252 252 252 252 252 252 252 252 252 252 252 252 252 252 252 252 252 252 252 252 252 252 252 252 252 252 252 252 252 252 252 252 252 252 252 252 252 252 252 252 253 253 253 253 252 252 253 253 253 253 253 253 252 252 252 252 253 253 253 252 252 252 252 252 252 252 252 252 252 252 252 252 252 252 252 252 252 252 252 252 252 252 252 252 252 252 252 252 252 254 254 254 254 254 254 254 254 254 254 254 254 253 253 253 253 254 254 254 253 253 253 253 253 253 253 253 253 253 253 253 253 253 253 253 253 253 253 253 253 253 253 253 253 253 252 253 253 253 253 252 252 252 252 252 252 252 252 252 252 252 251 251 251 251 252 252 252 251 251 251 252 251 251 251 251 251 251 251 251 251 251 251 251 251 251 251 251 251 251 251 250 250 250 250 250 250 250 250 249 249 249 250 250 250 249 250 250 249 249 249 249 249 249 249 249 249 249 249 248 248 249 249 249 249 249 249 249 249 249 249 249 249 249 249 249 249 249 249 248 248 248 248 247 247 247 247 247 246 246 246 246 246 246 245 245 245 245 245 245 245 245 245 245 245 246 246 246 246 246 246 246 246 246 246 246 246 246 246 246 245 245 245 245 245 245 244 244 244 244 244 243 243 243 243 250 250 250 250 250 250 250 251 251 251 251 251 251 251 251 251 251 251 251 251 251 251 251 251 251 251 251 251 251 251 251 251 251 251 251 251 251 251 251 251 251 251 251 251 251 251 251 251 251 252 252 252 252 251 251 251 251 251 251 251 252 252 252 252 252 252 252 252 251 251 251 251 251 251 251 251 251 251 251 251 251 251 251 252 252 252 252 252 252 252 252 252 252 252 252 252 252 252 252 252 252 252 252 252 252 252 252 252 252 252 252 252 252 252 252 252 252 252 252 252 252 252 252 252 252 252 252 252 252 252 252 252 252 252 252 252 252 252 252 252 252 252 252 252 252 252 252 252 252 252 252 252 252 253 253 252 252 252 252 253 253 253 253 252 252 252 252 252 252 252 253 253 252 252 252 252 252 252 252 252 252 252 252 252 252 252 252 252 252 252 252 252 252 252 252 252 252 252 252 252 252 252 252 254 254 254 254 254 254 254 254 254 254 254 254 253 253 253 253 253 253 253 253 254 253 253 253 253 253 253 253 253 253 253 253 253 253 253 253 253 253 253 253 253 253 253 253 253 252 252 253 253 253 252 252 252 252 252 252 252 252 252 252 252 252 252 252 252 252 252 252 251 252 251 252 252 251 251 251 251 251 251 251 251 251 251 251 251 251 251 251 251 251 251 250 250 250 250 250 250 250 250 250 249 249 249 249 249 250 250 250 249 249 249 249 249 249 249 249 249 249 249 249 248 249 249 249 249 249 249 249 249 249 249 249 249 249 249 249 249 249 249 249 249 248 248 248 247 247 247 247 247 247 246 246 246 246 246 246 245 245 245 246 245 245 245 245 245 246 246 246 246 246 246 246 246 246 246 246 246 246 246 246 245 245 245 245 245 245 245 244 244 244 244 243 243 243 243 250 250 250 250 250 250 250 250 250 251 251 251 251 251 251 251 251 251 251 251 251 251 251 251 251 251 251 251 251 251 251 251 252 252 251 251 251 251 251 251 251 251 251 251 251 251 251 251 252 251 251 251 251 252 252 251 251 251 251 251 251 252 252 252 252 252 252 252 252 251 251 251 251 251 251 251 251 251 251 251 251 252 252 252 252 252 252 252 252 252 252 252 252 252 252 252 252 252 252 252 252 252 252 252 252 252 252 252 252 252 252 252 252 252 252 252 252 252 252 252 252 252 252 252 252 252 252 252 252 252 252 252 252 252 252 252 252 252 252 252 252 252 252 252 252 252 252 252 252 252 252 252 252 252 252 252 252 253 253 253 253 252 253 252 252 252 252 252 252 252 252 252 252 252 252 252 252 252 252 252 252 252 252 252 252 252 252 252 252 252 252 252 252 252 252 252 252 252 252 252 252 252 252 254 254 254 254 254 254 254 254 254 254 254 254 253 253 253 254 254 254 254 253 254 254 253 253 253 253 253 253 253 253 253 253 253 253 253 253 253 253 253 253 253 253 253 253 253 253 253 253 253 253 252 252 252 252 252 252 252 252 252 252 252 252 251 252 252 252 252 252 252 251 252 252 252 251 251 251 251 251 251 251 251 251 251 251 251 251 251 251 251 251 250 250 250 250 250 250 250 250 250 250 249 249 249 249 249 249 250 249 249 249 249 249 249 250 250 249 249 250 250 249 249 248 248 249 249 249 249 249 249 249 249 249 249 249 249 249 249 249 249 249 249 249 249 248 247 247 247 247 246 246 246 246 246 246 246 245 245 246 246 246 245 245 246 246 246 246 246 246 246 246 246 246 246 246 246 246 246 246 246 246 246 245 245 245 245 245 245 244 244 244 244 244 244 243 243 243 250 250 250 250 250 250 250 250 250 250 251 251 251 251 251 251 252 251 251 251 251 251 252 252 251 251 251 252 251 251 251 252 252 252 251 251 251 251 251 251 251 251 251 251 251 251 251 251 251 251 251 251 251 251 252 252 251 251 251 251 251 251 252 252 252 252 252 252 252 252 252 252 252 252 252 252 252 252 251 252 252 252 252 252 252 252 252 252 252 252 252 252 252 252 252 252 252 252 252 252 252 252 252 252 252 252 252 252 252 252 252 252 252 252 252 252 252 252 252 252 252 252 252 252 252 252 252 252 252 252 252 252 252 252 252 252 252 252 252 252 252 252 252 252 252 252 252 252 252 252 252 252 252 252 252 252 252 253 253 253 253 252 252 252 252 252 252 252 252 252 252 252 252 252 252 252 252 252 252 252 252 252 252 252 252 252 252 252 252 252 252 252 252 252 252 252 252 252 252 252 252 252 252 254 254 254 254 254 254 254 254 254 254 254 254 253 253 253 254 254 254 254 254 253 253 253 253 253 253 253 253 253 253 253 253 253 253 253 253 253 253 253 253 253 253 253 253 253 253 253 253 253 253 252 252 252 252 252 252 252 252 252 252 252 252 252 252 251 252 252 252 252 252 252 252 252 252 251 251 251 251 251 251 251 251 251 251 251 251 251 251 251 251 251 251 251 250 250 250 250 250 250 250 250 250 250 249 249 249 249 249 249 249 250 249 249 249 249 250 250 249 250 250 249 248 248 248 249 249 249 249 249 249 249 249 249 249 249 249 249 249 249 249 249 248 249 248 247 247 247 247 246 247 247 247 246 246 246 246 246 246 246 246 245 245 245 245 246 246 246 246 246 246 246 246 246 246 246 246 246 246 246 246 246 246 245 245 245 245 245 245 244 244 244 244 243 243 243 243 250 250 250 250 250 250 250 250 250 251 251 251 251 251 251 252 251 251 251 251 251 251 251 252 251 251 251 251 251 251 251 251 251 251 251 251 251 251 251 251 251 251 251 251 251 251 251 251 251 251 251 251 251 252 252 252 251 251 251 251 251 252 251 252 252 252 252 252 252 252 252 252 252 252 252 252 252 252 252 252 252 252 252 252 252 252 252 252 252 252 252 252 252 252 252 252 252 252 252 252 252 252 252 252 252 252 252 252 252 252 252 252 252 252 252 252 252 252 252 252 252 252 252 252 252 252 252 252 252 252 252 252 252 252 252 252 252 252 252 252 251 251 252 252 252 252 252 252 252 252 252 252 252 252 252 252 252 252 252 252 252 252 252 252 252 252 252 252 252 252 252 252 252 252 252 252 252 252 252 252 252 252 252 252 252 252 252 252 252 252 252 252 252 252 252 252 252 252 252 252 252 252 253 254 254 254 254 254 254 254 254 254 254 254 253 253 253 254 254 254 253 253 253 253 253 253 253 253 253 253 253 253 253 253 253 253 253 253 253 253 253 253 253 253 253 253 253 253 253 253 253 253 252 252 252 252 252 252 252 252 252 252 252 252 252 252 252 251 252 252 252 252 252 252 252 252 251 251 251 251 251 251 251 251 251 251 251 251 251 251 251 251 251 251 251 251 250 250 250 250 250 250 250 250 250 250 250 250 249 249 249 249 250 249 249 249 249 249 249 249 250 250 249 248 248 249 249 249 249 249 249 249 249 250 249 248 249 249 249 249 249 248 248 248 249 248 248 248 247 247 247 247 247 247 247 246 246 246 246 246 246 246 245 245 246 246 246 246 246 247 246 246 246 246 246 246 246 245 246 245 246 246 245 245 245 245 245 245 245 245 244 244 244 244 244 243 243 243 243 250 250 250 250 250 250 250 250 250 250 251 250 251 251 252 252 252 252 251 251 251 251 252 252 252 251 251 251 251 252 251 251 251 251 251 251 251 251 251 251 251 251 251 251 251 251 251 251 251 252 252 252 252 252 252 252 251 251 251 251 251 251 252 252 252 252 252 252 252 252 252 252 252 252 252 252 252 252 252 252 252 252 252 252 252 252 252 252 252 252 252 252 252 252 252 252 252 252 252 252 252 252 252 252 252 252 252 252 252 252 252 252 252 252 252 252 252 252 252 252 252 252 252 252 252 252 252 252 252 252 252 252 252 252 252 252 252 252 252 252 251 252 252 252 252 252 252 252 252 252 252 252 252 252 252 252 252 252 252 252 252 252 252 252 252 252 252 252 252 252 252 252 252 252 252 252 252 252 252 252 252 252 252 252 252 252 252 252 252 252 252 252 252 252 252 252 252 252 252 252 252 252 253 253 254 254 254 254 254 254 254 254 254 254 253 253 253 254 254 254 253 254 254 253 253 253 253 253 253 253 253 253 253 253 253 253 253 253 253 253 253 253 253 253 253 253 253 253 253 253 253 253 252 252 252 252 252 252 252 252 252 252 252 252 252 251 251 251 251 252 252 252 252 252 252 252 251 251 251 251 251 251 251 251 251 251 251 251 251 251 251 251 251 251 251 251 250 250 250 250 251 250 250 250 250 250 250 250 249 249 249 250 250 250 249 249 249 250 249 249 249 250 250 249 248 248 249 249 249 249 249 249 249 249 248 249 249 249 249 249 248 248 248 248 249 249 248 248 247 247 247 247 247 247 247 247 247 247 246 246 246 246 245 245 246 246 246 246 246 247 247 246 246 246 246 246 246 245 245 245 245 246 246 245 245 245 245 245 244 244 244 244 244 244 244 244 243 243 243 243 250 250 250 250 250 250 250 251 251 250 251 250 250 251 251 251 251 251 252 251 251 251 252 252 251 251 251 251 251 252 251 251 251 251 251 251 251 251 251 251 251 251 251 251 251 251 251 251 251 251 251 252 252 252 252 252 252 251 251 251 251 251 252 252 252 252 252 252 252 252 252 252 252 252 252 252 252 252 252 252 252 252 252 252 252 252 252 252 252 252 252 252 252 252 252 252 252 252 252 252 252 252 252 252 252 252 252 252 252 252 252 252 252 252 252 252 252 252 252 252 252 252 252 252 252 252 252 252 252 252 252 252 252 252 252 252 252 252 252 252 252 252 252 252 252 252 252 252 252 252 252 252 252 252 252 252 252 252 252 252 252 252 252 252 252 252 252 252 252 252 252 252 252 252 252 252 252 252 252 252 252 252 252 252 252 252 252 252 252 252 252 252 252 252 252 252 252 252 252 252 252 252 253 253 254 254 254 254 254 254 254 254 254 254 253 253 253 253 254 254 254 254 254 253 254 253 253 253 253 253 253 253 253 253 253 253 253 253 253 253 253 253 253 253 253 253 253 253 253 253 253 253 252 252 252 252 252 252 252 252 252 252 252 252 252 252 251 251 252 252 251 251 252 251 252 252 251 251 251 251 251 251 251 251 251 251 251 251 251 251 251 251 251 251 251 251 251 250 250 251 251 251 250 250 250 250 250 250 249 250 250 250 250 250 250 249 249 250 250 249 249 249 250 249 248 248 248 249 249 249 249 249 249 248 248 249 249 249 249 249 248 248 249 248 249 249 249 248 248 248 248 248 247 247 247 247 247 246 246 246 246 246 245 246 246 246 246 246 246 247 247 246 246 246 246 246 246 246 246 245 245 245 245 245 245 245 245 244 244 244 244 245 245 244 244 244 243 244 244 244 243 250 250 250 250 250 250 250 250 250 250 251 251 251 251 251 251 252 251 251 251 251 251 251 252 252 251 251 251 251 251 251 251 251 251 251 251 251 251 251 251 251 251 251 251 251 251 251 251 251 251 251 251 251 251 251 251 252 252 252 251 251 251 251 251 252 252 252 252 252 252 252 252 252 252 252 252 252 252 252 252 252 252 252 252 252 252 252 252 252 252 252 252 252 252 252 252 252 252 252 252 252 252 252 252 252 252 252 252 252 252 252 252 252 252 252 252 252 252 252 252 252 252 252 252 252 252 252 252 252 252 252 252 252 252 252 252 252 252 252 252 252 252 252 252 252 252 252 252 252 252 252 252 252 252 252 252 252 252 252 252 252 252 252 252 252 252 252 252 252 252 252 252 252 252 252 252 252 252 252 252 252 252 252 252 252 252 252 252 252 252 252 252 252 252 252 252 252 252 252 252 252 252 252 253 253 253 254 254 254 254 254 254 254 254 254 253 253 253 253 254 254 254 254 254 254 253 253 253 253 253 253 253 253 253 253 253 253 253 253 253 253 253 253 253 253 253 253 253 253 253 253 253 253 252 252 252 252 252 252 252 252 252 252 252 251 251 252 252 251 251 252 251 252 251 251 251 251 252 251 251 251 251 251 251 251 251 251 251 251 251 251 251 251 251 251 251 251 251 251 251 251 251 251 250 250 250 250 250 250 250 250 250 250 250 250 250 249 249 249 250 250 249 249 249 249 248 248 248 248 249 249 249 249 249 248 248 249 249 249 249 249 248 248 248 249 249 249 249 248 248 248 248 248 247 247 247 247 247 247 247 246 246 246 245 246 246 246 246 246 246 247 247 247 246 246 246 246 246 246 246 245 245 245 245 245 245 245 244 244 245 245 245 245 244 244 244 244 243 244 244 244 244 243 250 250 250 250 250 250 250 250 250 250 250 250 250 250 250 251 251 251 252 251 252 252 251 251 251 252 252 252 252 252 251 251 251 251 251 251 251 251 251 251 251 251 251 251 251 251 251 251 251 251 251 251 251 251 251 251 251 251 251 252 252 252 252 252 252 252 252 252 252 252 252 252 252 252 252 252 252 252 252 252 252 252 252 252 252 252 252 252 252 252 252 252 252 252 252 252 252 252 252 252 252 252 252 252 252 252 252 252 252 252 252 252 252 252 252 252 252 252 252 252 252 252 252 252 252 252 252 252 252 252 252 252 252 252 252 252 252 252 252 252 252 252 252 252 252 252 252 252 252 252 252 252 252 252 252 252 252 252 252 252 252 252 252 252 252 252 252 252 252 252 252 252 252 252 252 252 252 252 252 252 252 252 252 252 252 252 252 252 252 252 252 252 252 252 252 252 252 252 252 252 252 252 252 252 252 254 253 253 253 254 254 254 254 254 254 254 254 253 253 253 253 254 254 254 254 254 254 254 253 253 253 253 253 253 253 253 253 253 253 253 253 253 253 253 253 253 253 253 253 253 253 253 253 253 253 252 252 252 252 252 252 252 252 252 252 252 252 251 251 251 252 251 251 251 251 251 251 251 252 251 251 251 251 251 251 251 251 251 251 251 251 251 251 251 251 251 251 251 251 251 251 251 250 250 250 250 250 250 250 250 250 250 250 249 250 250 250 250 250 249 250 249 250 250 250 250 250 249 249 249 248 248 249 249 249 248 248 249 249 249 248 249 249 249 248 249 249 249 248 249 248 248 248 248 248 247 247 247 246 247 247 247 247 246 246 245 246 246 246 246 246 247 247 247 247 247 246 246 246 246 246 246 246 246 245 245 246 245 245 245 244 245 245 245 245 244 244 244 244 244 244 244 244 244 243 250 250 250 250 250 250 250 250 250 250 250 250 250 250 250 250 250 251 251 252 252 251 252 252 251 251 251 251 252 252 251 251 251 251 251 251 251 251 251 251 251 251 251 251 251 251 251 251 251 251 251 251 251 251 251 251 251 251 251 251 252 252 252 252 252 252 252 252 252 252 252 252 252 252 252 252 252 252 252 252 252 252 252 252 252 252 252 252 252 252 252 252 252 252 252 252 252 252 252 252 252 252 252 252 252 252 252 252 252 252 252 252 252 252 252 252 252 252 252 252 252 252 252 252 252 252 252 252 252 252 252 252 252 252 252 252 252 252 252 252 252 252 252 252 252 252 252 252 252 252 252 252 252 252 252 252 252 252 252 252 252 252 252 252 252 252 252 252 252 252 252 252 252 252 252 252 252 252 252 252 252 252 252 252 252 252 252 252 252 252 252 252 252 252 252 252 252 252 252 252 252 252 252 252 252 252 252 254 254 253 253 254 254 254 254 254 254 254 254 253 253 253 253 254 253 254 254 254 254 254 253 253 253 253 253 253 253 253 253 253 253 253 253 253 253 253 253 253 253 253 253 253 253 253 253 253 253 252 252 252 252 252 252 252 252 252 252 252 252 252 251 251 252 252 251 251 251 251 251 251 251 251 251 251 251 251 251 251 251 251 251 251 251 251 251 251 251 251 251 251 251 251 251 251 251 250 250 250 250 250 250 250 250 250 250 250 249 249 250 250 250 250 250 249 249 250 250 250 250 249 249 249 249 248 249 249 249 249 249 249 249 249 248 248 248 249 248 249 249 249 249 248 248 248 248 248 248 248 247 247 247 247 246 247 246 246 246 245 246 246 246 246 246 247 247 247 247 247 247 246 246 246 246 246 246 246 246 246 246 245 245 245 245 245 245 245 244 244 244 244 244 244 244 244 244 244 243 250 250 250 250 250 250 250 250 250 250 250 250 250 251 251 251 251 251 251 252 251 251 251 251 251 251 251 251 251 251 252 252 252 251 251 251 251 251 251 251 251 251 251 251 251 251 251 251 251 251 251 251 251 251 251 251 251 251 251 251 251 251 252 252 252 252 252 252 252 252 252 252 252 252 252 252 252 252 252 252 252 252 252 252 252 252 252 252 252 252 252 252 252 252 252 252 252 252 252 252 252 252 252 252 252 252 252 252 252 252 252 252 252 252 252 252 252 252 252 252 252 252 252 252 252 252 252 252 252 252 252 252 252 252 252 252 252 252 252 252 252 252 252 252 252 252 252 252 252 252 252 252 252 252 252 252 252 252 252 252 252 252 252 252 252 252 252 252 252 252 252 252 252 252 252 252 252 252 252 252 252 252 252 252 252 252 252 252 252 252 252 252 252 252 252 252 252 252 252 252 252 252 252 252 252 252 252 254 254 254 253 254 254 254 254 254 254 254 254 253 253 253 253 254 253 253 254 254 254 254 254 253 253 253 253 253 253 253 253 253 253 253 253 253 253 253 253 253 253 253 253 253 253 253 253 253 253 252 252 252 252 252 252 252 252 252 252 252 252 252 252 251 251 252 252 252 251 251 251 251 251 251 251 251 251 251 251 251 251 251 251 251 251 251 251 251 251 251 251 251 251 251 251 251 251 250 250 250 250 250 250 250 250 250 250 250 250 249 249 250 250 250 250 250 249 250 250 250 249 250 249 249 249 248 249 249 249 249 249 249 249 249 249 248 248 248 248 249 249 249 249 248 248 248 248 248 248 248 247 247 247 247 247 247 247 247 246 245 246 246 246 246 246 247 247 247 247 246 246 246 246 246 246 246 246 246 246 246 245 245 245 245 245 245 245 245 244 245 245 245 244 244 244 244 244 244 244 243 250 250 250 250 250 250 250 250 250 250 250 250 250 250 251 251 251 252 252 252 251 251 251 251 251 251 251 251 251 251 251 251 251 251 251 252 251 251 251 251 251 251 251 251 251 251 251 251 251 251 251 251 251 251 251 251 251 251 251 251 251 251 251 252 252 252 252 252 252 252 252 252 252 252 252 252 252 252 252 252 252 252 252 252 252 252 252 252 252 252 252 252 252 252 252 252 252 252 252 252 252 252 252 252 252 252 252 252 252 252 252 252 252 252 252 252 252 252 252 252 252 252 252 252 252 252 252 252 252 252 252 252 252 252 252 252 252 252 252 252 252 252 252 252 252 252 252 252 252 252 252 252 252 252 252 252 252 252 252 252 252 252 252 252 252 252 252 252 252 252 252 252 252 252 252 252 252 252 252 252 252 252 252 252 252 252 252 252 252 252 252 252 252 252 252 252 252 252 252 252 252 252 252 252 252 252 252 253 253 254 254 254 254 254 254 254 254 254 254 253 253 253 253 253 253 254 254 253 253 253 254 254 253 253 253 253 253 253 253 253 253 253 253 253 253 253 253 253 253 253 253 253 253 253 253 253 253 252 252 252 252 252 252 252 252 252 252 252 252 252 252 252 251 251 252 252 252 251 251 252 252 252 252 252 252 251 251 251 251 251 251 251 251 251 251 251 251 251 251 251 251 250 251 251 251 250 250 250 250 250 250 249 250 250 250 250 250 250 249 249 250 250 250 250 250 250 250 250 250 250 250 250 249 249 248 248 249 249 249 249 249 249 249 249 248 248 249 249 248 249 248 248 248 248 248 248 248 248 248 247 247 247 247 247 247 246 246 245 246 246 246 246 246 246 246 247 247 247 246 246 246 246 246 246 246 246 246 246 245 245 245 245 245 245 245 245 245 245 245 245 244 244 244 244 244 244 244 243 249 249 249 250 250 250 251 251 251 250 250 251 251 250 251 251 251 251 251 252 252 251 251 251 251 251 251 251 251 251 251 251 251 251 251 251 251 251 251 251 251 251 251 251 251 251 251 251 251 251 251 251 251 251 251 251 251 251 251 251 251 251 251 251 252 251 251 252 252 252 252 252 252 252 252 252 252 252 252 252 252 252 252 252 252 252 252 252 252 252 252 252 252 252 252 252 252 252 252 252 252 252 252 252 252 252 252 252 252 252 252 252 253 252 252 252 252 252 252 252 252 252 252 252 252 252 252 252 252 252 252 252 252 252 252 252 252 252 252 252 252 252 252 252 252 252 252 252 252 252 252 252 252 252 252 252 252 252 252 252 252 252 252 252 252 252 252 252 252 252 252 252 252 252 252 252 252 252 252 252 252 252 252 252 252 252 252 252 252 252 252 252 252 252 252 252 252 252 252 252 252 252 252 252 252 252 252 252 253 253 253 254 254 254 254 254 254 254 254 254 254 253 253 253 253 253 254 254 254 253 253 253 253 253 253 253 253 253 253 253 253 253 253 253 253 253 253 253 253 253 253 253 253 253 253 253 253 253 252 252 252 252 252 252 252 252 252 252 252 252 252 252 252 252 251 251 252 252 251 251 251 252 252 252 252 251 251 251 251 251 251 251 251 251 251 251 251 251 251 251 251 251 251 251 251 250 250 250 250 250 250 250 250 250 250 250 250 250 249 249 249 250 250 250 250 250 250 250 250 250 250 250 250 250 249 249 249 249 249 249 249 249 249 249 249 249 248 248 248 249 249 248 248 248 248 248 248 248 248 248 248 247 247 247 247 247 247 246 246 245 246 246 246 246 246 247 247 247 246 246 246 246 246 246 246 246 246 246 246 246 245 245 245 245 245 245 245 245 245 245 245 244 244 244 244 244 244 244 243 249 250 250 250 251 251 251 251 251 251 251 251 251 251 251 251 251 252 251 251 251 251 250 251 251 251 251 251 251 250 251 251 251 251 251 251 252 252 251 251 251 251 251 251 251 251 251 251 251 251 251 251 251 251 251 251 251 251 251 251 251 251 251 251 251 251 251 252 252 252 252 252 252 252 252 252 252 252 252 252 252 252 252 252 252 252 252 252 252 252 252 252 252 252 252 252 252 252 252 252 252 252 252 252 252 252 252 252 252 252 252 252 252 252 252 252 252 252 252 252 252 252 252 252 252 252 252 252 252 252 252 252 252 252 252 252 252 252 252 252 252 252 252 252 252 252 252 252 252 252 252 252 252 252 252 252 252 252 252 252 252 252 252 252 253 252 252 252 252 252 252 252 252 252 252 252 252 252 252 252 252 252 252 252 252 252 252 252 252 252 252 252 252 252 252 252 252 252 252 252 252 252 252 252 252 252 253 253 253 253 254 253 254 254 254 254 254 254 254 254 253 253 253 253 253 253 253 253 253 253 253 253 253 253 253 253 253 253 253 253 253 253 253 253 253 253 253 253 253 253 253 253 253 253 253 253 252 252 252 252 252 252 252 252 252 252 252 252 252 252 252 252 252 251 251 252 251 251 251 251 251 252 251 251 251 251 251 251 251 251 251 252 252 251 251 251 251 251 252 252 252 252 251 250 250 250 250 251 251 250 250 250 251 250 250 249 249 250 249 250 250 250 250 250 251 250 250 249 249 249 249 249 249 249 249 249 249 249 249 249 249 249 249 249 248 248 248 248 248 248 248 248 248 248 248 248 248 248 248 248 247 247 247 247 247 246 246 246 246 246 246 246 246 246 247 247 247 247 247 247 246 246 246 246 246 246 246 246 246 245 245 245 245 245 245 245 245 244 244 244 244 244 244 244 244 244 243 243 249 250 250 250 250 250 251 250 251 251 250 251 251 251 251 251 251 251 251 251 252 251 251 251 250 250 251 251 251 250 250 250 251 251 251 251 252 252 251 251 251 251 251 251 251 252 251 251 251 251 251 251 251 251 251 251 251 251 251 251 251 251 251 251 251 251 251 251 252 252 252 252 252 252 252 252 252 252 252 252 252 252 252 252 252 252 252 252 252 252 252 252 252 252 252 252 252 252 252 252 252 252 252 252 252 252 252 252 252 252 252 252 252 252 252 252 252 252 252 252 252 252 252 252 252 252 252 252 252 252 252 252 252 252 252 252 252 252 252 252 252 252 252 252 252 253 252 252 252 252 252 252 252 252 252 252 252 252 252 252 252 252 252 252 252 252 252 252 252 252 252 252 252 252 252 252 252 252 252 252 252 252 252 252 252 252 252 252 252 252 252 252 252 252 252 252 252 252 252 252 252 252 252 252 252 252 252 254 253 253 253 253 253 253 254 254 254 254 254 254 254 253 253 253 253 253 253 253 253 253 253 253 253 253 253 253 253 253 254 253 254 253 253 253 253 253 253 253 253 253 253 253 253 253 253 253 253 252 252 252 252 252 252 252 252 252 252 252 252 252 252 252 252 252 252 251 251 252 252 251 251 251 251 251 251 251 251 251 251 251 251 251 251 251 252 251 252 251 251 251 251 251 252 252 251 250 250 251 251 251 251 251 250 251 251 250 250 250 250 250 249 249 250 250 250 250 250 250 249 249 249 249 250 250 250 249 249 250 249 249 249 249 249 249 249 249 249 248 248 248 248 248 247 248 248 248 248 248 247 248 248 248 248 247 247 247 247 246 246 246 246 246 246 246 247 247 247 247 247 247 247 247 246 246 246 246 246 246 246 246 245 245 245 245 245 245 245 245 245 245 245 245 244 244 244 244 244 243 243 250 250 249 250 250 250 249 250 250 250 250 250 250 250 250 251 251 251 251 251 252 252 251 251 251 251 251 251 251 251 251 251 251 251 251 252 252 252 252 251 251 251 251 251 251 251 251 251 251 251 251 251 251 251 251 251 251 251 251 251 251 251 251 251 251 252 252 252 251 251 252 252 252 252 252 252 252 252 252 252 252 252 252 252 252 252 252 252 252 252 252 252 252 252 252 252 252 252 252 252 252 252 252 252 252 252 252 252 252 252 252 252 252 252 252 252 252 252 252 252 252 252 252 252 252 252 252 252 252 252 252 252 252 252 252 252 252 252 252 252 252 253 253 253 253 253 252 252 252 252 252 252 252 252 252 252 252 252 252 252 252 252 252 252 252 252 252 252 252 252 252 252 252 252 252 252 252 252 252 252 252 252 252 252 252 252 252 252 252 252 252 252 252 252 252 252 252 252 252 252 252 252 252 252 252 252 254 254 254 254 254 254 254 254 254 254 254 254 253 253 253 253 253 253 253 253 253 253 253 253 253 253 253 253 253 253 253 253 254 254 254 253 253 253 253 253 253 253 253 253 253 253 253 253 253 253 252 252 252 252 252 252 252 252 252 252 252 252 252 252 252 252 252 252 251 251 252 252 252 251 251 251 251 251 251 251 251 251 251 251 252 251 251 252 252 252 251 251 251 251 251 251 251 251 251 251 251 251 252 252 251 251 251 251 250 250 250 250 250 250 250 250 249 250 250 250 249 249 249 250 249 250 249 249 249 249 250 249 249 249 249 250 250 250 249 249 249 248 248 248 248 248 247 247 248 248 248 247 248 248 248 248 247 247 247 247 246 246 246 246 246 246 247 247 247 247 247 246 246 247 247 246 246 246 246 246 246 246 246 245 245 245 245 245 245 245 245 245 245 245 245 244 244 244 244 244 244 243 243 249 250 250 250 250 250 250 250 250 251 251 251 251 251 251 251 251 251 251 252 251 251 251 252 252 252 251 252 251 251 251 251 251 251 252 252 251 251 251 251 251 251 251 251 251 251 251 251 251 251 251 251 251 251 251 251 251 251 251 251 251 251 251 251 251 251 252 252 252 252 252 252 252 252 252 252 251 252 252 252 252 252 252 252 252 252 252 252 252 252 252 252 252 252 252 252 252 252 252 252 252 252 252 252 252 252 252 252 252 252 252 252 252 252 252 252 252 252 252 252 252 252 252 252 252 252 252 252 252 252 252 252 252 252 252 252 252 252 252 252 252 252 252 252 252 252 252 252 252 252 252 252 252 252 252 252 252 252 252 252 252 252 252 252 252 252 252 252 252 252 252 252 252 252 252 252 252 252 252 252 252 252 252 252 252 252 252 252 252 252 252 252 252 252 252 252 252 252 252 252 252 252 252 252 254 254 254 254 254 254 254 254 254 253 253 253 253 253 253 253 253 253 253 253 253 253 253 253 253 253 253 253 253 253 253 253 254 253 254 254 253 253 253 253 253 253 253 253 253 253 253 253 253 253 252 252 252 252 252 252 252 252 252 252 252 252 252 252 252 252 252 252 251 252 252 252 252 252 252 252 252 252 251 251 251 251 251 251 252 252 251 251 252 252 251 251 251 251 251 251 251 251 251 252 252 251 251 251 251 251 251 251 251 251 250 250 250 250 250 250 250 250 250 250 250 250 249 250 250 249 249 249 250 250 250 249 249 250 249 250 250 250 249 249 249 249 248 248 248 248 248 247 247 247 248 247 248 248 247 248 247 247 247 247 246 246 246 246 246 246 247 247 247 247 247 247 246 246 246 246 246 246 246 246 246 246 246 246 246 246 245 245 245 245 245 245 245 245 245 244 244 244 244 244 244 243 243 243 249 250 250 249 249 249 249 249 250 250 251 251 251 250 251 250 250 251 252 252 252 252 251 251 251 252 252 252 252 252 251 251 251 251 251 251 252 251 251 251 251 251 251 251 251 251 251 251 251 251 252 252 251 251 251 251 251 251 251 251 251 251 251 251 251 251 251 251 252 252 252 252 252 252 252 252 252 252 252 252 252 252 252 252 252 252 252 252 252 252 252 252 252 252 252 252 252 252 252 252 252 252 252 252 252 252 252 252 252 252 252 252 252 252 252 252 252 252 252 252 252 252 252 252 252 252 252 252 252 252 252 252 252 252 252 252 252 252 252 252 252 252 252 252 252 252 252 252 252 252 252 252 252 252 252 252 252 252 252 252 252 252 252 252 252 252 252 252 252 252 252 252 253 252 252 252 252 252 252 252 252 252 252 252 252 252 252 252 252 252 252 252 252 252 252 252 252 252 252 252 252 252 252 252 254 254 254 254 254 254 254 254 253 253 253 254 254 254 254 253 253 253 253 253 253 253 253 253 253 253 253 253 253 253 253 253 253 254 254 254 253 253 253 253 253 253 253 253 253 253 253 253 253 253 252 252 252 252 252 252 252 252 252 252 252 252 252 252 252 252 252 252 252 252 252 252 252 252 252 252 252 251 251 251 251 251 251 251 251 251 252 251 252 251 251 251 252 252 251 251 251 251 251 251 251 251 251 252 251 251 251 251 251 251 251 251 251 251 250 251 250 250 251 251 250 250 250 250 250 250 249 249 250 250 250 249 249 250 250 250 250 250 250 250 250 249 248 248 248 248 248 248 248 247 247 247 248 248 247 247 247 247 246 247 246 246 246 246 246 247 247 247 247 247 247 247 247 246 246 246 246 246 246 246 246 246 246 246 246 246 245 245 245 245 245 245 245 245 245 245 244 244 244 244 244 244 243 243 243 249 249 250 250 249 250 250 250 250 250 251 251 251 250 250 250 250 251 251 252 251 251 251 251 251 251 251 252 252 252 252 252 251 251 251 252 251 251 251 251 251 251 251 251 251 251 251 251 251 251 252 252 251 251 251 251 251 251 251 251 251 251 251 251 251 251 251 251 252 252 252 252 252 252 252 252 252 252 252 251 252 252 252 252 252 252 252 252 252 252 252 252 252 252 252 252 252 252 252 252 252 252 252 252 252 252 252 252 252 252 252 252 252 252 252 252 252 252 252 252 252 252 252 252 252 252 252 252 252 252 252 252 252 252 252 252 252 252 252 252 252 252 252 252 252 252 252 252 252 252 252 252 252 252 253 253 252 252 252 252 253 252 252 252 252 252 252 252 252 252 252 252 252 252 252 252 252 252 252 252 252 252 252 252 252 252 252 252 252 252 252 252 252 252 252 252 252 252 252 252 252 252 252 252 254 254 254 254 254 254 254 253 253 253 254 254 254 254 254 254 253 253 253 253 254 254 253 253 253 254 254 253 253 253 253 253 253 254 254 254 254 253 253 253 253 253 253 253 253 253 253 253 253 253 252 252 252 252 252 252 252 252 252 252 252 252 252 252 252 252 252 252 252 252 252 252 252 252 252 252 252 252 251 251 251 251 251 251 251 251 252 252 252 251 251 251 251 251 251 251 251 251 251 251 251 251 252 251 251 251 251 251 251 251 251 251 251 251 251 251 251 251 251 251 250 250 251 251 250 250 250 249 250 250 250 250 249 250 250 250 250 250 250 250 250 250 248 248 248 248 248 248 248 248 247 247 247 248 248 248 247 247 247 247 247 247 247 247 246 247 247 247 247 247 247 247 247 247 246 246 246 246 246 246 246 246 246 246 246 246 245 245 245 245 245 245 245 245 245 245 244 244 244 244 244 244 244 243 243 243 249 250 251 250 250 250 251 250 250 251 251 250 250 250 250 251 251 251 251 250 251 251 251 251 250 251 251 252 252 252 252 252 252 252 251 252 251 251 251 251 251 251 251 251 251 251 251 251 251 252 251 251 251 251 251 251 251 251 251 251 251 251 251 251 251 252 252 252 252 252 252 252 252 252 252 252 252 252 252 252 252 252 252 252 252 252 252 252 252 252 252 252 252 252 252 252 252 252 252 252 252 252 252 252 252 252 252 252 252 252 252 252 252 252 252 252 252 252 252 252 252 252 252 252 252 252 252 252 252 252 252 252 252 252 252 252 252 252 252 252 252 252 252 252 252 252 252 252 252 252 252 252 252 252 253 252 252 252 252 252 252 252 252 252 252 252 252 252 252 252 252 252 252 252 252 252 252 252 252 252 252 252 252 252 252 252 252 252 252 252 252 252 252 252 252 252 252 252 252 252 252 252 252 254 254 254 254 254 254 253 253 253 254 254 254 254 254 254 254 253 254 254 254 253 253 253 254 254 254 253 253 253 253 253 253 253 254 254 254 254 254 253 253 253 253 253 253 253 253 253 253 253 253 252 253 252 252 252 252 252 252 252 252 252 252 252 252 252 252 252 252 252 252 252 252 252 252 252 252 252 252 251 251 251 251 251 251 251 251 251 252 251 251 251 251 251 251 251 251 251 251 251 251 251 251 252 251 251 251 251 250 251 251 251 251 251 251 251 251 251 251 251 251 251 250 250 250 250 250 250 250 250 250 250 250 250 249 250 250 250 250 250 250 250 250 249 249 249 248 248 248 248 248 247 247 247 247 247 247 247 247 247 247 247 247 247 247 247 247 247 247 247 247 247 247 247 247 246 246 246 246 246 246 246 246 246 246 246 246 245 245 245 246 246 246 245 245 245 245 245 244 244 244 244 244 244 243 243 243 243 250 250 250 250 250 250 250 250 251 250 250 250 250 251 251 250 251 251 250 250 251 251 250 250 251 251 252 252 252 252 252 252 252 252 251 251 251 251 251 251 251 251 251 251 251 251 252 252 252 252 252 251 251 251 251 251 251 252 252 252 252 252 251 252 252 252 252 252 252 252 252 252 252 252 252 252 252 251 252 252 252 252 252 252 252 252 252 252 252 252 252 252 252 252 252 252 252 252 252 252 252 252 252 252 252 252 252 252 252 252 252 252 252 252 252 252 252 252 252 252 252 252 252 252 252 252 252 252 252 252 252 252 252 252 252 252 252 252 252 252 252 252 252 252 252 252 252 252 252 252 252 253 253 253 252 252 252 252 252 252 252 252 252 252 252 252 252 252 252 252 252 252 252 252 252 252 252 252 252 252 252 252 252 252 252 252 252 252 252 252 252 252 252 252 252 252 252 252 252 252 252 254 254 254 254 254 254 253 253 254 254 254 254 254 254 254 254 254 254 254 254 253 254 253 253 254 254 254 253 253 253 253 253 253 254 254 254 254 253 253 253 253 253 253 253 253 253 253 253 253 253 252 252 252 252 252 252 252 252 252 252 252 252 252 252 252 252 252 252 252 252 252 252 252 252 252 252 252 252 251 251 251 251 251 252 252 251 251 251 251 250 251 251 251 251 251 251 252 252 251 251 251 251 251 251 251 251 250 251 251 251 251 251 251 251 251 251 251 251 251 251 251 251 250 250 250 250 250 250 250 250 250 250 250 250 250 250 250 250 250 250 250 250 249 249 249 248 248 247 248 248 248 248 248 247 247 247 247 247 247 247 247 247 247 248 248 247 247 247 247 247 247 247 247 247 246 246 246 246 246 246 246 246 246 246 246 246 245 245 245 246 246 245 245 245 245 245 245 244 244 244 243 244 244 244 244 243 243 243 249 249 249 249 249 249 249 250 250 250 250 250 250 251 251 250 251 250 250 251 251 251 250 250 251 251 251 252 251 252 252 252 252 252 252 252 251 251 251 251 251 251 251 251 251 251 251 251 251 252 252 252 252 251 251 251 252 252 252 252 252 252 252 252 252 252 252 252 252 252 252 252 252 252 252 252 252 252 251 252 252 252 252 252 252 252 252 252 252 252 252 252 252 252 252 252 252 252 252 252 252 252 252 252 252 252 252 252 252 252 252 252 252 252 252 252 252 252 252 252 252 252 252 252 252 252 252 252 252 252 252 252 252 252 252 252 252 252 252 252 252 252 252 252 252 252 252 252 252 252 252 253 253 253 252 252 252 252 252 252 252 252 252 253 253 252 252 252 252 252 252 252 252 252 252 252 252 252 252 252 252 252 252 252 252 252 252 252 252 252 252 252 252 252 252 252 252 252 252 252 252 254 254 254 254 254 253 253 253 254 254 254 254 254 254 254 254 254 254 254 254 254 254 253 254 254 254 254 253 253 253 253 253 253 254 254 254 254 254 253 253 253 253 253 253 253 253 253 253 253 253 252 252 252 252 252 252 252 252 252 252 252 252 252 252 252 252 252 252 252 252 252 252 252 252 252 252 252 252 251 251 251 251 251 252 252 251 251 251 250 250 251 251 250 251 251 251 251 252 251 251 251 251 251 251 251 251 251 251 251 251 251 251 251 251 251 251 251 251 250 251 251 251 251 250 250 250 250 250 250 251 250 250 250 250 250 250 250 250 250 250 250 250 249 249 249 249 248 247 247 248 248 248 248 247 247 247 247 248 248 247 247 247 248 248 247 247 247 247 247 247 247 247 247 247 247 247 247 246 246 246 246 246 246 246 246 246 245 246 246 246 246 245 245 245 245 245 245 244 244 244 243 244 244 244 243 243 243 243 243 243 243 243 249 249 249 249 249 250 250 250 251 251 250 250 250 250 250 250 251 251 251 250 250 251 251 251 251 251 251 252 252 252 252 252 252 252 252 252 251 251 251 251 251 251 251 251 251 251 252 252 252 252 251 251 251 252 252 252 252 252 252 252 252 252 252 252 252 252 251 252 251 251 251 252 252 252 252 252 252 252 252 252 252 252 252 252 252 252 252 252 252 252 252 252 252 252 252 252 252 252 252 252 252 252 252 252 252 252 252 252 252 252 252 252 252 252 252 252 252 252 252 252 252 252 252 252 252 252 252 252 252 252 252 252 252 252 252 252 252 252 252 252 252 252 252 252 252 253 253 253 253 253 252 252 252 252 252 252 252 252 252 252 252 253 252 252 252 252 252 252 252 252 252 252 252 252 252 252 252 252 252 252 252 252 252 252 252 252 252 252 252 252 252 252 252 252 252 252 252 252 254 254 254 254 254 253 253 254 254 254 254 254 254 254 254 254 254 254 254 254 254 254 254 254 254 254 254 254 253 253 253 253 253 254 254 254 254 254 254 253 253 253 253 253 253 253 253 253 253 253 252 252 252 252 252 252 252 252 252 252 252 252 252 252 252 252 252 252 252 252 252 252 252 252 252 252 252 252 251 251 251 251 251 252 252 251 250 251 250 251 251 251 250 251 251 251 252 252 251 251 250 251 251 251 251 251 251 251 251 251 251 251 251 251 250 251 251 250 251 250 251 251 251 251 251 251 251 251 251 250 250 250 250 250 250 250 250 250 250 250 250 251 250 250 250 249 248 247 247 248 248 248 248 248 248 248 247 247 248 247 247 247 248 248 248 247 247 247 247 247 247 247 247 247 247 247 247 246 246 246 246 246 246 246 246 246 246 246 246 246 246 245 245 245 245 245 245 245 244 244 244 244 244 244 244 244 244 244 243 243 243 243 243 243 243 243 243 243 243 243 249 249 250 250 250 251 250 249 249 250 250 250 250 250 251 250 251 251 252 251 250 251 252 251 251 251 252 252 252 252 252 252 251 251 251 251 251 251 251 251 251 251 251 251 251 252 251 251 251 252 252 252 252 252 252 252 252 252 252 252 251 251 252 252 252 252 251 251 252 251 251 251 251 252 252 252 252 252 252 252 252 252 252 252 252 252 252 252 252 252 252 252 252 252 252 252 252 252 252 252 252 252 252 252 252 252 252 252 252 252 252 252 252 252 252 252 252 252 252 252 252 252 252 252 252 252 252 252 252 252 252 252 252 252 252 252 252 252 252 252 252 252 252 252 252 253 252 252 252 252 252 252 252 252 252 252 252 253 253 253 253 252 252 252 252 252 252 252 252 252 252 252 252 252 252 252 252 252 252 252 252 252 252 252 252 252 252 252 252 252 252 252 252 252 254 254 254 254 253 253 253 254 254 254 254 254 254 254 254 254 254 254 254 254 254 254 254 254 254 254 254 253 253 253 253 253 253 254 254 254 254 254 254 254 253 253 253 253 253 253 253 253 253 253 252 252 252 252 252 252 252 252 252 252 252 252 252 252 252 252 252 252 252 252 252 252 252 252 252 252 252 252 251 251 251 251 250 251 251 251 251 251 250 251 251 251 251 251 251 251 251 251 251 251 250 251 251 251 251 251 251 251 251 251 251 251 251 251 250 251 251 250 251 250 251 251 251 251 251 251 251 250 250 250 250 250 250 250 250 250 250 250 250 250 250 250 250 250 250 249 248 248 248 248 248 248 248 248 248 248 248 247 247 248 248 248 247 248 248 248 247 247 247 247 247 247 247 247 247 247 247 247 247 247 246 246 246 246 246 246 246 246 246 246 245 245 245 245 245 245 245 244 244 244 244 244 244 244 244 244 244 244 244 244 243 243 243 243 243 243 243 243 243 243 243 249 249 249 249 249 249 249 249 250 250 250 250 251 251 251 251 251 251 250 251 250 251 251 252 252 252 252 252 252 252 252 251 251 252 251 251 251 251 251 251 251 252 252 252 252 252 252 252 251 251 252 252 252 251 252 252 252 252 252 252 252 252 252 252 252 251 251 251 252 252 251 252 251 252 251 251 251 252 252 252 252 252 252 252 252 252 252 252 252 252 252 252 252 252 252 252 252 252 252 252 252 252 252 252 252 252 252 252 252 252 252 252 252 252 252 252 252 252 252 252 252 252 252 252 252 252 252 252 252 252 252 252 252 252 252 252 252 252 252 252 252 252 252 252 252 252 252 252 253 253 253 253 253 253 253 253 253 253 252 252 252 252 252 252 252 252 252 252 252 252 252 252 252 252 252 252 252 252 252 252 252 252 252 252 252 252 252 252 252 254 254 254 253 253 253 254 254 254 254 254 254 254 254 254 254 254 254 254 254 254 254 254 254 254 254 254 253 253 253 253 253 254 254 254 254 254 254 254 254 254 253 253 253 253 253 253 253 253 253 252 252 252 252 252 252 252 252 252 252 252 252 252 252 252 252 252 252 252 252 252 252 252 252 252 252 251 251 251 251 251 251 251 251 250 250 251 251 251 251 251 251 250 251 251 251 251 251 251 251 251 251 251 251 251 251 251 251 251 251 251 251 251 251 250 251 251 251 251 250 251 251 251 251 251 251 250 250 251 250 250 250 250 250 250 250 250 250 250 250 250 250 250 250 250 248 248 248 248 248 248 248 248 248 248 248 248 248 247 247 248 248 248 248 248 247 247 247 247 247 247 247 247 247 247 247 247 247 247 247 247 246 246 246 246 246 246 246 246 246 245 245 245 245 245 244 245 245 244 244 244 244 244 244 244 244 244 244 244 244 244 243 243 243 243 243 243 243 243 243 243 243 249 249 249 250 250 250 251 251 251 251 251 250 250 250 251 251 251 252 252 251 252 252 251 252 252 252 252 252 252 252 252 252 251 251 251 251 252 252 252 251 251 251 252 252 251 251 251 251 252 252 252 252 252 252 252 252 252 252 252 252 251 251 251 251 251 251 251 251 252 252 252 251 251 252 252 252 252 252 252 252 252 252 252 252 252 252 252 252 252 252 252 252 252 252 252 252 252 252 252 252 252 252 252 252 252 252 252 252 252 252 252 252 252 252 252 252 252 252 252 252 252 252 252 252 252 252 252 252 252 252 252 252 252 252 252 252 252 252 252 252 252 252 252 253 253 253 253 253 253 253 253 253 253 253 253 252 252 252 252 252 252 252 252 252 252 252 252 252 252 252 252 252 252 252 252 252 252 252 252 252 252 252 252 254 254 253 253 254 254 254 254 254 254 254 254 254 254 254 254 254 254 254 254 254 254 254 254 254 254 254 254 253 253 253 253 254 254 254 254 254 254 254 254 254 254 253 253 253 253 253 253 253 253 252 252 252 252 252 252 252 252 252 252 252 252 252 252 252 252 252 252 252 252 252 252 252 252 252 251 251 251 251 251 251 252 252 251 251 250 250 251 251 251 251 251 250 251 251 251 251 251 251 251 251 251 251 251 251 251 251 251 251 251 251 251 251 251 250 251 251 251 250 251 251 251 251 251 251 251 251 251 251 251 250 250 250 250 250 250 250 250 250 250 250 250 250 250 249 249 248 248 248 248 248 248 248 248 248 248 248 248 248 248 248 248 248 248 248 247 247 247 247 247 247 247 247 247 247 247 247 247 247 247 247 246 246 246 246 246 246 246 246 246 246 245 245 245 245 245 245 245 245 244 244 244 244 244 244 244 244 244 244 244 244 243 243 243 243 243 243 243 243 243 243 243 249 249 250 250 251 251 251 250 250 250 251 251 251 252 252 251 251 251 251 251 251 251 251 251 252 253 253 253 253 252 252 251 251 252 252 252 252 252 252 251 252 252 251 251 251 252 252 252 252 252 252 252 251 251 251 252 251 251 251 252 251 251 251 251 251 251 251 251 252 252 252 252 252 251 251 252 252 252 252 252 252 252 252 252 252 252 252 252 252 252 252 252 252 252 252 252 252 252 252 252 252 252 252 252 252 252 252 252 252 252 252 252 252 252 252 252 252 252 252 252 252 252 252 252 252 252 252 252 252 252 252 252 252 252 252 252 252 252 252 252 252 252 252 252 252 253 253 253 253 253 253 253 253 252 252 252 252 253 253 252 252 252 252 252 252 252 252 252 252 252 252 252 252 252 252 252 252 252 252 252 252 254 253 253 254 254 254 254 254 254 254 254 254 254 254 254 254 254 254 254 254 254 254 254 254 254 254 253 253 253 253 253 254 254 254 254 254 254 254 254 254 254 254 254 253 253 253 253 253 253 253 252 253 253 253 252 252 252 253 252 252 252 252 252 252 252 252 252 252 252 252 252 252 252 252 251 251 251 251 251 251 251 252 252 251 251 251 251 251 251 251 251 251 250 250 251 251 251 252 251 251 251 251 251 251 251 251 251 251 251 251 251 251 251 251 250 251 251 250 251 251 251 251 251 251 251 251 251 251 251 251 251 251 250 250 250 250 250 251 250 250 250 250 250 250 249 248 248 248 249 248 248 248 248 248 248 248 248 248 248 248 248 248 248 248 249 248 247 247 247 247 247 247 247 247 247 247 247 247 247 247 246 246 246 246 246 246 246 246 246 246 246 245 245 245 245 245 245 245 245 244 244 244 244 244 244 244 244 244 244 244 244 244 243 243 243 243 243 243 243 243 243 243 249 250 251 251 251 251 250 250 251 251 252 252 252 252 251 251 250 251 251 251 251 251 251 252 252 252 253 253 253 252 251 251 252 252 252 252 251 251 251 251 251 251 251 252 252 252 252 252 252 252 251 252 252 252 252 252 252 252 252 252 252 252 252 252 251 251 252 252 252 252 252 252 252 252 252 252 252 252 252 252 252 252 252 252 252 252 252 252 252 252 252 252 252 252 252 252 252 252 252 252 252 252 252 252 252 252 252 252 252 252 252 252 252 252 252 252 252 252 252 252 252 252 252 252 252 252 252 252 252 252 252 252 252 252 252 252 252 252 252 252 252 252 252 252 253 253 253 253 253 253 252 252 252 252 252 253 253 252 252 252 252 252 252 252 252 252 252 252 252 252 252 252 252 252 252 252 252 252 252 253 253 254 254 254 254 254 253 253 253 253 253 253 254 254 254 254 254 254 254 254 254 254 254 254 254 254 254 253 254 254 254 254 254 254 254 254 254 254 254 254 254 254 253 253 253 253 253 253 253 253 253 253 253 253 253 252 252 252 252 252 252 252 252 252 252 252 252 252 252 252 252 252 252 252 251 252 252 252 252 252 252 251 251 251 251 251 251 251 251 251 250 251 250 250 251 251 251 251 251 251 251 251 251 251 251 251 251 251 251 251 251 251 251 251 251 251 251 251 251 251 251 251 251 251 251 251 251 251 251 251 251 251 250 250 250 250 250 250 250 250 250 250 250 249 249 248 249 249 248 249 249 249 249 248 248 248 248 248 248 248 248 248 248 248 249 248 247 247 247 247 247 247 247 247 247 247 247 247 247 247 246 246 246 246 246 246 246 246 246 246 246 245 245 245 245 245 245 245 244 244 244 244 244 244 244 244 244 244 244 244 244 243 243 243 243 243 243 243 243 243 243 250 250 250 250 250 251 251 251 251 251 251 251 251 251 251 251 251 252 252 252 252 251 251 251 252 252 252 253 253 252 252 252 253 253 252 252 252 251 251 251 252 252 252 252 252 252 252 251 251 252 252 252 252 252 252 252 252 252 252 252 252 252 251 251 251 252 252 252 252 252 252 252 252 252 252 252 252 252 252 252 252 252 252 251 251 251 252 252 252 252 252 252 252 252 252 252 252 252 252 252 252 252 252 252 252 252 252 252 252 252 252 252 252 252 252 252 252 252 252 252 252 252 252 252 252 252 252 252 252 252 252 252 252 252 252 252 252 252 252 252 252 252 252 253 253 253 253 253 253 253 253 252 253 253 252 252 252 252 252 252 252 252 252 252 252 252 252 252 252 252 252 252 252 252 252 252 252 252 254 254 254 254 254 254 253 254 254 254 253 253 253 253 253 253 254 254 254 254 254 254 254 254 254 254 254 254 253 253 254 254 254 254 254 254 254 254 254 254 254 254 254 253 253 253 253 253 253 253 252 252 253 252 252 252 252 252 252 252 252 252 252 252 252 252 252 252 252 252 252 252 252 252 252 252 252 252 253 252 252 252 251 251 251 251 251 251 251 251 251 251 251 251 251 251 251 251 251 251 251 251 251 251 251 251 251 251 251 251 251 251 251 251 251 251 251 251 251 250 250 250 251 251 251 251 251 251 251 251 251 251 250 250 250 250 250 250 250 250 250 250 250 250 250 249 249 249 248 248 248 249 249 249 249 249 249 248 248 248 248 248 248 248 248 248 248 247 247 247 247 247 247 247 247 247 247 247 247 247 247 247 247 246 246 246 246 246 246 246 246 246 246 245 245 245 245 245 245 244 244 244 244 244 244 244 244 244 244 244 244 244 243 243 243 243 243 243 243 243 243 250 251 250 251 251 251 251 251 251 251 251 251 251 251 251 251 251 251 252 252 252 252 252 252 252 251 252 253 253 253 253 253 253 253 252 252 252 252 252 252 252 252 252 252 252 252 252 252 252 252 252 252 252 252 252 252 252 252 252 252 252 251 251 252 251 252 252 252 252 252 252 252 252 252 252 252 252 252 252 252 252 252 252 251 252 252 252 252 252 252 252 252 252 252 252 252 252 252 252 252 252 252 252 252 252 252 252 252 252 252 252 252 252 252 252 252 252 252 252 252 252 252 252 252 252 252 252 252 252 252 252 252 252 252 252 252 252 252 252 252 252 252 252 253 253 253 253 253 253 253 253 253 253 253 253 252 252 252 252 252 252 252 252 252 252 252 252 252 252 252 252 252 252 252 252 252 252 252 254 254 254 254 254 254 254 253 254 254 253 253 253 253 253 253 253 253 254 254 254 254 254 254 253 253 253 253 253 253 254 254 254 254 254 254 254 254 254 254 254 254 254 254 253 253 253 253 253 253 252 252 252 252 252 252 252 252 252 252 252 252 252 252 252 252 252 252 252 252 252 252 252 252 252 252 252 252 252 252 252 252 252 251 251 251 251 251 251 251 250 251 251 251 251 251 251 252 251 251 251 251 251 251 251 251 251 251 251 251 251 251 251 251 251 251 251 251 250 250 250 250 251 251 251 251 251 251 251 251 251 250 250 250 250 250 250 250 250 250 250 250 250 250 250 249 248 248 248 249 249 249 249 249 249 248 248 248 248 248 248 248 248 248 248 248 249 248 248 248 247 247 247 247 247 247 247 247 247 247 247 247 246 246 246 246 246 246 246 246 246 246 245 245 245 245 245 245 245 244 243 244 244 244 244 244 244 244 244 244 244 244 244 243 243 243 243 243 243 243 243 250 250 251 251 251 251 251 250 251 250 250 250 251 251 251 251 252 252 252 251 252 252 253 253 253 252 252 251 252 252 252 252 253 252 252 252 252 252 252 252 252 252 252 252 251 251 251 251 252 252 252 252 252 252 252 252 252 252 252 252 252 251 252 252 252 252 252 252 252 252 252 252 252 252 252 252 252 252 252 252 252 252 252 252 252 252 252 252 252 252 252 252 252 252 252 252 252 252 252 252 252 252 252 252 252 252 252 252 252 252 252 252 252 252 252 252 252 252 252 252 252 252 252 252 252 252 252 252 252 253 252 252 252 252 252 252 252 252 252 253 252 253 253 253 253 253 253 253 253 253 253 253 253 253 253 252 252 252 252 252 252 252 252 252 252 252 252 252 252 252 252 252 252 252 252 252 252 252 252 254 254 254 254 254 254 254 253 254 254 253 253 253 253 253 253 253 253 253 253 253 253 253 253 253 253 253 253 254 253 253 253 254 254 254 254 254 254 254 254 254 254 254 253 253 253 253 253 253 253 252 252 252 252 252 252 252 252 252 252 252 252 252 252 252 252 252 252 252 252 252 252 252 252 252 252 252 253 253 252 252 252 252 252 251 251 251 251 251 251 250 250 250 250 251 251 251 251 251 251 251 251 251 251 250 251 251 251 251 251 251 251 251 251 251 251 251 251 251 251 251 251 251 251 251 251 251 251 252 251 251 250 250 250 250 251 251 251 250 250 250 250 250 250 250 249 248 248 248 248 249 249 249 249 249 248 248 248 248 248 248 248 248 248 248 249 249 248 248 248 247 247 247 247 247 247 247 247 247 247 247 247 246 246 247 246 246 246 246 246 246 246 246 246 246 245 245 245 245 244 243 244 244 244 244 244 244 244 244 244 244 244 244 244 243 243 243 243 243 243 243 251 251 251 251 250 250 250 250 251 251 251 251 251 251 251 251 251 251 251 251 251 252 253 253 252 252 252 251 252 252 252 252 253 253 253 252 252 252 252 252 252 251 251 251 252 252 252 252 252 252 252 252 253 252 252 252 252 252 252 251 252 252 252 252 252 251 251 252 252 252 252 252 252 252 252 252 252 252 252 252 252 252 252 252 252 252 252 252 252 252 252 252 252 252 251 252 252 252 252 252 252 252 252 252 252 252 252 252 252 252 252 252 252 252 252 252 252 252 252 252 252 252 252 252 252 252 252 252 252 252 252 252 252 252 252 252 252 253 253 252 252 252 253 253 253 253 253 253 253 253 253 253 253 252 252 252 252 252 252 252 252 252 252 252 252 253 252 252 252 252 252 252 252 252 252 252 252 254 254 254 254 254 254 254 253 254 254 254 254 253 254 254 254 253 253 253 253 253 253 253 253 253 253 254 254 254 253 253 253 253 254 254 254 254 254 254 254 254 254 253 253 253 253 253 253 253 253 252 252 252 252 252 252 252 252 252 252 252 252 252 252 253 253 252 252 252 252 252 252 252 252 252 252 252 253 253 253 252 252 252 252 252 251 251 251 251 251 251 250 250 250 251 251 251 251 251 251 251 251 251 251 251 251 250 251 251 251 251 251 251 251 251 251 251 251 251 251 251 251 251 251 251 251 251 251 251 252 251 251 251 251 250 251 251 251 251 250 250 250 250 250 250 250 249 248 248 248 248 249 249 249 249 248 248 248 248 248 248 248 248 248 248 249 249 248 247 247 247 247 247 247 247 247 247 247 247 247 247 247 247 247 247 247 247 246 246 246 246 246 246 246 246 246 245 245 245 245 244 244 244 244 244 244 244 244 244 244 244 244 244 244 243 243 243 243 243 243 250 251 250 250 250 250 251 251 251 251 251 251 251 251 251 252 251 252 251 251 251 251 252 253 253 252 252 252 252 252 252 252 253 253 253 253 252 252 252 252 252 252 252 252 252 252 252 252 252 252 252 252 252 252 252 252 252 252 252 251 251 252 252 252 252 251 251 251 252 252 252 252 252 252 252 252 252 252 252 252 252 252 252 252 252 252 252 252 252 252 252 252 252 251 252 252 252 252 252 252 252 252 252 252 252 252 252 252 252 252 252 252 252 252 252 252 252 252 252 252 252 252 252 252 252 252 252 252 252 252 252 253 252 252 252 253 253 253 253 253 253 253 253 253 253 253 253 253 253 253 253 253 253 252 252 252 252 252 252 252 252 252 252 252 252 252 253 252 252 252 252 252 252 252 252 252 252 254 254 254 254 254 254 253 253 254 254 254 254 254 254 254 254 254 254 254 254 254 253 253 254 254 254 254 254 254 254 253 253 253 254 254 254 254 254 254 254 253 253 253 253 253 253 253 253 253 253 253 252 252 252 252 252 252 252 252 252 252 252 252 252 252 252 252 252 252 252 252 252 252 252 252 253 253 253 253 253 252 252 252 252 252 251 251 252 251 251 251 250 250 250 250 251 251 252 252 252 252 252 251 251 251 251 251 251 251 250 251 251 250 251 251 251 250 250 251 251 251 251 251 251 251 251 251 251 251 251 251 251 251 251 251 250 251 251 251 250 250 250 250 250 250 251 250 249 248 248 248 248 249 249 249 248 248 248 248 248 248 248 248 248 248 248 249 249 248 248 248 247 247 247 247 247 247 247 247 247 247 247 247 247 247 247 247 246 246 246 246 246 246 246 246 246 245 245 245 245 244 244 244 244 244 244 244 244 244 244 244 244 244 244 243 243 243 243 251 251 250 251 251 251 251 251 251 251 251 251 252 252 252 252 252 252 252 251 251 251 252 253 253 253 253 252 251 252 253 253 253 253 253 252 252 252 251 251 251 252 253 252 252 252 252 252 252 252 252 252 252 252 252 252 252 252 252 251 251 252 252 252 252 252 252 252 251 251 251 252 252 252 252 252 252 252 252 252 252 252 252 252 252 252 252 252 252 252 252 252 252 251 252 252 252 252 252 252 252 252 252 251 251 252 252 252 252 251 251 252 252 252 252 252 252 252 252 252 252 252 252 253 252 252 252 253 252 252 252 253 253 252 252 253 253 253 253 253 253 253 253 253 253 252 252 252 252 252 253 253 253 253 252 252 252 252 252 252 252 252 252 252 252 252 253 252 252 252 252 252 252 252 252 252 252 254 254 254 254 254 254 254 254 254 254 254 254 254 253 254 254 254 254 254 254 253 254 253 254 254 254 254 254 254 254 253 253 253 254 254 254 254 254 254 253 253 253 253 253 253 253 253 253 253 253 253 252 252 252 252 252 252 252 252 252 252 252 252 252 252 252 252 252 252 252 252 252 252 252 252 253 253 253 253 253 252 252 252 252 252 251 252 252 252 251 251 250 250 251 251 251 252 252 252 252 252 252 252 252 251 251 251 251 251 251 250 250 250 250 250 250 250 250 250 251 251 251 251 251 251 251 251 251 251 250 251 251 251 251 251 251 251 251 250 250 250 250 250 250 250 250 250 250 249 248 248 248 248 249 248 249 249 248 248 248 248 248 248 248 248 248 248 249 249 248 248 248 248 247 247 247 247 247 247 247 247 247 247 247 247 247 247 246 246 246 246 246 246 246 245 245 245 245 245 245 244 244 244 244 244 244 244 244 244 244 244 244 244 244 244 244 244 251 250 250 250 251 251 251 251 251 252 252 251 251 251 251 251 251 252 252 252 251 251 252 253 253 254 254 253 252 252 252 252 253 253 253 252 252 252 252 252 251 252 253 252 252 252 252 252 252 252 252 252 252 252 252 252 252 252 251 251 251 251 252 252 252 252 252 252 252 251 251 251 252 252 252 252 252 252 252 252 252 252 252 252 252 252 252 252 252 252 252 252 252 252 252 252 252 252 252 252 252 251 251 251 252 252 252 252 252 252 252 252 252 252 252 252 252 252 252 252 252 252 252 252 252 252 252 253 253 253 252 252 253 252 252 253 253 253 253 253 252 252 252 252 252 252 252 252 252 252 252 252 253 253 252 252 252 252 252 252 252 252 252 252 252 252 252 252 252 252 252 252 253 253 253 253 253 254 254 254 254 254 254 254 254 254 254 254 254 254 254 254 254 254 254 254 254 254 254 254 254 254 254 254 254 254 254 253 253 254 254 254 254 254 254 253 253 253 253 253 253 253 253 253 253 253 253 252 252 252 252 252 252 252 252 252 252 252 252 252 252 252 252 252 252 252 252 252 252 252 252 252 252 252 253 253 253 252 252 252 252 252 251 252 252 252 251 251 250 250 250 251 252 252 252 252 252 252 252 252 252 251 252 252 251 251 251 251 251 251 251 250 250 250 250 251 250 250 250 251 251 252 251 251 251 251 251 251 251 251 251 251 251 251 251 250 250 250 250 250 250 250 250 250 250 250 249 248 248 249 249 249 249 249 248 248 248 248 248 248 248 248 248 248 248 248 248 248 248 247 247 247 247 247 247 248 247 247 247 247 247 247 247 247 247 246 246 246 246 246 245 245 245 245 245 245 245 244 244 244 244 244 244 244 244 244 244 244 244 244 244 244 244 244 250 250 250 250 251 251 251 251 251 251 250 251 251 252 252 252 253 252 252 252 252 252 253 253 254 253 253 252 252 252 253 253 254 254 254 253 252 252 252 252 253 253 253 252 252 252 252 252 252 252 252 252 252 252 252 251 251 251 251 252 252 252 252 252 252 252 252 252 251 251 252 252 252 252 252 252 252 252 252 252 252 252 252 252 252 252 252 252 253 252 252 252 252 252 251 251 251 251 251 251 251 251 251 252 252 252 252 252 252 252 252 252 252 252 252 252 252 252 252 252 252 252 252 252 252 252 252 253 252 253 252 253 253 253 253 253 252 252 252 252 252 252 252 252 252 252 252 252 252 252 252 252 252 252 253 253 252 252 252 252 252 252 252 252 252 252 252 252 253 253 253 253 252 253 254 254 254 254 254 254 254 254 254 254 254 254 254 254 254 254 254 254 254 254 254 254 254 254 254 254 254 254 254 254 253 253 254 254 254 254 254 253 253 253 253 254 254 254 253 253 254 253 253 253 252 252 253 252 253 252 252 252 252 252 252 252 252 252 252 252 252 252 252 252 252 252 252 252 252 252 252 253 253 252 252 252 252 252 252 252 252 252 251 251 251 251 250 251 251 252 252 252 252 252 252 252 252 252 251 251 251 251 251 251 251 251 251 251 251 251 251 251 251 251 251 251 251 251 252 252 251 251 251 251 251 251 251 251 251 250 251 250 250 250 250 250 250 250 250 250 250 249 250 250 249 249 249 249 249 250 250 249 248 248 248 248 248 248 248 248 248 248 248 248 249 248 248 247 247 247 247 247 248 247 247 247 247 247 247 247 247 247 246 246 246 246 246 246 246 246 246 246 246 245 245 245 244 244 244 244 244 244 244 244 244 244 244 244 244 244 250 250 250 250 251 250 251 250 251 251 251 252 252 252 252 253 252 252 252 252 253 253 253 253 253 253 253 252 253 253 253 254 254 253 252 252 252 252 253 252 252 252 252 252 252 252 252 252 252 252 252 252 252 252 252 251 251 251 252 252 252 252 252 252 252 253 252 252 252 252 252 252 252 252 252 252 252 252 252 252 252 252 252 252 252 253 252 252 252 252 251 251 251 252 251 251 252 252 252 252 251 251 251 252 252 252 252 252 251 252 252 252 252 252 253 252 252 252 252 252 252 252 252 252 252 252 253 253 253 253 253 253 253 252 252 252 252 252 252 252 252 253 252 252 252 252 252 252 252 252 252 252 252 252 252 252 252 252 252 253 252 252 252 252 252 253 253 253 252 252 252 252 254 254 254 254 254 254 254 254 254 254 254 254 254 254 254 254 254 254 254 254 254 254 254 254 254 254 254 254 254 254 254 253 254 254 254 254 254 253 254 254 253 254 253 253 253 253 253 254 253 253 252 252 252 253 253 252 252 252 252 252 252 252 252 252 252 252 252 252 252 252 252 252 252 252 252 252 253 253 253 252 252 252 252 252 252 252 252 252 251 251 251 250 250 251 252 252 252 252 252 252 252 252 252 252 252 251 251 251 251 251 251 251 251 251 251 251 251 251 251 251 252 251 251 251 252 252 251 251 251 251 251 251 251 251 251 251 251 250 250 250 250 250 250 250 250 250 250 250 250 250 251 250 249 249 249 249 250 249 248 248 248 248 248 248 248 248 248 248 248 248 249 249 248 248 247 247 247 247 247 247 247 247 247 247 247 247 247 247 247 246 246 246 246 246 246 246 246 245 245 245 245 245 244 244 244 244 244 244 244 244 244 244 244 244 250 250 250 250 251 251 251 252 251 251 251 252 253 253 253 252 252 253 254 254 254 253 253 253 253 253 253 254 254 254 254 254 253 253 252 252 252 252 252 253 253 253 253 252 252 252 253 253 253 253 253 252 252 252 252 252 251 252 252 253 253 253 253 253 253 253 252 252 252 252 252 251 251 251 252 252 252 252 252 252 252 252 252 253 253 253 252 252 251 252 251 251 252 251 251 251 252 252 252 251 251 251 252 252 252 252 251 251 251 252 252 252 252 252 252 252 252 252 252 252 252 252 252 252 252 252 253 253 253 253 253 253 252 252 253 253 252 253 253 253 252 252 252 252 252 252 252 252 252 252 252 252 252 252 252 252 252 252 252 253 253 252 252 253 253 253 253 252 252 253 253 254 254 254 254 254 254 254 254 254 254 254 254 254 254 254 254 254 254 254 254 254 254 254 254 254 254 254 254 254 254 254 254 254 254 254 254 254 254 254 254 254 254 254 254 254 254 254 254 254 254 253 253 253 253 253 253 253 253 253 253 253 253 253 253 253 253 253 253 253 253 252 252 252 253 253 253 253 253 253 252 252 252 252 252 252 253 252 252 251 251 251 251 251 252 252 252 252 253 253 253 253 252 252 252 252 252 252 252 252 252 252 252 252 252 252 253 253 253 253 253 253 253 252 252 252 252 252 252 252 252 252 252 252 252 252 251 251 251 251 251 250 250 250 250 250 251 250 250 250 250 250 250 250 249 249 249 249 248 248 248 248 249 248 248 248 248 248 248 248 248 248 249 248 248 247 247 247 247 247 247 247 247 247 247 247 247 247 247 246 246 246 246 246 246 246 246 245 245 245 245 245 245 245 245 244 245 245 245 244 244 244 244 244 244 250 250 251 251 251 251 251 251 251 251 252 253 253 253 252 252 253 253 254 254 253 253 253 254 253 254 254 254 254 254 254 253 254 253 253 253 253 252 253 253 253 252 252 253 252 253 253 253 253 253 253 253 252 252 252 252 251 252 252 252 253 253 253 252 253 252 252 252 252 252 252 252 252 252 252 252 252 252 252 252 252 252 252 252 252 252 252 252 252 251 252 252 251 251 251 251 251 251 251 251 251 252 252 252 252 252 252 252 251 251 252 252 252 252 252 252 252 252 252 252 252 252 252 252 252 252 252 253 253 253 252 253 253 253 253 252 253 254 253 252 252 252 252 252 252 252 252 252 252 252 252 252 252 252 252 252 252 252 253 253 252 252 252 253 252 252 253 253 253 253 254 254 254 254 254 254 254 254 254 254 254 254 254 254 254 254 254 254 254 254 254 254 254 254 254 254 254 254 254 254 254 254 254 254 254 254 254 254 254 254 254 254 254 254 254 254 254 254 254 254 253 253 253 253 253 253 253 253 253 253 253 253 253 253 253 253 253 253 253 252 252 252 252 253 253 253 253 253 253 252 252 252 252 252 252 252 252 252 252 251 251 251 251 252 252 252 252 253 253 253 253 253 253 253 253 253 253 253 253 252 252 252 252 252 252 252 252 253 253 252 252 252 252 253 253 252 252 252 252 252 252 252 252 252 252 251 251 251 251 251 251 251 250 250 250 250 250 250 250 250 249 249 249 249 249 249 249 250 249 248 248 248 248 248 248 248 248 248 249 248 248 248 248 248 248 247 247 247 247 247 247 247 247 247 247 247 247 247 247 246 246 246 246 246 246 246 245 245 245 245 245 245 245 245 245 245 244 244 244 244 244 244 244 244 244 250 250 250 251 251 250 251 252 252 251 252 252 251 252 253 253 253 253 253 253 253 254 254 253 253 253 253 253 253 253 253 253 254 253 253 253 253 253 253 253 253 253 253 253 253 253 253 253 253 252 252 251 251 252 252 252 252 252 252 252 252 252 252 252 252 253 253 253 253 252 252 252 252 252 252 252 252 252 252 252 252 252 252 252 252 252 252 252 253 252 252 253 252 252 252 252 252 252 252 252 253 253 252 252 252 252 251 252 252 252 252 253 253 252 252 252 252 252 252 252 252 252 252 252 253 253 253 253 252 252 253 253 253 253 254 253 253 252 253 252 252 252 252 252 252 252 252 252 252 253 252 252 252 252 252 253 253 253 253 253 253 253 253 253 253 253 253 254 254 254 255 254 254 254 254 254 254 254 254 254 254 254 254 254 254 254 254 254 254 254 254 254 254 254 254 254 254 254 254 254 254 254 254 254 254 254 254 254 254 254 254 254 254 254 254 254 254 253 253 253 253 253 253 253 253 253 253 253 253 253 253 253 253 253 253 253 252 252 252 252 253 252 253 253 253 253 252 253 252 252 252 252 252 252 252 252 252 251 252 252 252 252 252 253 253 253 253 254 254 254 254 253 253 253 253 253 253 253 253 253 252 253 253 252 253 252 252 252 252 252 252 253 253 252 252 252 252 252 252 252 252 252 252 251 251 251 251 251 252 251 250 250 250 250 250 250 250 249 249 249 249 249 249 249 249 249 249 248 248 248 248 248 249 249 249 249 249 248 248 248 248 248 247 247 247 247 247 247 247 247 247 247 247 247 247 246 246 246 246 246 246 246 246 245 245 245 245 245 245 245 245 245 245 245 245 245 245 244 244 244 244 250 250 251 251 252 251 251 251 252 252 252 252 252 252 252 253 253 253 253 253 253 253 253 253 253 253 254 254 254 254 254 254 254 254 254 253 253 253 253 253 253 253 252 252 252 253 252 252 251 252 253 252 252 252 252 252 252 252 253 253 253 252 252 253 253 253 253 253 253 252 252 252 252 252 252 252 252 252 252 252 252 252 252 252 253 253 253 253 253 253 253 253 253 253 253 253 253 252 252 252 252 252 252 252 251 252 252 252 252 252 252 252 252 252 252 252 252 253 252 252 252 253 253 253 253 253 253 253 254 253 254 254 253 253 253 253 253 253 252 252 252 252 252 252 252 252 253 253 253 253 253 253 253 253 253 253 253 253 253 253 253 253 253 253 255 255 255 255 255 254 254 254 254 254 254 254 254 254 254 254 254 254 254 254 254 254 254 254 254 254 254 254 254 254 254 254 254 254 254 254 254 254 254 254 254 253 254 254 254 254 254 254 254 254 253 253 253 253 253 253 253 253 253 253 253 253 253 253 253 253 253 253 253 253 252 252 252 253 253 253 253 253 253 252 252 252 252 252 252 252 252 253 252 252 252 252 252 252 252 253 253 253 253 254 254 254 254 254 253 253 254 254 254 253 254 253 253 253 253 253 252 253 252 252 252 252 252 252 252 252 252 252 252 252 252 252 252 252 252 252 252 251 251 251 251 251 251 251 250 250 250 250 250 250 249 248 249 249 249 249 249 249 249 249 249 248 248 248 248 249 249 249 249 249 248 248 248 248 248 247 247 247 247 247 247 247 247 247 247 247 247 247 247 247 246 246 246 246 246 245 245 245 246 246 246 246 245 245 245 245 245 245 245 245 245 244 244 244 251 251 251 251 251 251 252 252 253 253 253 253 254 253 253 253 253 253 253 253 253 253 253 253 253 253 253 254 254 254 254 254 254 254 253 253 253 253 253 253 253 253 252 252 252 252 252 252 253 252 252 252 252 253 252 252 252 252 253 253 253 253 253 253 253 253 253 253 253 252 253 252 252 252 252 252 252 252 252 253 253 253 253 253 253 253 253 253 253 253 253 253 253 253 253 252 252 252 252 252 252 252 252 252 252 252 252 252 252 252 252 252 252 252 252 252 252 253 253 253 253 253 253 253 254 254 254 254 254 254 253 253 252 252 253 252 252 252 253 252 252 252 252 252 252 252 253 253 253 253 253 253 253 253 253 253 253 253 253 253 253 253 253 255 255 255 255 254 254 254 254 254 254 254 254 254 254 254 254 254 254 254 254 254 254 254 254 254 254 254 254 254 254 254 254 254 254 254 254 254 254 254 254 254 254 254 254 254 254 254 254 254 254 253 253 253 253 253 253 253 253 253 253 253 253 253 253 253 253 253 253 253 253 252 252 252 252 253 253 252 253 252 252 252 252 252 252 252 252 252 253 253 252 252 252 252 252 253 253 253 254 254 254 254 254 254 254 254 254 253 253 254 254 254 254 254 254 253 252 253 253 253 252 252 252 252 252 252 252 252 252 252 252 252 252 252 252 252 252 252 251 251 251 251 251 251 251 250 250 250 250 250 250 249 248 248 248 249 249 249 249 249 249 249 249 248 248 248 248 248 249 249 249 248 248 248 248 248 248 247 247 247 247 247 247 247 247 247 247 247 247 247 247 246 246 246 246 246 246 246 246 245 245 245 245 245 245 245 245 245 245 245 245 245 244 244 244 250 251 251 251 251 251 251 251 252 252 253 253 253 254 253 253 253 253 253 253 253 253 254 253 253 253 253 253 252 253 254 254 253 254 254 253 254 254 253 252 252 252 252 252 252 252 252 252 253 253 253 253 253 253 253 252 252 252 252 253 253 253 253 254 254 254 254 254 253 253 253 253 253 252 252 252 252 252 252 253 253 253 253 253 254 254 253 253 253 253 253 253 253 253 253 253 253 253 252 252 252 252 253 252 252 252 252 252 252 252 252 252 252 252 252 252 252 252 252 253 253 253 253 253 253 253 253 253 253 254 254 253 252 252 252 252 252 252 253 253 253 252 252 253 252 252 252 253 253 253 253 253 253 253 253 253 253 253 253 253 253 253 253 253 255 255 255 255 254 254 254 255 254 254 254 254 254 254 254 254 254 254 254 254 254 254 254 254 254 254 254 254 254 254 254 254 254 254 254 254 254 254 254 254 254 254 254 254 254 254 254 254 254 254 253 253 253 253 253 253 253 253 253 253 253 253 253 253 253 253 253 253 253 253 253 252 252 252 253 253 252 252 252 252 252 252 252 252 252 252 252 252 252 252 252 253 253 253 253 253 253 254 254 254 254 254 254 255 255 254 254 254 254 254 253 253 253 253 253 253 253 253 253 253 253 253 253 252 252 252 252 252 252 252 252 252 252 252 252 251 251 251 251 250 250 251 251 251 250 250 250 250 250 251 249 249 248 248 248 249 249 249 249 249 249 249 249 248 248 248 248 248 248 249 248 248 248 248 248 248 247 247 247 247 247 247 247 247 247 247 247 247 247 246 246 246 246 246 246 245 245 245 245 245 245 245 245 245 245 245 245 245 244 244 245 245 244 244 251 251 252 252 252 252 252 252 252 252 253 253 253 254 253 253 253 253 253 253 254 253 253 252 253 252 252 253 253 253 253 253 253 253 254 254 254 253 252 252 253 252 252 253 252 253 253 253 253 253 253 253 253 253 253 253 253 253 254 254 254 254 254 254 254 253 253 253 254 254 253 253 253 253 253 253 253 253 253 253 253 253 253 253 253 253 253 253 253 253 253 253 252 253 253 253 252 252 252 253 253 253 252 252 252 252 252 252 252 252 252 252 252 253 253 253 253 253 253 253 253 253 253 253 253 253 254 254 254 253 253 253 253 253 253 253 253 253 252 253 253 253 252 252 253 253 253 253 253 253 253 253 253 253 253 253 253 253 253 253 253 254 255 255 255 255 255 255 255 254 254 254 254 254 254 254 254 254 254 254 254 254 254 254 254 254 254 254 254 254 254 254 254 254 254 254 254 254 254 254 254 254 254 254 254 254 254 254 254 254 254 253 253 253 253 253 253 253 253 253 253 253 253 253 253 253 253 253 253 253 253 253 252 252 252 253 252 252 253 252 253 253 252 252 252 252 252 252 252 252 252 252 252 252 252 252 252 253 253 253 253 254 254 254 255 255 255 255 254 254 254 253 253 253 253 253 253 253 253 253 253 253 253 253 253 253 252 252 252 252 252 251 251 251 251 251 251 251 251 251 251 250 251 251 251 251 250 250 250 250 250 250 249 249 248 248 249 249 249 249 249 249 249 249 249 248 248 248 248 248 249 248 248 248 248 248 248 247 247 247 247 247 247 247 247 247 247 247 247 247 247 246 246 246 245 245 245 245 245 245 245 245 245 245 245 245 245 245 245 244 245 245 244 244 250 251 251 252 252 251 251 251 251 252 252 251 252 253 253 254 254 254 253 253 253 253 253 252 252 252 252 253 253 253 253 253 253 253 253 253 253 253 253 253 253 253 253 253 253 253 252 253 253 253 253 252 252 253 253 253 253 253 253 254 254 254 254 253 254 253 253 253 254 254 254 253 253 253 253 253 253 253 253 253 253 253 253 253 253 253 253 253 253 253 253 252 252 252 252 253 252 252 252 252 253 253 253 252 252 252 252 252 252 253 253 253 253 253 253 253 253 253 253 253 253 253 253 253 253 253 254 254 253 253 254 254 254 253 253 253 253 253 253 253 253 253 253 253 253 253 253 253 253 253 253 253 253 253 253 253 253 253 253 253 253 254 255 255 255 255 255 255 255 255 254 254 254 254 254 254 254 254 254 254 254 254 254 254 254 254 254 254 254 254 254 254 254 254 254 254 254 254 254 254 254 254 254 254 254 254 254 254 254 254 254 253 253 253 253 253 253 253 253 253 253 253 253 253 253 253 253 253 253 253 253 253 253 252 253 252 253 252 253 252 253 252 252 252 252 253 252 252 252 252 252 252 252 251 251 251 252 251 251 252 252 253 253 253 254 254 254 254 253 253 254 253 253 254 254 253 254 254 254 254 254 254 254 254 253 253 253 253 252 252 252 251 251 251 251 251 251 251 251 251 251 250 251 251 251 251 251 251 250 250 250 249 249 249 249 248 248 249 249 248 249 249 249 249 249 248 248 248 249 249 249 249 248 248 248 248 247 247 247 247 247 247 247 247 247 247 247 247 247 247 247 246 246 246 246 245 245 245 245 245 245 245 245 245 245 245 245 245 245 244 245 245 244 244 250 251 251 251 251 251 252 252 252 252 250 251 252 251 252 252 253 253 253 253 252 252 252 252 253 253 253 253 254 253 253 253 253 253 253 253 253 253 253 253 253 253 253 253 252 252 252 252 252 252 252 253 253 253 253 253 253 253 253 254 254 253 253 253 253 253 253 254 254 254 254 253 253 253 253 253 253 253 253 253 253 253 253 253 253 253 253 253 253 253 253 252 252 252 252 253 252 252 252 253 253 253 253 253 253 253 253 252 253 253 253 253 253 253 253 253 253 253 253 253 253 253 253 253 253 253 253 253 253 253 253 253 253 254 253 253 253 253 253 253 253 253 253 253 253 253 253 253 253 253 253 253 253 253 253 253 253 253 253 253 254 254 254 255 255 255 254 254 254 254 254 254 254 254 254 254 254 254 254 254 254 254 254 254 254 254 254 254 254 254 254 254 254 254 254 254 254 254 254 254 254 254 254 254 254 254 254 254 254 254 253 253 253 253 253 253 253 253 253 253 253 253 253 253 253 253 253 253 253 253 253 253 253 252 252 252 253 253 253 252 252 252 252 252 252 252 252 252 252 252 252 253 252 252 252 252 251 251 252 252 253 253 253 253 253 253 253 253 254 254 254 253 253 254 254 254 254 254 254 254 254 254 254 254 254 253 253 253 253 252 252 251 250 251 251 251 251 251 251 251 251 251 251 251 251 251 251 251 251 250 249 249 249 249 249 248 249 248 248 249 249 249 249 249 249 248 248 248 248 249 248 249 248 248 248 248 247 247 247 247 247 247 247 247 247 247 247 247 247 247 247 246 246 246 245 245 245 245 245 245 245 245 245 245 245 245 245 245 244 245 245 245 244 244 250 250 251 251 252 251 251 252 251 250 251 251 251 251 251 251 251 252 253 252 252 252 252 252 252 253 253 253 253 253 253 254 254 253 253 253 252 252 252 253 253 253 253 252 252 252 252 252 252 252 252 253 253 253 252 252 252 253 253 253 253 253 253 253 253 253 254 253 253 254 253 253 253 253 253 253 253 253 253 253 253 253 253 253 253 253 254 254 253 253 252 252 252 253 253 253 253 252 253 253 253 253 253 253 253 253 253 253 253 253 254 253 253 253 253 253 253 253 253 253 253 253 253 254 254 253 253 253 253 253 253 253 253 253 253 253 253 253 253 253 253 253 253 253 253 253 253 253 253 253 253 252 253 253 252 253 253 253 253 254 254 254 255 255 254 254 254 254 254 254 254 254 254 254 254 254 254 254 254 254 254 254 254 254 254 254 254 254 254 254 254 254 254 254 254 254 254 254 254 254 254 254 254 254 254 254 254 254 254 253 253 253 253 253 253 253 253 253 253 253 253 253 253 253 253 253 253 253 253 253 253 253 253 252 252 253 253 253 253 252 252 252 252 252 252 252 252 252 252 252 252 252 253 253 252 252 252 252 252 252 252 253 253 253 253 253 253 253 254 254 254 253 253 253 253 253 254 254 254 254 254 254 254 254 254 254 254 253 253 252 251 250 251 251 251 251 251 251 251 251 251 250 251 251 251 251 251 251 250 249 248 248 249 249 249 249 249 249 248 249 249 249 248 248 248 248 248 248 249 248 248 248 248 248 248 247 247 247 247 247 247 247 247 247 247 247 247 247 247 246 246 246 245 245 245 245 245 245 245 245 245 245 245 245 245 245 244 244 244 245 245 245 245 250 250 250 250 250 251 252 251 250 250 250 251 250 250 251 251 251 252 253 253 252 252 252 252 252 252 252 253 253 253 253 253 253 253 253 252 252 252 252 252 253 253 253 252 252 252 253 252 252 253 253 253 253 252 252 253 253 253 253 253 253 253 253 253 253 253 253 253 254 253 253 253 253 253 253 253 253 253 253 253 253 253 253 253 253 253 253 253 253 253 253 252 252 252 253 252 252 252 253 253 253 253 253 253 253 253 253 253 253 253 253 253 254 253 253 253 253 253 253 253 253 253 253 254 253 253 253 253 253 253 253 253 253 253 252 253 253 253 253 253 253 253 253 253 253 253 253 253 253 253 253 253 253 253 253 252 252 252 254 254 254 254 255 254 254 254 254 254 254 254 254 255 254 254 254 254 254 254 254 254 254 254 254 254 254 254 254 254 254 254 254 254 254 254 254 254 254 254 254 254 254 254 253 254 254 254 254 254 253 253 253 253 253 253 253 253 253 253 253 253 253 253 253 253 253 253 253 253 253 253 253 253 253 253 253 253 253 253 253 252 252 252 252 252 252 252 253 252 252 252 252 252 252 253 252 253 253 253 253 253 253 252 253 253 253 253 253 253 253 253 253 253 253 253 254 254 254 254 254 254 253 254 254 254 254 254 254 253 253 252 251 250 251 251 251 252 251 252 251 251 250 251 251 251 251 251 251 250 249 249 249 249 249 249 249 249 249 248 248 249 249 248 248 248 248 248 249 248 248 248 248 248 248 248 248 247 247 247 247 247 247 247 247 247 247 247 247 247 246 246 245 245 245 245 245 245 245 245 245 245 245 245 245 245 244 244 244 245 245 245 245 245 250 251 251 250 251 250 251 251 251 252 252 253 253 253 252 252 251 252 252 253 253 253 253 253 253 253 253 253 253 253 252 252 253 252 253 253 253 252 252 253 253 252 252 253 253 252 252 253 253 253 253 253 253 253 253 253 253 253 253 253 253 254 254 253 253 253 253 253 253 253 253 253 253 253 253 253 253 253 253 253 253 253 253 253 253 253 252 252 252 252 252 253 253 253 253 253 253 253 253 253 253 253 253 253 253 253 253 253 253 253 253 253 253 253 253 253 253 253 253 253 253 253 253 253 253 253 253 253 252 253 253 253 253 253 253 253 253 253 253 253 253 253 253 253 253 253 253 253 253 252 252 254 254 254 254 255 255 255 254 254 254 254 254 254 254 254 254 254 254 254 254 254 254 254 254 254 254 254 254 254 254 254 254 254 254 254 254 254 254 254 254 254 254 254 254 253 253 254 253 254 254 253 253 253 253 253 253 253 253 253 253 253 253 253 253 253 253 253 253 253 253 253 253 253 253 253 253 253 253 253 253 253 252 252 253 252 252 252 252 253 253 253 253 253 253 252 252 252 252 253 253 254 254 253 253 253 253 253 253 253 253 253 253 253 254 254 253 253 253 254 254 254 254 253 254 254 254 254 254 254 253 253 252 251 250 251 251 251 251 251 252 251 251 251 251 251 251 251 250 251 251 250 249 249 249 249 249 249 249 249 249 248 248 248 248 248 248 248 249 249 249 248 248 248 248 248 248 248 247 247 247 247 247 247 247 247 247 247 247 247 246 246 246 246 245 245 246 246 245 245 245 245 245 245 245 245 245 244 244 245 245 245 245 245 245 245 251 251 250 250 251 251 252 252 251 251 252 253 253 252 252 251 252 253 253 253 253 253 253 253 253 253 253 253 253 253 252 252 253 253 253 253 253 252 252 253 252 252 253 253 253 253 252 252 253 253 253 253 253 253 253 253 253 253 253 253 253 253 253 253 254 253 253 253 253 253 253 253 253 253 253 253 253 253 253 253 253 253 253 253 253 253 252 252 252 252 252 252 252 253 253 253 253 253 253 253 253 253 253 253 253 253 253 253 253 253 253 253 253 253 253 253 253 253 253 253 253 253 253 253 253 253 253 253 253 253 253 253 253 253 253 253 253 253 253 253 253 253 253 253 253 253 253 253 253 252 254 254 254 254 254 254 254 254 254 254 255 255 254 254 254 254 254 254 254 254 254 254 254 254 254 254 254 254 254 254 254 254 254 254 254 254 254 254 254 254 254 254 254 254 253 253 253 253 253 253 253 253 253 253 253 253 253 253 253 253 253 253 253 253 253 253 253 253 253 253 253 253 253 253 253 253 253 253 253 253 253 253 252 253 253 253 253 253 253 253 253 253 253 252 252 252 252 253 253 253 253 253 253 254 254 253 253 254 254 254 254 253 253 253 254 254 254 253 254 254 254 254 254 254 254 254 254 254 254 253 253 252 251 250 251 251 251 251 251 251 251 251 251 251 251 251 251 250 250 251 250 250 249 249 249 249 249 249 249 249 249 248 248 248 248 248 248 248 248 249 248 248 248 248 248 248 247 247 247 247 247 247 247 247 247 247 247 247 246 246 246 246 246 246 246 246 246 245 245 245 245 245 245 245 245 245 245 245 245 245 245 245 245 250 250 250 250 250 250 251 251 251 251 252 252 253 252 252 251 252 252 253 253 253 253 252 253 253 253 253 253 253 253 253 253 252 253 253 253 253 253 253 252 252 253 253 253 253 253 252 253 253 253 253 253 253 253 253 253 253 253 253 253 253 253 253 253 254 253 253 253 253 253 253 253 253 253 253 253 253 253 253 253 253 253 253 253 253 253 253 252 252 252 252 252 252 252 253 253 253 253 253 253 253 253 253 253 253 253 253 253 253 253 253 253 253 253 253 253 253 253 253 253 253 253 253 253 253 253 253 253 253 253 253 253 253 253 253 253 253 253 253 253 253 253 253 253 253 253 253 253 253 253 254 254 254 254 254 254 254 254 254 255 255 254 254 254 254 254 254 254 254 254 254 254 254 254 254 255 254 254 254 254 254 254 254 254 254 254 254 254 254 254 254 254 254 254 254 253 253 253 253 253 253 253 253 253 253 253 253 253 253 253 253 253 253 253 253 253 253 253 253 253 253 253 253 253 253 253 253 253 252 252 252 253 252 252 253 253 253 253 252 253 253 253 253 253 253 253 253 253 253 253 254 254 253 253 254 254 254 254 254 254 254 254 253 253 253 254 254 254 254 254 254 254 254 254 254 254 254 254 254 253 253 253 251 250 250 251 251 251 251 251 251 251 251 251 251 251 251 251 250 251 250 250 250 250 249 249 249 249 249 249 249 248 248 248 248 248 248 249 248 248 248 248 248 248 248 247 247 247 247 247 247 247 247 247 247 247 247 247 246 246 246 246 246 246 246 246 246 246 246 245 245 246 245 245 245 245 245 250 251 250 251 251 252 251 252 253 252 252 251 252 252 252 253 253 253 252 252 253 253 253 253 253 252 252 252 253 253 252 252 253 253 252 253 253 253 253 253 253 252 252 252 253 253 253 253 253 253 253 253 253 253 253 253 253 253 253 253 253 253 253 253 253 253 253 253 253 253 253 253 253 253 253 253 253 253 253 253 253 253 253 253 253 253 253 253 253 252 252 253 253 253 253 253 253 253 253 253 253 253 253 253 253 253 253 253 253 253 253 253 253 253 253 253 253 253 253 253 253 253 253 253 253 253 253 253 253 253 253 253 253 253 253 253 253 253 253 253 253 253 253 253 253 254 254 254 254 255 255 254 254 254 254 254 254 254 254 254 254 254 254 254 254 254 254 254 254 254 254 254 254 254 254 254 254 254 254 254 254 254 254 254 254 254 254 254 254 254 254 254 253 253 253 253 253 253 253 253 253 253 253 253 253 253 253 253 253 253 253 253 253 253 253 253 253 253 253 253 253 253 253 253 252 252 253 253 252 252 252 252 252 252 253 252 253 253 253 253 253 253 253 254 254 254 254 254 254 253 254 254 254 254 254 254 254 254 254 253 254 254 254 254 254 254 254 254 254 254 254 254 254 254 253 253 253 252 251 250 250 251 251 251 251 251 252 252 252 252 251 251 251 250 250 249 249 250 250 250 249 249 249 249 249 249 249 249 248 248 248 249 249 249 248 248 248 248 248 247 247 247 247 247 247 247 247 247 247 247 247 247 246 246 246 246 246 246 246 246 246 246 246 246 246 245 245 245 246 250 250 250 250 250 251 251 251 252 252 252 251 252 252 252 253 253 253 253 253 252 252 253 253 253 253 252 252 252 253 253 252 252 252 253 252 253 252 253 253 252 252 252 253 253 253 253 253 253 253 253 253 253 253 253 253 253 253 253 253 253 253 253 253 253 253 253 253 253 253 253 253 253 253 253 253 253 253 253 253 254 254 253 253 253 253 252 253 253 253 253 253 253 253 253 253 253 253 253 253 253 253 253 253 253 253 253 253 253 253 253 253 253 253 253 253 252 252 253 253 253 253 253 253 253 253 253 253 253 253 253 253 253 253 253 253 253 253 253 253 253 253 253 253 253 253 254 254 254 255 255 255 255 254 254 254 254 254 254 254 254 254 254 254 254 254 254 255 254 254 255 254 254 254 255 254 254 254 254 254 254 254 254 254 254 254 254 254 254 254 254 254 254 253 253 253 253 253 253 253 253 253 253 253 253 253 253 253 253 253 253 253 253 253 253 253 253 253 253 253 253 253 253 253 253 253 253 253 253 252 252 252 253 253 253 252 252 252 252 253 253 253 253 253 254 254 254 254 254 254 254 254 254 253 253 253 254 254 254 254 254 255 255 254 254 254 254 254 254 254 254 254 254 254 254 254 253 253 252 251 250 251 251 251 251 251 251 252 251 251 251 251 251 251 251 251 249 249 250 250 250 249 249 249 249 249 249 249 249 248 248 248 249 249 248 248 248 248 248 248 248 247 247 247 247 247 247 247 247 247 247 247 246 246 246 247 247 247 247 247 247 246 246 246 246 246 246 246 246 246 246 250 251 251 251 250 250 250 251 252 252 252 251 252 252 252 252 253 253 253 253 253 252 252 252 253 253 253 253 252 252 253 253 252 252 253 252 252 253 252 253 253 252 252 253 253 253 253 253 253 253 253 253 253 253 252 253 253 253 253 253 253 253 253 253 253 253 253 253 253 253 253 253 253 253 253 253 253 253 253 253 253 253 253 253 253 253 252 252 253 253 253 253 253 253 253 253 253 253 253 253 253 253 253 253 253 253 253 253 253 253 253 252 252 252 252 252 252 252 252 253 253 253 253 253 253 253 253 253 253 253 253 253 253 253 253 253 253 253 253 253 253 253 253 253 253 253 254 255 255 255 255 254 254 254 254 254 254 254 254 254 254 254 254 254 254 254 254 254 254 254 254 254 254 255 254 254 254 254 254 255 255 254 254 254 254 254 254 254 254 254 254 254 254 253 253 253 253 253 253 253 253 253 253 253 253 253 253 253 253 253 253 253 253 253 253 253 253 253 253 253 253 253 253 253 253 253 253 253 253 253 253 253 253 253 253 252 253 253 253 253 253 253 253 253 253 253 253 254 254 254 254 254 254 254 254 254 253 254 254 255 255 255 255 254 254 254 254 254 254 254 254 254 254 254 254 253 253 253 252 251 251 251 251 251 251 251 251 252 252 251 251 251 251 251 251 251 250 250 249 250 250 250 249 249 249 249 249 249 248 248 248 248 248 248 248 248 248 248 248 248 248 248 248 247 247 247 247 247 247 247 247 246 247 246 247 247 247 247 247 247 247 246 246 246 246 246 246 246 246 246 246 250 251 252 251 251 250 251 251 252 251 251 252 252 251 252 252 252 253 253 253 253 252 252 252 253 252 253 253 252 252 252 252 252 252 252 252 252 252 253 253 253 253 253 253 253 253 253 253 253 253 253 253 253 253 253 253 252 253 253 253 253 253 253 253 253 253 253 253 253 253 253 253 253 253 253 253 253 253 253 253 253 253 253 253 253 252 252 252 252 253 253 253 253 253 253 253 253 253 253 253 253 253 253 253 253 253 253 253 253 253 253 252 252 252 252 252 252 252 253 253 253 253 253 253 253 253 253 253 253 253 253 253 253 253 253 253 253 253 253 253 253 253 253 253 253 255 255 255 255 255 255 254 254 254 254 254 254 254 254 254 254 254 254 254 254 254 255 254 254 254 255 254 255 255 254 254 254 255 254 254 254 254 254 254 254 254 254 254 254 254 254 253 253 253 253 253 253 253 253 253 253 253 253 253 253 253 253 253 253 253 253 253 253 253 253 253 253 253 253 253 253 253 253 253 253 253 253 253 253 253 253 253 253 253 253 253 253 253 253 253 253 253 253 253 253 254 254 255 254 254 254 254 254 254 254 254 254 254 255 254 254 254 254 254 254 254 254 254 254 254 254 254 253 253 253 252 252 252 251 251 251 251 251 251 251 251 252 252 251 251 251 251 251 251 251 250 250 249 249 250 250 250 249 249 249 249 249 249 249 249 248 248 249 248 248 248 248 248 248 248 248 248 248 247 247 247 247 247 247 247 247 247 247 247 247 247 247 247 247 247 247 247 246 246 246 246 246 246 246 250 250 250 251 251 251 251 251 251 250 250 251 251 251 251 251 251 252 252 253 253 253 253 253 253 253 252 252 252 252 252 252 252 252 252 252 252 252 252 252 253 252 253 253 253 253 253 253 253 253 253 253 253 253 253 253 253 253 253 252 252 252 252 252 252 253 253 253 253 253 253 253 253 253 253 253 253 253 253 253 253 253 253 253 253 253 253 253 253 253 252 252 253 253 253 252 253 253 253 253 253 253 253 253 253 253 253 253 253 253 253 253 253 253 253 253 253 253 253 253 253 253 253 253 253 253 253 253 253 253 253 253 253 253 253 253 253 253 253 253 253 253 253 253 253 253 253 253 255 255 255 255 255 255 254 254 254 254 254 254 254 254 254 254 255 255 254 254 255 255 254 255 255 255 255 255 255 255 255 255 255 255 254 254 254 254 254 254 254 254 254 254 254 254 254 253 253 253 253 253 253 253 253 253 253 253 253 253 253 253 253 253 253 253 253 253 253 253 253 253 253 253 253 253 253 253 253 253 253 253 253 253 253 253 253 253 253 253 253 254 253 253 253 253 253 253 253 253 254 254 254 254 254 255 255 255 254 254 255 255 254 255 255 254 254 254 254 254 254 254 254 254 254 254 253 253 253 252 252 252 252 252 251 251 251 251 251 251 251 251 251 251 251 251 251 251 251 251 250 250 250 249 249 250 250 250 249 249 249 249 249 249 249 248 248 249 249 248 248 248 248 248 248 248 248 248 248 248 247 247 247 247 247 247 247 247 247 248 247 247 247 250 252 251 250 250 250 250 251 251 251 252 252 251 251 250 251 251 251 251 251 252 252 252 253 253 252 252 252 252 252 252 252 252 252 252 253 253 252 252 252 252 252 252 252 252 252 252 253 253 253 253 253 253 253 253 253 253 253 253 253 254 253 253 253 253 253 253 253 253 252 252 253 253 253 253 253 253 253 253 253 253 253 253 253 253 253 253 253 253 253 253 253 253 253 253 253 253 253 252 252 252 253 253 253 253 252 252 252 253 253 253 253 253 253 253 253 253 254 254 253 253 253 253 253 253 253 253 253 253 253 253 253 253 253 253 253 253 253 253 253 253 253 253 253 253 253 253 253 253 253 253 253 255 255 255 255 255 255 254 254 254 254 254 254 254 254 254 254 255 254 254 254 255 255 254 254 254 255 255 255 255 255 255 255 255 255 255 254 254 254 254 254 254 254 254 254 254 254 254 253 253 253 253 253 253 253 253 253 253 253 253 253 253 253 253 253 253 253 253 253 253 253 253 253 253 253 253 252 252 252 252 252 253 253 253 253 253 253 253 253 254 254 254 254 254 253 253 253 253 254 254 254 254 254 254 254 254 254 255 254 254 254 254 254 255 255 254 254 254 254 254 254 254 254 254 254 254 254 254 253 253 253 253 253 253 252 251 251 251 251 251 251 251 251 251 251 251 251 251 251 251 251 250 250 250 250 249 249 249 250 249 249 249 249 249 249 249 249 249 249 249 248 248 248 248 248 248 248 248 248 248 247 247 247 247 247 247 247 247 247 248 250 252 253 251 250 249 250 250 249 251 251 250 251 251 250 250 251 252 252 251 251 251 251 251 251 251 251 251 251 251 252 252 253 253 252 252 252 252 252 252 252 252 252 252 252 253 253 252 252 252 252 252 252 252 252 252 252 252 252 253 253 253 253 253 253 253 253 253 253 253 253 253 253 253 253 253 253 253 252 252 252 253 253 253 253 253 253 253 253 253 253 253 253 253 253 253 253 253 253 253 253 253 253 253 253 253 253 253 253 252 253 253 253 253 253 253 253 252 252 253 253 253 253 253 253 254 254 253 253 253 253 253 253 253 253 253 253 253 253 253 253 253 253 253 253 253 253 253 253 253 253 253 253 253 253 253 253 253 253 253 253 255 255 254 254 255 254 254 254 254 254 254 254 254 254 254 255 255 255 255 255 255 254 254 254 255 255 255 255 254 254 254 254 254 254 255 254 254 254 254 254 254 254 254 254 254 254 254 254 253 253 253 253 253 253 253 253 253 253 253 253 253 253 253 253 253 253 253 253 253 253 253 253 253 253 252 252 253 253 253 253 252 252 252 253 253 253 253 254 253 254 254 253 253 253 253 253 253 254 254 254 255 254 255 255 254 254 254 254 254 254 254 254 254 255 255 254 254 254 254 254 254 254 254 254 254 254 253 253 254 254 254 253 253 252 251 251 251 251 251 251 251 251 251 251 251 251 251 251 251 251 250 250 250 250 249 249 249 249 249 249 249 250 250 250 249 249 249 249 249 249 248 248 248 248 248 248 248 248 247 247 247 247 247 247 247 247 247 248 248 250 251 253 253 252 250 252 252 252 250 249 251 251 251 251 251 251 251 252 252 252 251 251 251 250 251 251 252 251 251 251 251 252 252 253 253 252 253 252 253 253 253 253 253 253 253 253 253 252 252 252 252 252 252 252 252 252 252 252 252 252 252 253 253 253 252 253 253 253 252 253 253 253 253 253 253 253 253 253 253 253 253 252 252 252 253 253 253 253 253 253 253 253 252 253 253 253 253 253 253 253 253 253 253 253 253 253 253 253 253 253 253 253 253 253 253 253 253 253 253 253 253 253 253 253 253 253 253 253 253 253 253 253 253 253 253 253 253 253 253 253 253 253 253 253 253 253 253 253 253 253 253 253 253 253 253 253 253 253 253 253 253 253 255 255 254 254 254 254 254 254 255 254 254 254 254 254 254 254 254 254 255 255 254 255 255 255 255 255 255 255 254 254 254 254 254 254 254 254 254 254 254 254 254 254 254 254 254 254 254 254 254 254 253 253 253 253 253 253 253 253 253 253 253 253 253 253 253 253 253 253 253 253 253 253 253 252 252 252 253 253 253 253 253 253 253 253 253 254 254 253 253 254 254 253 253 253 253 254 254 254 254 254 254 255 255 255 255 255 255 254 254 254 254 254 255 255 255 254 254 254 254 254 254 254 254 254 254 254 254 254 254 254 253 253 253 252 251 251 251 251 251 251 251 251 251 251 251 252 251 251 251 251 250 250 250 250 250 249 249 249 249 249 249 249 250 250 249 249 249 249 249 249 248 248 248 248 248 248 248 248 248 247 247 247 247 247 247 247 247 247 248 250 251 252 252 252 251 253 253 253 251 250 250 250 250 251 251 251 251 250 251 251 251 251 251 252 252 252 252 251 251 251 251 251 252 252 251 251 251 251 251 252 253 252 253 253 253 253 253 253 253 253 253 253 253 253 252 252 253 253 252 252 252 252 252 252 252 252 253 253 253 253 253 253 252 253 253 253 253 253 253 253 253 252 252 253 253 253 253 252 252 253 253 253 253 253 253 253 253 253 252 252 253 253 253 253 253 253 253 253 253 253 253 253 253 253 253 253 253 253 253 253 253 253 254 253 253 253 253 253 253 254 253 253 253 253 253 253 253 253 253 253 253 253 253 253 253 253 253 253 253 253 253 253 253 253 253 253 253 253 253 253 253 253 253 253 253 253 253 254 254 254 254 255 254 254 254 255 254 254 254 254 254 254 254 254 254 255 255 255 255 255 255 255 254 255 255 255 254 254 254 254 254 254 254 254 254 254 254 254 254 254 254 254 254 254 254 254 254 253 253 253 253 253 253 253 253 253 253 253 253 253 253 253 253 253 253 253 253 253 253 253 252 252 253 253 253 253 252 253 253 253 254 254 253 253 253 253 253 254 253 253 253 253 253 253 254 254 254 254 255 255 255 255 255 255 255 255 255 255 255 255 255 255 255 254 254 254 254 255 254 254 254 254 254 254 254 254 253 253 253 252 252 252 251 251 251 251 251 251 251 251 251 251 252 251 251 251 251 250 250 250 250 250 250 249 249 249 249 249 250 250 249 249 249 249 249 249 249 248 248 248 248 248 248 248 248 248 248 248 248 248 247 247 247 247 248 248 250 251 251 252 252 253 254 254 252 252 252 252 251 250 250 251 251 251 251 251 251 251 251 251 251 251 251 252 251 251 251 251 251 251 252 252 252 251 251 252 251 252 252 252 252 252 253 253 252 252 252 252 252 252 252 252 252 252 253 253 253 253 252 252 252 252 252 252 253 252 253 253 253 253 253 252 253 253 253 252 253 253 253 253 253 252 252 252 252 253 253 252 252 253 253 253 253 253 253 253 253 253 252 253 253 253 253 253 253 253 253 253 253 253 253 253 253 252 253 253 253 253 253 253 253 254 254 253 253 254 254 254 254 254 253 253 253 253 253 253 253 253 253 253 253 253 253 253 253 253 253 253 253 253 253 253 253 253 253 253 253 253 253 253 253 253 253 253 253 253 254 254 254 255 254 254 254 254 254 255 254 254 254 254 255 255 255 255 255 255 255 255 255 255 255 255 254 254 254 254 254 254 254 254 255 254 254 254 254 254 254 254 254 254 254 254 254 254 254 254 253 253 253 253 253 253 253 253 253 253 253 253 253 253 253 253 253 253 253 253 253 253 253 253 253 253 253 252 252 252 253 253 253 253 253 253 253 253 254 253 253 253 253 253 253 253 253 254 254 254 254 254 254 254 254 255 255 255 255 255 255 255 255 255 255 255 255 254 254 254 254 254 254 254 254 254 253 253 253 253 253 252 252 252 251 251 251 251 252 251 251 251 251 252 252 252 251 251 251 251 250 250 250 250 250 250 249 250 250 249 250 250 250 249 249 249 249 249 249 249 248 249 249 248 248 248 248 248 248 248 248 248 247 247 247 248 248 248 248 248 251 252 252 252 253 253 253 253 252 252 252 250 250 250 249 249 251 251 251 251 251 251 251 251 251 251 251 251 251 252 252 251 251 251 251 252 252 252 252 251 252 252 252 252 252 252 253 252 252 252 252 252 252 252 252 252 252 252 252 252 252 253 253 253 253 252 252 252 252 252 252 252 253 253 252 253 252 252 253 253 252 252 252 253 253 253 253 253 252 252 252 252 252 252 252 253 253 253 253 253 253 253 253 253 253 253 253 253 253 253 253 253 253 253 253 253 253 253 253 253 253 253 253 253 253 253 253 253 253 253 253 253 253 254 254 254 253 253 253 253 253 253 253 252 253 252 253 253 253 253 253 253 253 253 253 253 253 253 253 253 253 253 253 253 253 253 253 253 253 253 253 253 255 254 254 254 254 254 254 254 254 254 254 254 254 254 254 255 254 255 255 255 255 255 255 255 255 255 254 254 254 254 254 254 254 254 254 254 254 254 254 254 254 254 254 254 254 254 254 254 254 254 253 253 253 253 253 253 253 253 253 253 253 253 253 253 253 253 253 253 253 253 253 253 253 253 253 253 253 252 252 253 253 253 253 253 253 253 253 253 253 253 253 253 253 253 253 253 253 254 254 254 255 255 255 255 255 254 255 255 255 254 255 255 255 255 255 255 254 254 254 254 254 254 254 254 254 254 254 254 253 252 252 253 252 252 251 251 252 252 252 252 251 251 251 251 251 252 252 251 251 251 250 250 250 250 250 250 250 250 250 250 250 250 250 249 249 249 249 249 249 249 249 248 248 248 248 248 248 248 248 248 248 247 247 247 247 247 247 248 248 250 252 252 252 253 253 252 253 253 252 252 251 250 251 252 252 251 251 251 251 250 250 250 250 250 250 250 250 250 250 250 250 250 250 251 251 251 251 251 251 250 251 251 251 251 251 251 251 251 251 251 251 251 252 252 252 252 252 252 252 252 253 253 253 253 253 252 252 252 251 251 252 252 252 252 252 252 252 252 252 252 253 253 253 253 253 252 252 252 253 253 253 252 252 252 252 253 253 252 252 253 253 253 253 253 253 253 253 253 252 252 252 252 252 252 253 253 253 253 253 253 253 252 252 253 253 253 253 253 253 253 253 253 253 253 253 253 253 253 253 253 253 253 253 253 253 253 253 253 253 253 254 254 254 254 253 253 253 253 253 253 253 253 253 253 253 253 253 253 253 253 253 253 253 253 253 253 253 253 253 253 253 253 253 253 253 253 253 253 253 255 255 254 254 254 254 254 255 254 254 255 255 254 254 254 254 254 254 255 254 255 255 255 255 255 254 254 255 254 254 254 254 254 254 254 254 254 254 254 254 254 254 254 254 254 254 254 254 254 254 253 253 253 253 253 253 253 253 253 253 253 253 253 253 253 253 253 253 253 253 253 253 253 253 253 253 253 253 253 253 253 253 253 253 253 252 253 253 252 252 252 252 253 253 253 254 254 254 254 254 255 255 255 255 255 255 254 254 254 255 255 255 255 255 255 254 254 254 254 254 254 254 253 253 253 253 253 253 253 253 252 252 252 252 251 252 252 252 252 252 251 251 251 251 252 252 251 251 251 251 250 250 250 250 250 250 250 250 250 249 249 250 250 249 249 249 249 249 249 249 249 249 248 248 248 248 248 248 248 248 248 248 248 248 248 248 248 248 248 251 253 253 252 252 253 252 252 251 250 250 251 252 252 253 253 252 252 252 251 251 251 252 252 251 251 250 250 250 251 250 251 251 251 251 252 251 251 250 250 250 251 251 251 251 251 251 251 251 251 251 251 251 251 251 251 251 252 252 253 253 253 253 253 252 252 252 252 252 252 252 252 252 252 252 252 252 252 252 252 253 253 253 253 252 252 252 252 253 252 252 252 253 253 253 252 252 252 253 253 253 253 253 253 253 253 253 253 253 252 252 252 252 252 252 253 253 253 253 253 253 253 253 253 253 253 253 253 253 253 253 253 253 253 253 253 253 253 253 253 253 253 253 253 253 253 253 253 253 254 254 254 254 254 253 253 253 253 253 253 253 253 253 253 253 253 253 253 253 253 253 253 253 253 253 253 253 253 253 253 253 253 253 253 253 253 253 253 255 255 255 254 254 254 254 255 255 255 255 255 254 255 254 254 254 254 254 254 254 255 255 255 255 255 254 254 254 254 254 254 254 254 254 254 254 254 254 254 254 254 254 254 254 254 254 254 254 254 253 253 253 253 253 253 253 253 253 253 253 253 253 253 253 253 253 253 253 253 253 253 253 253 253 253 253 253 253 253 253 253 253 253 253 253 254 253 253 253 253 253 252 253 253 253 253 254 254 254 254 255 255 255 255 255 255 255 255 255 255 255 255 255 254 254 253 253 253 254 254 254 253 253 253 253 254 254 253 253 252 252 251 251 252 252 252 252 252 252 252 251 251 251 252 251 251 251 251 251 250 250 250 250 250 250 250 250 250 249 250 250 250 250 249 249 249 249 249 249 249 249 249 248 248 248 248 248 248 248 248 248 248 248 248 248 248 248 248 252 252 252 253 253 252 251 251 251 251 251 251 252 253 253 253 253 253 252 253 253 253 253 252 252 252 251 251 251 251 251 251 251 251 251 252 252 251 251 250 251 251 251 251 251 251 251 251 251 251 251 251 251 251 251 252 252 252 253 253 253 253 253 253 252 252 252 252 252 252 252 252 252 252 252 252 252 252 253 252 252 252 253 252 252 251 252 252 252 252 252 253 253 252 252 252 252 253 253 253 253 253 253 253 253 253 253 253 253 252 252 252 252 252 252 253 253 253 253 253 253 253 253 253 253 253 253 253 253 253 253 253 253 253 253 253 253 253 253 253 253 253 253 253 253 253 253 253 253 253 254 253 254 254 253 253 254 254 253 253 253 253 253 253 253 253 253 253 253 253 253 253 253 253 253 253 253 253 253 253 253 253 253 253 253 253 253 255 255 255 254 254 254 254 255 255 255 255 255 255 255 254 254 254 254 254 254 254 255 254 254 254 254 254 254 254 254 254 254 254 254 254 254 254 254 254 254 254 254 254 254 254 254 254 254 254 254 253 253 253 253 253 253 253 253 253 253 253 253 253 253 253 253 253 253 253 253 253 253 253 253 253 253 253 253 253 253 253 253 252 252 253 253 254 254 253 254 253 253 253 253 253 254 254 254 254 254 254 254 254 254 255 255 255 255 255 255 255 254 255 254 254 253 253 254 254 254 254 253 253 252 253 253 253 253 253 252 252 252 252 251 252 252 252 252 252 252 252 252 251 251 251 252 251 251 251 251 250 250 250 250 250 250 250 250 249 250 249 249 250 249 249 249 249 249 249 249 249 249 249 249 249 248 248 248 248 248 248 248 248 248 248 248 248 248 248 252 252 253 254 253 252 251 251 251 251 251 252 253 253 254 253 253 253 253 253 253 253 253 253 253 252 252 252 252 251 250 251 251 251 252 252 250 251 251 251 251 251 251 251 251 251 251 251 251 251 251 251 251 251 251 251 252 252 252 253 253 253 252 252 252 252 252 252 252 252 252 252 252 252 252 252 252 252 253 252 252 252 252 252 252 252 252 253 253 252 252 252 252 252 252 253 253 252 252 253 253 252 252 252 252 253 253 252 252 252 252 252 252 252 252 253 253 253 253 253 253 253 253 253 253 253 253 253 253 253 253 253 253 253 253 253 253 253 253 253 253 253 253 253 253 253 253 253 253 253 253 253 254 254 254 254 254 253 253 253 253 253 253 253 253 253 253 253 253 253 253 253 253 253 253 253 253 253 253 253 253 253 253 253 253 253 255 255 254 254 254 254 254 254 255 255 255 255 255 255 255 254 254 254 254 255 255 255 254 254 254 254 254 255 255 254 254 254 254 254 254 254 254 254 254 254 254 254 254 254 254 254 254 254 254 254 253 253 253 253 253 253 253 253 253 253 253 253 253 253 253 253 253 253 253 253 253 253 253 253 253 253 253 253 253 253 253 253 252 253 253 253 253 254 254 253 254 254 253 253 253 254 254 254 254 254 254 254 254 254 254 255 255 255 255 255 254 254 254 253 253 253 253 254 254 254 254 253 253 252 252 253 253 253 252 252 252 252 251 251 252 252 252 252 252 252 252 252 252 251 251 251 251 251 251 251 250 250 250 250 250 250 250 250 249 249 249 249 249 249 249 249 249 249 249 249 249 249 249 249 248 248 248 248 248 248 248 248 248 248 248 248 248 253 253 254 254 253 253 253 252 252 253 252 253 254 254 253 253 253 254 254 253 253 254 253 253 253 252 252 251 251 251 251 251 251 252 251 250 251 251 251 251 251 250 251 251 251 251 251 251 251 252 252 251 251 252 252 252 252 253 253 253 253 253 252 252 252 252 252 252 252 252 252 252 252 252 252 252 252 252 253 252 252 252 252 252 252 252 252 253 253 253 252 252 252 253 253 253 252 252 252 253 253 252 253 253 253 253 253 253 252 252 252 252 252 252 253 253 252 253 253 253 253 253 253 253 253 253 253 253 253 253 253 253 253 253 253 253 253 253 253 253 253 253 253 253 253 253 253 253 253 253 253 253 254 253 253 253 253 253 253 253 253 253 253 253 253 253 253 253 253 253 253 253 253 253 253 253 253 253 253 253 253 253 253 253 253 255 255 255 255 255 255 254 254 254 254 255 255 255 255 255 254 254 254 254 255 255 255 255 254 254 254 255 255 255 254 254 254 254 254 254 254 254 254 254 254 254 254 254 254 254 254 254 254 254 254 253 253 253 254 253 253 253 253 253 253 253 253 253 253 253 253 253 253 253 253 253 253 253 253 253 253 253 253 253 253 253 253 253 252 253 253 253 253 253 253 254 253 253 253 254 254 254 253 254 254 255 254 254 254 255 255 255 255 255 254 254 254 254 253 254 254 254 254 254 254 253 253 253 253 253 252 253 252 252 252 252 252 251 252 252 252 252 252 252 252 252 252 252 252 252 252 251 251 251 251 250 250 250 250 250 250 250 250 250 249 249 249 249 249 249 249 249 249 249 249 249 249 249 249 248 248 248 248 248 248 248 248 248 248 248 248 248 254 254 253 253 253 253 253 253 253 253 253 254 254 253 253 254 254 254 254 254 254 254 253 253 253 252 252 252 253 253 252 252 252 252 251 250 251 251 252 251 251 251 251 252 252 252 252 252 252 252 252 252 252 252 252 252 252 252 252 252 253 253 252 252 252 252 252 252 252 252 252 252 252 252 252 252 252 252 253 253 252 252 252 252 252 253 253 253 253 253 252 252 253 253 253 253 252 252 252 252 252 253 253 252 252 253 253 253 251 251 251 252 252 253 253 252 252 253 253 253 253 253 253 253 253 253 253 253 253 253 253 253 253 253 253 253 253 253 253 253 253 253 253 253 253 253 253 253 253 253 253 253 253 253 253 253 253 253 253 253 253 253 253 253 253 253 253 253 253 253 253 253 253 253 253 253 253 253 253 253 253 253 253 253 255 255 255 255 255 255 255 254 254 254 255 255 255 255 255 254 254 254 254 254 255 255 255 254 254 254 254 255 255 254 254 254 254 254 254 254 254 254 254 254 254 254 254 254 254 254 254 254 254 253 253 253 253 254 254 253 253 252 252 253 253 253 253 253 253 253 253 253 253 253 253 253 253 253 253 253 253 253 253 253 253 253 252 253 253 253 253 254 254 253 253 253 253 254 254 254 253 253 254 254 255 255 254 255 255 255 255 255 255 255 254 254 253 253 254 254 254 254 254 253 253 253 253 253 253 253 252 253 252 252 252 252 252 252 252 252 252 252 252 252 252 252 252 252 252 251 251 251 251 251 250 250 250 250 250 250 250 250 250 249 249 249 249 249 249 249 249 249 249 249 249 248 248 248 248 248 248 248 248 248 248 248 248 248 248 248 248 254 254 253 253 254 254 253 253 253 253 253 253 253 254 253 254 254 254 254 254 254 254 254 254 253 253 253 253 253 254 253 253 253 253 252 251 251 251 252 252 252 253 252 253 253 253 253 253 253 253 253 253 252 252 252 252 252 252 252 252 253 253 253 253 253 252 252 252 252 252 252 252 252 252 252 252 252 252 252 253 253 253 252 252 252 252 252 252 253 253 253 253 253 253 253 253 253 253 252 252 252 252 253 252 251 251 251 251 252 252 252 252 252 252 252 252 252 252 252 253 253 253 253 253 253 253 253 253 253 253 253 253 253 253 253 253 253 253 253 253 253 253 253 253 253 253 253 253 253 253 253 253 253 253 253 253 253 253 253 253 253 253 253 253 253 253 253 253 253 253 253 253 253 252 252 253 253 253 253 253 253 253 253 253 255 255 255 255 255 255 255 255 255 254 254 255 255 255 255 254 254 254 254 254 254 255 255 255 254 254 254 254 255 254 254 254 254 254 254 254 254 254 254 254 254 254 254 254 254 254 254 254 254 253 253 253 253 253 253 253 253 252 253 253 253 253 253 253 253 253 253 253 253 253 253 253 253 253 253 253 253 253 253 253 253 253 253 253 253 253 253 253 254 254 253 253 253 254 253 253 253 253 253 253 254 254 254 254 255 255 255 255 255 254 254 254 253 253 253 254 254 253 253 253 253 253 253 253 253 253 252 252 252 252 252 252 252 252 252 252 252 252 252 252 252 252 252 251 251 251 251 251 252 251 250 251 251 250 250 250 250 250 250 249 249 249 249 249 249 249 249 249 249 249 249 249 249 249 249 249 248 248 248 248 248 248 248 248 248 248 248 254 253 253 253 253 253 253 254 253 253 253 253 253 254 254 254 254 254 254 254 254 254 254 254 253 253 253 254 254 254 254 253 253 253 252 252 252 253 253 253 253 253 253 253 253 253 253 253 253 253 253 252 252 252 252 252 252 252 252 252 253 253 253 252 252 252 253 253 252 252 252 252 252 252 252 252 252 252 252 253 252 252 252 252 252 253 253 253 253 253 253 253 253 253 252 252 252 252 252 252 251 251 252 252 251 251 252 253 254 253 252 252 252 252 252 252 252 252 252 252 252 253 253 253 253 253 253 253 253 253 253 253 253 253 253 253 253 253 253 253 253 253 253 253 253 253 253 253 253 253 253 253 253 253 253 253 253 253 253 253 253 253 253 253 253 253 253 253 253 253 253 253 252 252 253 253 253 253 253 253 253 253 253 255 255 255 255 255 255 255 255 255 254 255 255 255 255 255 255 254 254 254 254 254 254 254 254 254 254 254 254 254 254 254 254 254 254 254 254 254 254 254 254 254 254 254 254 254 254 254 254 253 254 253 253 253 253 253 253 253 252 252 253 253 253 253 253 253 253 253 253 253 253 253 253 253 253 253 253 253 253 253 253 253 253 253 253 253 253 253 253 253 253 253 253 253 253 254 253 253 253 253 253 254 254 254 254 255 255 255 255 255 255 255 254 254 253 252 253 254 253 253 253 253 253 253 253 253 253 253 253 252 252 252 252 252 252 252 252 252 252 252 252 252 252 252 251 251 252 252 252 252 251 250 250 250 250 250 250 250 250 250 250 249 249 249 249 249 249 249 249 249 249 249 249 249 249 249 248 248 248 248 248 248 248 248 248 248 248 248 253 253 253 253 253 253 253 253 253 253 253 253 253 254 254 254 254 254 254 254 254 254 254 254 254 254 254 254 254 254 254 254 253 253 253 253 253 253 253 253 253 253 253 253 253 253 253 253 253 253 253 253 252 252 252 252 252 253 253 252 252 252 253 252 252 252 252 252 252 252 252 252 252 252 252 252 252 252 252 252 252 252 253 253 253 253 253 253 253 253 253 253 253 253 253 252 252 252 253 252 252 253 253 252 252 252 252 253 253 253 252 252 252 252 252 252 252 253 253 252 252 253 253 253 253 253 253 253 253 253 253 253 253 253 253 253 253 253 253 253 253 253 253 253 253 253 253 253 253 253 253 253 253 253 253 253 253 253 253 253 253 253 253 253 253 253 253 252 252 253 253 252 252 253 253 253 253 253 252 253 253 253 255 255 255 255 255 255 255 255 255 255 255 255 255 255 255 254 254 254 254 254 254 254 254 254 254 254 254 254 254 254 254 254 254 254 254 254 254 254 254 254 254 254 254 254 254 254 254 254 254 254 253 253 253 253 253 253 253 253 252 253 253 253 253 253 253 253 253 253 253 253 253 253 253 253 253 253 253 253 253 253 253 253 253 253 253 253 253 253 253 253 253 253 253 253 253 253 253 253 253 253 254 254 254 254 254 254 255 255 255 255 255 255 254 254 253 252 253 254 253 252 253 252 253 253 253 252 252 253 252 252 252 252 252 252 252 252 252 252 252 252 252 252 252 252 251 252 252 252 251 251 251 250 250 250 251 251 250 250 250 250 249 249 249 249 249 249 249 249 249 249 249 249 249 249 249 248 248 248 248 248 248 248 248 248 248 248 249 253 253 253 253 253 253 253 253 253 253 253 253 254 254 254 254 255 255 254 254 254 254 254 254 254 254 254 254 254 254 254 253 253 253 253 253 253 253 253 253 253 253 252 253 253 253 253 253 253 253 253 253 252 252 252 252 252 252 252 252 252 252 252 252 252 252 252 252 252 252 252 252 252 252 252 252 252 252 252 252 252 252 252 252 253 253 252 253 253 253 253 253 253 252 252 252 253 253 253 253 253 253 253 252 252 252 252 252 253 253 253 253 253 253 253 252 253 252 252 252 252 253 253 253 253 253 253 253 253 253 253 253 253 253 253 253 253 253 253 253 253 253 253 253 253 253 253 253 253 253 253 253 253 253 253 253 253 253 254 253 253 253 253 253 253 253 253 252 252 252 252 252 253 253 253 253 253 252 253 253 253 254 254 255 255 255 255 255 255 255 255 255 255 255 255 255 255 255 255 255 254 254 254 254 255 254 254 254 254 254 254 254 254 254 254 254 254 254 254 254 254 254 254 254 254 254 254 254 254 254 254 253 253 254 254 253 253 253 253 252 253 253 253 253 253 253 253 253 253 253 253 253 253 253 253 253 253 253 253 253 253 253 253 253 253 253 253 253 253 253 253 253 253 253 254 253 253 253 253 253 253 254 254 254 254 254 254 254 254 254 254 255 255 254 254 254 253 253 252 253 253 252 252 253 253 253 253 253 252 253 252 252 252 252 252 252 252 252 252 252 252 252 252 252 252 252 252 252 252 252 252 251 250 250 251 251 251 250 250 250 250 250 250 250 250 249 249 249 249 249 249 249 249 249 249 249 248 248 248 248 248 248 248 249 248 248 248 249 252 253 253 253 253 253 253 253 253 253 253 253 254 254 254 254 254 254 254 254 254 254 254 254 254 253 253 253 253 254 253 253 253 253 253 253 253 253 253 252 252 252 252 252 253 253 253 253 253 253 253 253 252 253 252 252 252 252 252 252 252 252 252 252 252 253 252 252 252 252 252 252 252 252 252 252 252 252 252 252 252 252 252 252 252 252 252 252 252 252 252 252 252 252 252 252 252 252 252 252 252 253 253 252 252 252 253 253 253 253 253 253 253 253 252 252 252 252 253 253 253 253 253 253 253 253 253 253 253 253 253 253 253 253 253 253 253 253 253 253 253 253 253 253 253 253 253 253 253 253 253 253 253 253 253 253 253 253 254 253 253 253 253 253 253 253 252 252 252 252 252 253 253 253 253 252 252 253 253 253 255 255 255 255 255 255 255 256 255 255 255 255 255 255 255 255 255 255 255 255 255 254 255 255 255 255 255 255 254 254 254 254 254 254 255 254 254 254 254 254 254 254 254 254 254 254 254 254 254 254 253 254 254 253 253 253 253 253 253 253 253 253 253 253 253 253 253 253 253 253 253 253 253 253 253 253 253 253 253 253 253 253 253 253 253 253 253 253 253 253 253 253 253 253 253 253 253 253 253 253 254 254 255 254 254 254 254 254 255 255 254 254 254 254 254 254 254 253 253 253 252 252 252 252 253 253 253 252 252 252 252 252 252 252 252 252 252 252 252 252 252 252 252 252 252 252 252 252 252 251 250 250 251 251 251 250 250 250 250 250 250 250 249 249 249 249 249 249 249 249 249 249 249 249 249 248 248 248 248 248 248 249 249 248 248 249 253 254 254 254 254 253 253 253 253 253 253 253 254 254 254 254 254 254 254 254 254 253 253 253 253 253 253 253 253 253 253 253 253 253 253 253 252 252 252 252 252 252 252 252 253 253 253 253 253 253 253 253 253 252 252 252 251 252 252 251 251 251 252 252 252 252 252 252 252 252 252 252 252 252 252 252 252 252 252 252 252 252 252 252 253 252 252 252 252 252 252 252 252 252 252 252 252 252 252 252 252 253 252 252 253 253 253 253 253 253 253 253 253 253 252 252 252 252 252 253 253 253 253 253 253 253 253 253 253 253 253 253 253 253 253 253 253 253 253 253 253 253 253 253 253 253 253 253 253 253 253 253 253 253 253 253 253 254 254 254 254 254 254 253 253 252 252 252 252 252 253 253 253 253 252 252 252 253 253 255 255 255 255 255 255 255 255 256 256 255 255 255 255 255 255 255 255 255 255 255 255 255 255 255 254 254 254 254 254 254 254 254 254 254 254 254 254 254 254 254 254 254 254 254 254 254 254 254 254 253 254 254 253 253 253 253 253 253 253 253 253 253 253 253 253 253 253 253 253 253 253 253 253 253 253 253 253 253 253 253 253 253 253 253 253 253 253 253 253 253 253 253 253 253 253 253 253 253 253 254 254 254 254 254 254 254 254 254 254 254 254 254 254 254 254 254 253 253 253 252 252 252 252 253 253 253 252 252 252 252 252 253 252 252 252 252 252 252 252 252 252 252 252 252 252 252 252 252 251 251 251 251 251 251 250 250 250 250 250 250 250 250 249 249 249 249 249 249 249 249 249 249 249 249 248 248 248 248 248 248 248 249 249 249 249 253 253 253 253 253 253 253 253 253 253 253 253 254 254 254 254 254 254 254 254 254 253 253 253 253 253 253 253 253 253 253 253 253 253 253 253 253 252 252 252 252 252 252 252 252 252 252 253 253 253 253 252 252 252 252 251 251 251 251 251 251 251 252 252 251 251 252 252 252 252 252 252 252 252 252 252 252 252 252 252 252 252 252 252 252 253 252 252 252 252 253 252 252 252 252 252 252 252 252 252 252 252 252 253 253 253 252 252 252 253 253 253 253 252 252 252 252 252 252 252 253 253 253 253 253 253 253 253 253 253 253 253 253 253 253 253 253 253 253 253 253 253 253 253 253 253 253 253 253 253 253 253 253 253 253 253 253 253 254 254 254 253 253 253 253 252 252 252 252 252 253 253 253 252 252 252 252 253 255 255 255 255 255 255 255 255 255 255 255 255 255 255 255 255 255 256 255 255 255 255 255 255 255 255 254 254 254 254 254 254 254 254 254 254 254 254 254 254 254 254 254 254 254 253 254 254 254 254 253 254 254 253 253 253 253 253 253 253 253 253 253 253 253 253 253 253 253 253 253 253 253 253 253 254 253 253 253 253 253 253 253 253 253 253 253 253 253 253 253 252 252 253 253 253 253 253 253 253 254 254 254 254 254 254 254 254 254 254 254 254 254 254 254 254 254 254 253 253 253 252 252 252 252 253 252 252 252 252 252 253 253 252 252 253 252 252 252 252 252 252 252 252 252 252 252 252 252 252 251 251 251 251 251 251 250 250 250 250 250 250 250 250 249 249 249 249 249 249 249 249 249 249 249 248 248 248 248 248 248 248 248 248 248 248 253 253 253 253 253 252 253 253 254 254 254 254 255 254 253 254 254 254 254 254 253 253 253 253 253 253 253 253 253 253 253 253 253 253 253 253 252 252 252 252 252 252 252 252 252 252 252 252 252 252 252 252 252 252 252 252 252 252 252 251 251 251 251 251 251 251 252 252 252 252 252 252 252 252 252 252 252 252 252 252 252 253 253 252 252 252 252 252 253 253 253 253 252 252 252 252 252 252 252 252 252 253 253 253 252 253 253 252 252 253 253 253 253 253 253 253 252 252 252 252 253 253 253 253 253 253 253 253 253 253 253 253 253 253 253 253 253 253 253 253 253 253 253 253 253 253 253 253 253 253 253 253 253 253 253 253 253 254 254 254 253 254 253 253 252 252 252 252 252 252 253 253 253 253 252 252 253 254 255 255 255 254 255 255 255 255 255 255 255 255 255 255 256 256 255 255 255 255 255 255 255 255 254 254 254 254 254 254 254 254 254 254 254 254 254 254 254 254 254 254 254 254 254 254 254 254 254 254 254 254 253 253 253 253 253 253 253 253 253 253 254 254 254 253 253 253 253 253 253 253 253 253 253 253 253 253 253 253 253 253 253 253 254 253 253 253 253 253 253 253 253 253 253 253 253 253 253 253 254 254 254 254 254 254 254 254 254 254 254 254 254 254 254 254 254 253 253 253 253 253 252 252 252 252 253 253 253 253 253 253 252 252 253 252 252 253 252 252 252 252 252 252 253 253 252 252 252 251 251 251 251 251 251 250 250 250 250 250 250 250 250 250 249 249 249 249 249 249 249 249 249 248 248 249 248 248 248 248 248 249 248 248 253 254 253 253 252 253 253 253 253 253 254 254 254 254 254 253 253 253 253 253 253 253 253 253 253 253 253 253 253 253 253 253 253 253 253 253 252 252 252 252 252 252 253 252 252 252 253 253 252 253 253 253 253 253 253 252 252 252 251 251 251 251 251 251 251 251 252 252 252 252 252 252 252 252 252 252 252 252 252 252 253 253 253 253 253 253 253 252 252 253 253 253 252 252 252 252 252 252 252 252 252 252 252 252 253 252 252 252 252 252 253 253 253 253 253 253 253 252 252 252 252 253 253 253 253 253 253 253 253 253 253 253 253 253 253 253 253 253 253 253 253 253 253 253 253 253 253 253 253 253 253 253 253 253 253 253 254 254 254 254 254 253 253 252 252 252 252 252 252 252 253 253 252 252 252 252 254 255 255 255 254 255 255 255 255 255 255 255 255 255 256 256 255 255 255 255 255 255 255 255 255 255 254 254 254 254 254 254 254 254 254 254 254 254 254 254 254 254 254 254 254 254 254 254 254 255 254 254 253 253 253 253 253 253 253 253 253 253 254 254 254 254 254 254 253 253 253 253 253 253 253 253 254 253 253 254 253 253 253 253 253 254 254 253 253 253 253 253 253 254 254 253 253 253 253 253 254 254 254 254 254 254 254 253 253 254 254 254 254 254 254 254 253 253 253 253 253 253 253 252 252 252 252 253 253 253 253 253 253 252 252 252 252 252 252 253 252 252 252 252 252 252 253 252 252 252 251 251 251 251 251 251 250 250 250 250 250 250 250 250 250 250 249 249 249 249 249 249 249 249 249 249 248 248 248 248 249 248 249 249 249 253 253 253 253 253 253 253 253 254 254 254 253 253 253 253 253 253 253 253 253 253 253 253 253 253 253 253 253 253 253 253 253 253 253 253 253 252 253 253 253 253 252 252 252 252 253 253 253 253 253 253 253 253 253 253 252 252 252 252 252 252 252 252 251 251 251 252 252 252 252 252 252 253 252 252 252 252 252 252 253 253 253 253 253 253 252 252 252 253 253 253 253 252 252 252 252 252 252 252 252 252 252 252 252 252 252 252 252 252 252 253 253 253 253 254 253 253 252 252 252 252 252 253 253 253 253 253 253 253 253 253 253 253 253 253 253 253 253 253 253 253 253 253 253 253 253 253 253 253 253 253 253 253 253 253 253 254 254 254 253 253 253 252 252 252 252 252 252 252 252 252 252 252 252 252 254 255 255 255 255 254 255 255 255 255 255 256 256 256 256 256 256 256 255 255 255 255 254 255 255 255 255 255 254 254 254 254 254 254 254 254 254 254 254 254 254 254 254 254 254 254 254 254 254 254 254 254 253 253 253 253 253 253 253 253 253 253 254 254 254 254 254 253 253 253 253 253 253 253 253 254 254 254 254 254 254 254 253 253 253 253 254 253 253 253 253 253 253 253 254 254 254 253 253 253 254 254 254 254 254 254 254 253 253 253 253 253 254 253 254 253 253 253 253 253 253 253 253 252 253 253 253 253 253 253 253 253 253 253 252 252 252 252 252 252 252 252 252 252 252 252 252 252 252 252 251 251 251 251 251 251 250 250 250 250 250 250 250 250 250 249 249 249 249 249 249 249 249 249 249 249 248 248 249 248 249 249 249 249 253 253 252 252 252 252 253 252 253 253 253 253 252 252 253 252 252 252 253 253 253 253 254 253 253 253 252 253 253 253 253 253 253 253 253 253 253 253 253 253 253 252 252 252 252 253 253 252 253 253 253 253 253 253 253 253 253 252 252 252 252 252 252 251 251 251 251 252 252 252 252 252 252 253 252 253 252 253 253 252 252 252 253 253 253 252 252 252 252 252 252 253 253 252 252 252 252 252 252 252 252 252 252 252 252 252 252 252 252 252 252 253 253 253 253 253 253 253 253 252 252 252 253 253 253 253 253 253 253 253 253 253 253 253 253 253 253 253 253 253 253 253 253 253 253 253 253 253 253 253 253 253 253 253 253 253 254 254 254 254 253 253 253 252 252 252 252 252 252 252 252 252 252 252 252 254 255 255 255 254 255 255 255 255 255 255 256 255 255 255 256 255 255 255 255 255 255 255 254 254 255 255 255 254 254 254 254 254 254 254 254 254 254 254 254 254 254 254 254 254 254 254 255 255 255 254 254 253 253 253 253 253 253 253 253 253 253 254 254 254 254 254 254 253 253 253 253 253 253 253 253 254 254 254 254 253 253 253 253 253 253 253 254 254 254 253 253 253 253 253 254 254 254 254 254 254 254 254 254 254 254 254 254 253 253 253 253 253 253 253 253 253 253 253 253 253 253 253 253 253 253 253 253 253 253 253 253 253 253 253 253 252 252 252 253 253 253 253 253 252 252 252 252 252 252 251 251 251 251 251 250 250 250 250 250 250 250 250 249 249 249 249 249 249 249 249 249 249 249 249 249 249 249 249 249 249 249 249 252 252 252 251 252 252 251 252 252 252 252 253 252 252 252 252 252 253 253 254 254 254 254 254 253 253 253 253 253 253 253 253 253 253 253 253 253 253 253 253 253 252 252 252 252 252 253 253 253 253 253 253 253 253 253 253 253 253 252 252 252 252 252 252 251 251 251 252 252 252 252 252 252 252 252 252 252 252 252 252 252 253 253 253 252 252 253 253 253 252 252 253 253 253 252 252 252 252 252 252 252 252 252 252 252 252 252 252 252 252 252 252 253 253 254 253 253 253 253 253 252 252 253 253 253 253 253 253 253 253 253 253 253 253 253 253 253 253 253 253 253 253 253 253 253 253 253 253 253 253 253 253 253 253 253 253 254 254 254 254 254 253 253 252 252 252 252 252 252 252 252 252 252 252 254 255 255 255 254 255 255 255 255 255 255 256 255 255 255 255 255 255 255 255 255 255 254 254 254 254 255 255 255 255 255 254 255 255 255 255 255 255 255 254 254 254 254 254 254 254 254 254 255 255 254 254 254 253 253 253 253 253 253 253 253 253 254 254 254 254 254 254 253 253 253 253 253 253 253 253 253 253 253 253 253 253 253 253 253 253 253 253 253 253 253 253 253 253 253 254 254 254 254 254 254 254 254 254 254 254 254 254 253 253 253 253 253 253 253 253 253 253 253 253 253 253 253 252 252 252 252 253 253 253 253 253 253 253 253 253 252 252 252 252 252 253 253 253 253 252 252 252 252 252 251 251 251 251 251 250 250 250 250 250 250 250 249 249 249 250 249 249 249 249 249 249 249 249 249 249 249 249 249 249 249 249 249 253 252 252 252 252 251 251 251 252 252 252 252 252 252 251 252 252 253 253 253 253 254 254 253 253 253 253 253 253 253 253 253 253 253 253 253 253 253 253 253 253 252 253 253 253 253 253 253 253 253 253 253 253 253 253 253 253 253 253 253 253 253 252 252 251 251 251 251 251 252 252 252 252 252 252 252 252 252 252 252 253 253 252 252 252 252 252 253 252 252 253 253 253 252 252 252 252 252 252 252 252 252 252 252 252 252 252 252 252 252 252 253 253 253 253 254 253 253 253 252 252 253 253 253 253 253 253 253 253 253 253 253 253 253 253 253 253 253 253 253 253 253 253 254 253 253 253 253 253 253 253 253 253 253 254 254 254 254 254 254 253 253 253 253 253 252 252 252 252 253 253 253 253 254 255 255 254 255 255 255 255 255 255 255 256 255 255 255 255 255 255 255 255 255 255 255 254 254 254 254 255 255 255 255 255 255 255 255 255 255 255 255 254 254 254 254 254 254 255 255 254 255 255 255 254 253 253 253 253 253 253 253 253 253 254 254 254 254 254 254 254 254 253 253 253 253 253 253 253 253 253 253 253 253 253 253 253 253 253 254 253 253 253 253 253 253 253 253 253 253 254 254 254 254 254 254 254 254 254 254 253 253 253 253 253 253 253 253 253 253 253 253 253 253 253 252 252 252 253 252 252 252 253 253 253 252 252 252 252 252 252 252 252 252 252 252 253 253 252 252 252 252 252 251 251 250 250 250 250 250 250 250 250 250 250 250 250 249 250 250 249 249 249 249 249 249 249 249 249 248 249 248 249 249 249 249 252 253 251 251 252 253 252 252 252 252 252 251 252 252 252 252 252 253 253 253 253 253 253 253 253 253 253 252 252 252 252 252 252 252 253 253 253 253 253 253 253 253 253 253 253 253 253 253 253 253 253 253 253 253 253 253 253 253 253 252 252 252 251 251 251 252 252 253 253 252 252 252 252 252 252 252 252 253 252 252 252 252 252 252 252 253 252 252 253 253 253 252 253 253 252 252 252 252 252 252 252 252 252 252 253 252 252 252 252 252 253 253 254 253 253 253 253 253 253 253 253 253 253 253 253 253 253 253 253 253 253 253 253 253 253 253 253 253 253 253 253 254 253 253 253 253 253 253 253 253 253 253 254 253 253 254 254 253 253 253 253 253 252 252 252 252 252 253 253 253 255 255 255 255 255 255 255 255 255 255 255 256 256 255 255 255 255 255 256 256 255 255 255 255 255 255 254 254 254 255 255 255 255 255 255 255 255 255 254 254 254 254 254 255 255 255 255 255 255 255 254 254 253 253 253 253 253 253 253 253 253 254 254 254 254 254 254 254 254 254 253 253 253 253 253 253 253 253 253 253 253 254 254 254 254 253 254 253 253 253 253 253 253 253 253 253 253 253 253 253 254 255 254 254 254 254 254 254 254 253 253 253 253 253 253 253 253 253 253 253 253 253 252 252 252 253 252 252 252 252 252 252 253 252 252 252 252 252 252 253 252 252 253 252 253 252 252 252 252 252 251 251 251 250 251 251 251 250 250 250 250 250 250 250 249 250 250 250 249 249 249 249 249 249 249 249 248 249 249 249 249 249 249 249 252 251 251 252 253 251 252 251 251 252 252 252 252 252 252 252 253 253 253 253 254 253 253 253 253 252 252 252 252 252 252 252 252 252 253 253 253 253 253 253 253 253 253 253 253 253 253 253 253 253 253 253 253 253 253 253 253 253 253 253 253 252 252 253 253 253 253 252 252 252 252 252 252 252 252 252 252 252 252 252 252 252 252 253 253 252 252 253 253 253 253 253 253 252 252 252 252 252 252 252 252 252 253 252 253 253 253 253 253 253 253 254 254 253 253 253 253 253 253 253 253 253 253 253 253 253 253 253 253 253 253 253 253 253 253 253 253 253 253 254 253 253 253 253 253 253 253 253 253 253 254 254 253 254 254 253 253 253 253 253 253 252 252 252 252 253 253 253 255 255 254 255 255 255 255 255 255 255 255 255 256 255 255 255 255 256 255 255 255 255 255 255 254 254 254 255 255 255 255 255 255 255 255 255 255 254 255 255 255 254 254 255 255 255 255 255 255 255 254 253 253 253 253 253 253 253 253 253 253 254 254 254 254 254 254 254 254 254 253 253 253 253 253 253 253 253 253 254 254 254 254 254 254 254 254 253 253 253 253 254 254 254 253 253 253 253 253 253 254 254 254 255 254 254 254 254 254 254 254 253 253 253 253 253 253 253 253 253 253 253 253 253 253 253 253 253 253 252 252 252 253 253 253 252 252 252 252 252 252 252 252 252 253 252 252 252 252 252 251 251 251 251 251 251 251 251 251 250 250 250 250 250 250 250 250 250 250 249 249 249 249 249 249 249 249 248 249 249 249 249 248 249 252 252 251 252 252 251 251 252 252 252 252 253 253 253 253 253 253 253 253 253 254 254 254 253 253 253 253 252 252 252 252 252 252 252 252 253 253 253 253 253 253 253 253 253 253 253 253 253 253 253 253 253 253 253 252 252 252 252 252 252 252 253 253 253 252 252 253 253 253 253 252 252 252 252 252 252 252 252 252 253 252 252 252 252 253 253 252 252 252 253 253 253 253 252 252 252 252 252 252 252 253 253 252 253 253 253 253 253 253 253 253 253 253 253 254 254 253 253 253 253 253 253 253 253 253 253 253 253 253 253 253 253 253 253 253 253 253 253 253 253 253 253 253 253 253 253 253 253 253 253 253 253 253 253 253 253 254 253 253 253 253 253 252 252 252 253 253 253 255 255 254 255 255 255 255 255 255 255 255 255 256 256 255 255 255 255 255 255 255 255 255 255 255 255 255 255 255 255 255 255 255 255 255 255 255 255 255 255 255 255 255 255 255 254 255 255 255 254 254 253 253 253 253 253 253 253 253 253 253 254 254 254 254 254 254 254 254 254 254 253 253 253 253 253 254 254 254 254 254 254 254 254 254 253 254 254 253 253 253 253 253 253 253 254 254 254 254 253 253 254 254 254 254 254 254 255 255 255 254 254 254 253 253 253 253 253 253 253 253 253 254 254 255 255 255 255 254 253 252 252 253 254 253 253 253 253 253 252 252 253 252 252 253 252 252 252 252 252 251 251 251 251 251 251 251 251 250 250 250 250 250 250 249 250 250 250 250 250 249 249 249 249 249 249 249 249 249 249 249 249 249 249 249 251 251 251 252 252 252 252 252 252 253 253 254 254 254 254 253 253 254 254 254 254 254 253 253 253 253 252 252 252 252 252 252 252 252 252 253 253 253 253 253 253 253 253 253 253 253 253 253 253 253 253 253 252 252 252 252 252 252 252 252 252 252 252 252 252 253 253 253 253 252 252 253 252 252 252 252 252 252 252 253 252 252 253 253 252 252 252 252 253 253 252 252 252 252 252 252 252 252 253 253 253 253 253 253 253 253 253 253 253 253 254 254 253 253 253 253 253 253 253 253 253 253 253 253 253 253 253 253 253 253 253 253 253 253 253 253 253 253 253 253 253 253 253 253 253 253 253 253 253 253 253 253 253 253 254 254 253 253 253 253 253 253 253 253 253 255 255 255 255 254 255 255 255 256 255 255 255 255 255 255 255 255 255 255 254 254 255 255 255 255 255 255 255 255 255 255 255 255 255 255 255 255 255 255 255 255 255 255 255 254 254 254 254 254 254 253 253 253 253 254 254 254 253 253 253 253 254 254 254 254 254 254 254 254 254 254 253 253 253 253 253 254 254 254 254 254 253 254 254 254 253 253 253 253 253 253 253 253 253 253 253 254 254 254 254 254 254 254 254 254 254 254 254 255 255 255 255 254 254 254 254 253 253 253 253 253 254 255 255 255 255 255 255 255 254 253 252 253 254 253 253 253 253 253 252 253 252 252 252 252 252 253 253 252 252 251 251 251 251 251 251 251 250 251 250 250 250 250 249 250 250 250 250 250 250 249 249 249 249 249 249 249 249 249 249 249 249 249 249 249 249 251 251 252 252 252 252 253 253 253 254 254 254 254 254 254 253 254 254 254 254 254 254 254 254 253 253 253 253 252 253 253 252 252 252 252 252 253 252 253 253 253 253 253 253 253 253 253 253 252 252 253 253 253 253 252 252 252 253 252 252 251 251 251 251 252 252 252 253 253 253 253 253 252 252 252 252 252 252 253 252 253 253 253 253 253 252 252 252 253 253 253 252 252 252 252 252 252 253 253 253 253 253 253 253 253 253 253 253 253 253 254 253 253 253 253 253 253 253 253 253 253 253 253 253 253 253 253 253 253 253 253 253 253 253 253 253 253 253 253 253 253 253 253 253 253 253 253 253 253 253 253 253 253 254 254 254 253 253 253 253 253 253 253 253 255 255 255 255 255 255 255 255 255 255 255 255 255 255 255 255 255 255 255 255 255 255 255 254 255 255 255 255 255 255 255 255 255 255 255 255 255 255 255 255 255 255 255 254 254 254 254 254 254 254 254 253 253 253 253 254 254 253 253 253 253 254 254 254 254 254 254 254 254 254 254 253 253 253 253 253 254 254 254 254 254 253 254 254 254 253 253 253 254 254 254 253 253 253 253 253 253 253 253 254 254 254 254 255 254 254 254 254 254 255 254 254 254 254 254 254 254 254 253 254 254 254 254 254 254 254 254 254 254 254 254 253 253 253 253 254 254 253 253 253 253 253 252 252 252 253 253 253 253 252 251 251 251 251 251 250 251 251 251 250 250 250 250 250 250 250 250 250 250 250 250 249 249 250 250 249 249 249 249 249 249 249 249 249 249 249 249 252 252 252 253 253 253 253 253 253 253 253 254 254 254 253 253 253 253 253 253 253 254 254 254 254 254 253 253 253 253 253 253 252 252 252 252 252 252 253 253 253 252 253 253 253 253 252 252 252 252 252 253 253 253 252 251 252 253 253 252 252 251 251 251 251 251 252 252 252 252 252 252 252 251 251 252 252 252 252 253 253 253 253 253 253 253 252 252 253 253 253 253 252 252 252 252 252 252 252 253 253 253 253 253 253 253 253 253 253 253 254 254 253 253 253 253 253 253 253 253 253 253 253 253 253 253 253 253 253 253 253 253 253 253 253 253 253 253 253 253 253 253 253 253 253 253 253 253 253 253 253 253 253 253 253 253 253 253 253 253 253 253 253 253 255 255 255 255 255 255 255 254 254 255 255 255 255 255 256 256 256 255 255 255 255 255 255 255 254 254 255 255 255 255 255 255 255 255 255 255 254 255 255 255 255 255 255 254 254 254 254 254 254 254 253 253 254 254 254 254 254 254 253 253 253 254 254 254 254 254 254 254 254 254 254 254 253 253 253 253 253 254 254 254 254 253 253 253 253 253 254 254 253 253 253 253 253 253 253 253 253 253 253 254 254 254 254 254 254 254 254 254 254 255 254 254 254 254 254 254 254 254 254 254 254 254 254 254 254 254 254 254 254 255 254 254 253 253 253 254 254 253 253 253 253 253 253 253 253 252 253 253 253 252 251 251 251 251 251 250 251 251 251 250 250 250 250 250 250 250 250 250 251 250 250 250 250 249 249 249 249 249 249 249 249 249 249 249 249 249 249 249 252 252 252 252 252 252 253 253 253 253 253 254 254 253 253 253 253 253 254 254 254 254 254 254 254 254 254 253 253 253 253 253 253 253 253 253 253 253 253 253 253 253 253 253 253 253 252 253 253 252 252 252 252 252 252 252 253 253 253 253 253 252 252 252 252 251 251 251 252 251 252 252 252 252 252 252 252 252 252 253 253 253 253 253 253 253 253 253 253 253 253 253 252 252 252 252 252 253 253 253 253 253 253 253 253 253 253 253 253 253 254 254 253 253 253 253 253 253 253 253 253 253 253 253 253 253 253 253 253 253 253 253 253 253 253 253 253 253 253 253 253 253 253 253 253 253 253 253 253 253 253 253 253 253 253 253 253 253 253 253 253 253 253 255 255 255 255 255 255 255 255 255 256 256 256 256 256 256 256 256 256 256 256 255 255 255 255 255 255 255 255 255 255 255 255 255 255 255 255 255 255 255 255 255 255 255 255 255 255 255 255 255 254 254 254 254 254 254 254 254 254 254 254 254 254 254 254 254 254 255 255 255 254 254 254 254 254 254 254 254 254 254 254 254 254 254 254 254 254 254 254 254 254 254 254 254 254 254 254 254 254 254 254 254 253 254 254 254 254 254 254 254 254 254 254 254 254 254 254 254 254 254 254 254 254 254 254 254 255 255 255 255 255 254 254 254 253 253 253 254 254 254 253 254 254 253 253 253 252 253 253 253 252 252 252 252 252 251 251 251 252 252 251 250 251 251 251 251 251 251 251 251 251 251 250 250 250 250 250 250 250 250 250 250 250 250 250 250 250 250 250 251 251 251 252 252 252 252 253 253 253 254 254 253 253 253 253 253 254 254 254 254 254 254 254 254 254 254 254 254 254 254 254 254 253 253 253 253 253 253 253 253 253 253 253 253 253 252 252 252 252 253 253 253 252 253 253 252 253 253 253 253 253 252 252 252 252 252 252 252 252 253 252 252 252 252 252 252 252 252 252 253 253 253 253 253 253 253 253 253 253 253 252 252 252 252 252 252 253 253 253 253 253 253 253 253 253 253 253 253 253 254 253 253 253 253 253 253 253 253 253 253 253 253 253 253 253 253 253 253 253 253 253 253 253 253 253 253 253 253 253 253 253 253 253 253 253 253 253 253 253 253 253 253 253 253 253 253 253 253 253 253 253 255 255 255 255 255 255 255 255 255 255 256 256 256 256 256 255 256 256 256 256 256 256 255 255 255 255 255 255 255 255 255 256 255 255 255 255 256 255 255 255 255 255 255 255 255 255 255 255 255 255 254 254 254 254 254 254 254 254 254 254 254 254 254 254 254 254 254 255 255 255 254 254 254 254 254 254 254 254 254 254 254 254 254 254 254 254 254 254 254 254 254 254 254 254 254 254 254 254 254 254 254 254 253 254 254 254 254 255 255 254 254 254 254 254 254 254 254 254 254 254 254 254 254 254 254 254 254 255 255 254 254 254 254 254 253 253 253 253 254 254 254 254 253 253 253 253 253 252 252 252 252 252 252 252 251 251 251 252 252 252 251 251 251 251 251 251 251 251 251 251 251 251 251 250 250 250 250 250 250 250 250 250 251 250 250 250 250 250 252 251 251 252 252 252 252 253 253 254 254 253 253 253 253 254 254 254 254 254 254 254 254 254 254 254 254 254 254 254 254 254 253 253 253 253 253 253 253 253 253 253 253 253 253 253 252 252 252 253 253 253 252 252 252 253 253 253 253 253 253 253 253 252 252 252 252 252 252 253 252 252 252 252 252 252 252 252 252 252 253 253 253 253 253 253 253 253 253 253 252 253 253 252 253 252 253 253 253 253 253 253 253 253 253 253 253 253 253 253 254 253 253 253 253 253 253 253 253 253 253 253 253 253 253 253 253 253 253 253 253 253 253 253 253 253 253 253 253 253 253 253 253 253 253 253 253 253 253 253 253 253 253 253 253 253 253 253 253 253 253 255 255 255 255 255 255 255 255 255 256 256 256 255 256 256 255 255 256 256 256 255 255 256 255 255 255 255 255 255 255 255 255 256 256 256 256 256 255 255 255 255 255 255 255 255 255 255 256 255 255 254 254 254 254 254 254 254 254 254 254 254 254 254 254 254 254 255 255 255 255 255 254 254 254 254 254 254 254 255 255 254 254 254 254 254 254 254 254 254 254 254 254 254 254 254 254 254 254 254 254 254 254 254 254 254 254 255 255 255 254 254 254 254 254 254 254 254 254 254 254 254 254 254 254 254 254 254 254 254 254 254 254 254 254 253 253 253 253 253 253 253 253 253 253 253 253 253 253 253 252 252 252 252 252 251 251 251 252 253 253 252 252 252 251 251 251 251 251 251 251 251 251 251 251 250 250 250 250 250 250 250 250 250 250 250 250 250 252 252 252 252 252 252 253 253 253 253 253 253 253 253 253 253 254 254 254 254 254 254 254 254 254 254 254 254 254 254 253 253 253 253 253 253 253 253 253 253 253 253 253 252 252 252 252 252 253 253 253 253 252 252 253 253 253 253 253 253 253 253 252 252 252 252 252 253 252 252 252 252 252 252 252 252 252 252 252 252 252 253 253 253 253 253 253 253 252 253 253 252 253 252 252 252 253 253 253 253 253 253 253 253 253 253 253 253 254 254 254 254 254 253 253 253 253 253 253 253 253 253 253 253 253 253 253 253 253 253 253 253 253 253 253 253 253 253 253 253 253 253 253 253 253 253 253 253 253 253 253 253 253 253 253 253 253 253 253 255 255 255 255 255 255 255 255 255 255 256 256 255 255 255 255 255 256 256 256 255 255 255 255 255 255 255 255 255 255 255 255 255 255 255 255 255 255 255 255 255 255 255 255 255 255 256 255 255 255 254 254 254 255 254 254 254 254 254 254 254 254 254 254 255 254 255 255 255 255 255 254 254 254 254 254 254 254 254 255 255 255 255 255 255 255 255 255 255 254 254 254 254 254 254 254 254 254 254 254 254 255 255 255 255 254 254 254 255 254 254 254 254 254 254 254 254 254 254 254 254 254 254 254 254 254 254 254 254 254 254 254 254 254 254 253 253 253 253 253 254 254 254 253 253 253 253 253 253 253 252 252 252 252 251 251 251 252 253 253 253 252 252 251 251 251 251 251 251 250 250 251 251 251 250 250 250 250 250 250 250 250 250 250 250 250 250 251 253 253 252 252 252 253 252 252 252 252 253 253 253 253 253 254 254 254 254 254 254 254 254 254 254 254 254 254 253 254 254 254 253 254 254 253 253 253 253 253 253 253 253 253 253 252 253 253 252 252 252 252 252 253 253 253 253 253 253 253 253 253 252 252 252 252 253 252 252 252 252 252 252 252 252 252 252 252 253 253 253 253 253 252 252 252 252 252 253 252 253 253 253 253 253 253 253 253 253 253 253 253 253 253 253 253 253 253 254 253 253 253 253 253 253 253 253 253 253 253 253 253 253 253 253 253 253 253 253 253 253 253 253 253 253 253 253 253 253 253 253 253 253 253 253 253 253 253 253 253 253 253 253 253 253 253 253 253 255 255 255 255 255 255 255 255 256 256 256 256 255 255 255 255 256 256 256 256 255 255 255 256 255 255 255 255 255 255 255 255 255 255 255 255 255 255 256 256 255 255 255 255 256 256 256 255 255 255 255 255 254 254 254 254 254 254 254 254 254 254 254 254 255 255 255 255 255 255 254 254 254 254 254 254 254 254 255 255 255 255 255 255 255 255 255 255 255 254 254 254 254 254 254 254 254 254 254 254 254 255 255 255 255 255 254 254 254 255 254 254 254 254 254 254 254 254 254 254 254 254 254 254 254 254 254 254 254 254 254 254 254 254 254 254 254 254 254 254 254 254 254 253 253 253 253 254 253 253 252 252 252 252 252 251 251 252 253 253 252 252 252 252 252 251 251 251 251 251 251 251 250 250 250 250 250 250 250 250 250 250 251 250 250 250 250 250 252 252 252 252 252 252 252 252 252 252 253 253 254 254 254 254 254 254 254 254 254 254 254 254 254 253 253 253 253 254 254 254 254 254 254 254 253 253 253 253 253 253 253 253 253 253 253 252 252 252 252 253 253 253 253 253 253 253 253 253 253 252 253 252 252 252 253 252 252 252 252 252 252 252 252 252 252 253 253 253 253 253 253 253 252 252 252 253 253 253 253 253 253 253 253 253 253 253 253 253 253 253 253 253 253 253 253 253 253 253 254 254 253 253 253 253 253 253 253 253 253 253 253 253 253 253 253 253 253 253 253 253 253 253 253 253 253 253 253 253 253 253 253 253 253 253 253 253 253 253 253 253 253 253 253 253 253 253 255 255 255 255 255 255 255 255 255 256 256 256 256 255 255 255 255 256 255 256 255 255 256 256 256 255 255 255 255 255 255 255 255 255 255 255 255 255 256 256 256 256 256 256 255 256 255 255 255 255 255 255 255 255 255 255 255 255 255 254 254 254 254 254 255 255 255 255 255 255 254 254 254 254 254 254 254 254 255 255 255 255 255 255 255 255 255 255 255 255 255 255 255 255 255 255 255 255 255 255 255 254 255 255 255 255 254 254 254 255 254 254 254 254 254 254 254 254 254 254 254 254 254 254 254 254 254 254 254 254 254 254 254 254 254 254 254 253 254 254 254 254 254 254 254 253 253 253 253 253 252 252 252 252 252 252 252 252 253 253 252 252 252 251 251 251 251 251 251 251 251 251 251 250 250 250 250 250 250 250 250 250 250 250 250 250 250 250 251 252 252 252 252 252 252 253 253 252 252 252 253 253 254 254 254 254 254 254 254 254 254 254 254 254 253 253 253 253 253 253 254 254 254 254 254 253 253 253 253 253 253 253 253 253 253 253 253 252 252 252 252 253 253 253 253 253 253 252 253 253 253 252 252 252 252 253 252 252 252 252 252 252 252 252 252 252 252 252 252 253 253 253 253 252 252 252 253 253 253 253 253 253 253 253 253 253 253 253 252 253 253 253 253 253 253 253 254 253 253 253 254 254 254 254 254 253 253 253 253 253 253 253 253 253 253 253 253 253 253 253 253 253 253 253 253 253 253 253 253 253 253 253 253 253 253 253 253 253 253 253 253 253 253 253 253 253 253 255 255 255 255 255 255 255 255 255 255 255 256 256 255 255 255 255 255 256 256 255 255 256 256 256 256 255 255 255 255 255 255 255 255 255 255 255 255 256 255 256 256 256 256 255 255 255 255 255 255 255 255 255 255 255 255 255 255 255 255 255 254 254 254 255 255 255 255 255 254 254 254 254 254 254 254 254 254 255 255 255 255 255 255 255 255 255 255 255 255 255 255 255 255 255 256 256 256 255 255 254 254 255 255 255 255 255 254 254 254 254 254 254 254 254 254 254 254 254 254 254 254 254 254 254 254 254 254 254 254 254 254 254 254 254 254 253 253 254 254 254 254 254 254 254 254 254 254 253 253 253 252 252 252 252 252 252 253 253 253 252 252 252 251 251 251 251 251 251 251 251 251 251 250 250 251 250 250 250 250 250 250 250 251 251 251 251 251 251 253 253 253 253 252 252 252 253 252 253 253 253 253 253 254 254 254 254 254 254 254 254 254 254 254 254 253 253 253 253 253 253 253 254 254 254 254 254 253 253 253 253 253 253 253 253 253 253 252 252 252 253 253 253 253 253 253 253 253 253 253 252 253 252 252 252 253 252 252 252 252 252 252 251 252 252 252 252 253 252 252 253 253 253 252 252 252 253 253 253 253 253 253 253 253 253 253 253 253 253 253 253 253 253 253 253 253 253 253 253 253 253 253 253 253 253 253 253 253 253 254 253 253 253 253 253 253 253 253 253 253 253 253 253 253 253 253 253 253 253 253 253 253 253 253 253 253 253 253 253 253 253 253 253 253 253 253 253 255 255 255 255 255 255 255 255 255 255 255 256 256 255 255 255 255 255 256 255 255 255 256 256 256 255 255 255 255 255 255 255 255 255 255 255 255 256 255 255 256 256 256 256 256 256 255 255 255 255 255 255 255 255 255 255 255 255 255 255 254 254 254 254 255 255 255 255 255 254 254 254 254 255 255 254 254 254 254 254 254 255 255 255 255 255 255 255 255 255 255 255 255 255 255 256 256 255 255 255 254 254 255 255 255 255 255 254 254 254 254 254 254 254 254 254 254 254 254 254 254 254 254 254 254 254 254 254 254 254 254 254 254 254 254 254 253 253 254 254 254 254 254 254 254 254 254 254 254 253 253 253 252 252 252 252 252 252 253 252 252 252 251 251 251 251 251 251 251 251 251 251 251 251 251 251 251 251 250 250 251 250 250 250 251 251 251 250 251 251 253 253 253 253 252 252 252 252 253 253 253 253 253 253 253 253 254 253 254 254 254 254 254 254 254 254 254 253 253 253 253 253 253 253 253 253 253 253 253 254 253 253 253 253 253 253 252 252 252 252 253 253 253 253 253 253 253 253 253 252 253 253 253 253 253 253 252 253 252 252 252 252 251 252 252 252 253 253 253 253 253 253 253 252 252 252 252 252 253 253 253 253 253 254 254 253 254 253 253 253 253 253 253 253 253 254 254 254 254 253 253 252 252 252 252 252 252 253 253 253 253 253 253 253 253 252 252 253 253 253 253 253 253 253 253 253 253 253 253 253 253 253 253 253 253 253 253 253 253 253 253 253 253 253 253 253 253 255 255 255 255 255 255 255 255 255 255 255 255 256 256 255 255 255 255 255 255 255 256 256 256 255 255 255 255 255 256 256 255 255 255 255 255 256 256 255 256 256 255 256 256 256 256 256 256 256 256 255 255 255 255 255 255 254 254 254 254 254 254 254 254 255 255 255 254 254 254 254 254 254 255 255 254 254 254 254 255 255 255 255 255 255 255 255 255 255 255 255 255 255 255 255 255 255 255 255 255 255 254 254 255 255 255 255 254 255 254 254 254 254 254 254 254 254 254 254 254 254 254 254 254 254 254 254 254 254 254 254 254 254 254 254 254 254 253 254 254 253 254 254 253 253 253 254 254 253 253 252 252 252 252 252 252 252 252 252 253 252 252 252 251 251 251 251 251 251 251 251 251 251 251 251 251 251 251 251 250 251 250 250 250 250 250 250 250 250 251 251 253 253 253 253 253 252 252 252 253 253 254 253 254 253 253 253 253 253 253 254 254 254 254 254 254 254 254 254 253 253 253 253 253 253 253 253 252 253 253 254 254 254 253 253 253 253 253 252 252 252 253 253 253 253 253 253 253 252 252 253 253 253 252 253 253 253 253 252 252 251 251 251 251 252 252 252 252 252 253 253 253 253 253 252 252 253 253 253 253 252 253 253 253 253 253 253 254 254 253 254 254 253 253 253 254 254 254 254 254 253 252 253 254 253 253 253 253 253 253 252 252 253 253 253 253 253 252 253 253 253 253 253 253 253 253 253 253 253 253 253 253 253 253 253 253 253 253 253 253 253 253 253 253 253 253 253 253 255 255 255 255 255 255 255 255 255 255 255 255 255 255 255 256 255 255 255 255 255 256 256 256 255 255 255 255 255 256 256 256 255 255 255 255 255 256 256 255 256 255 255 256 256 256 256 255 255 255 255 255 255 255 255 255 254 254 254 254 254 254 254 254 254 254 254 254 254 254 254 254 255 255 255 254 254 254 254 254 255 255 255 255 255 255 255 255 255 255 255 255 255 255 255 255 255 255 255 255 255 255 254 255 255 255 254 254 255 255 254 254 254 254 254 254 254 254 254 254 254 254 254 254 254 254 254 254 254 254 254 254 254 254 254 254 254 253 254 254 253 253 253 253 254 254 254 254 253 253 252 252 252 252 252 252 252 252 252 252 252 252 251 251 251 251 251 251 251 251 251 251 251 251 251 251 251 251 250 251 251 251 251 251 250 250 250 250 251 250 250 250 251 253 253 253 253 252 252 252 253 253 253 253 254 254 254 254 254 254 253 253 254 254 254 254 254 254 254 254 254 253 253 253 253 253 253 253 252 252 253 253 253 253 253 253 253 253 252 252 252 253 253 252 253 253 253 253 253 253 253 253 253 252 252 252 252 252 252 251 251 251 251 252 252 252 252 252 252 252 253 253 253 253 253 253 253 253 253 252 252 252 253 253 253 253 253 253 254 253 254 254 254 253 253 253 254 254 253 253 253 252 253 254 254 254 253 253 253 253 252 252 252 252 253 253 252 252 252 252 252 253 253 253 253 253 253 253 253 253 253 253 253 253 254 253 253 253 253 253 253 253 253 253 253 253 253 253 253 255 255 255 255 255 255 255 255 255 255 255 255 255 255 255 256 255 256 255 255 255 255 255 255 255 255 255 255 255 256 256 255 256 255 255 255 255 256 256 255 256 255 255 256 256 256 256 256 256 256 255 255 255 255 255 255 255 255 255 255 255 255 254 254 254 254 254 254 254 254 254 255 255 255 255 254 254 254 254 254 255 255 255 255 255 255 255 255 255 255 255 255 255 255 255 255 255 255 255 255 255 255 255 255 255 255 254 255 255 255 254 254 254 254 254 254 254 254 254 254 254 254 254 254 254 254 254 254 254 254 254 254 254 254 254 254 254 254 254 254 253 254 254 254 254 254 255 254 254 253 252 252 252 252 252 252 252 252 252 252 252 252 252 252 251 251 251 251 251 251 251 251 251 251 251 251 251 251 251 250 250 250 251 250 251 250 250 250 250 250 250 250 250 251 252 252 252 253 253 253 252 252 252 252 252 252 253 254 254 254 254 254 254 253 254 253 254 254 254 254 254 254 254 254 254 253 253 253 253 253 253 253 252 253 253 253 253 253 253 252 252 252 253 253 253 253 253 253 253 253 253 253 253 253 253 252 252 252 252 252 252 252 252 252 251 251 251 252 252 253 253 253 253 253 253 253 253 253 253 253 254 253 253 253 253 253 253 253 253 253 253 253 254 254 254 253 254 254 253 253 253 253 253 253 253 253 254 254 254 254 253 252 252 252 252 252 252 252 252 252 252 253 252 252 253 253 254 253 253 253 253 254 253 253 253 253 253 254 253 253 253 253 253 253 253 253 253 253 253 253 253 255 255 255 255 255 255 255 255 255 255 255 255 255 255 256 256 255 255 255 255 255 255 255 255 255 255 255 255 255 256 256 255 255 256 255 255 255 255 256 256 255 255 256 256 256 256 256 255 255 255 255 255 255 255 255 255 255 255 255 255 255 255 255 255 254 254 254 254 254 254 254 254 254 254 254 254 254 254 254 255 255 255 255 255 255 255 255 255 255 255 255 255 255 255 255 255 255 255 255 255 255 255 255 255 255 254 254 255 255 254 254 254 254 254 254 254 254 254 254 254 254 254 254 254 254 254 254 254 254 254 254 254 254 254 254 254 254 254 254 254 254 254 254 254 254 254 254 254 253 253 252 253 252 252 253 252 252 252 252 252 252 252 252 252 252 252 252 251 251 251 251 251 251 251 251 251 251 251 251 251 251 251 251 250 250 250 250 250 250 250 250 250 250 250 250 250 251 251 252 252 251 252 252 253 253 253 252 252 252 252 252 253 254 253 253 253 254 254 254 254 253 254 254 254 254 254 254 254 255 254 254 254 254 254 253 253 253 253 252 252 252 253 253 252 252 252 253 253 253 254 253 253 253 253 253 253 253 253 253 253 252 253 253 252 252 252 253 253 253 252 251 251 251 252 252 252 252 253 253 253 253 253 253 253 253 254 253 253 253 253 254 254 254 253 253 253 253 254 254 254 254 254 254 254 253 254 254 254 253 254 254 253 254 255 254 253 253 252 252 253 253 252 252 252 253 252 252 253 253 253 253 254 253 253 253 253 254 254 254 253 253 254 254 254 254 254 253 253 253 253 253 253 253 253 253 253 256 255 255 255 255 255 255 255 255 255 255 255 255 255 255 255 255 255 256 255 255 256 255 255 255 255 255 255 255 256 256 255 255 255 256 255 255 255 256 256 256 255 255 255 255 256 256 256 255 255 255 255 255 255 255 255 255 255 255 255 255 255 255 255 254 254 254 254 255 255 254 254 254 254 254 254 254 254 254 254 255 255 255 255 255 255 255 255 255 255 255 255 255 255 255 255 255 255 255 255 255 255 255 255 255 255 255 255 255 255 255 255 254 254 254 254 254 254 254 254 254 254 254 254 253 253 253 253 253 253 253 253 253 254 254 254 254 254 254 254 254 254 254 254 254 254 254 254 253 253 253 253 253 253 253 253 252 252 252 252 253 252 252 252 252 252 252 251 251 251 251 251 251 251 251 251 251 251 251 251 251 251 251 251 251 250 250 250 250 250 250 250 250 250 250 250 250 251 250 251 251 251 252 252 253 253 253 252 252 253 253 253 253 253 253 253 253 252 253 253 253 253 254 254 254 254 254 254 254 254 254 254 254 254 254 254 254 254 253 253 253 253 253 253 253 253 253 252 253 253 253 253 253 254 254 254 254 253 253 253 253 252 252 252 252 252 252 252 253 252 252 252 252 252 252 252 252 252 253 253 252 253 253 253 253 253 253 253 253 253 253 254 254 253 253 254 254 253 253 254 254 254 254 255 254 254 254 254 254 253 254 254 254 254 254 255 254 253 253 252 252 252 252 252 253 253 253 253 253 253 253 254 254 254 254 254 254 254 254 254 253 253 254 253 254 254 254 254 253 253 253 253 253 253 253 253 253 255 255 255 255 255 255 255 255 255 255 255 255 255 255 255 255 255 255 255 255 256 255 255 255 255 256 255 255 255 255 255 255 255 255 255 255 255 255 255 255 256 255 256 255 255 256 256 256 256 256 255 255 255 255 255 255 255 255 255 255 255 255 255 255 254 254 255 255 255 255 255 255 255 255 255 255 255 255 254 254 255 255 255 255 255 255 255 255 255 255 255 255 255 255 255 255 255 255 255 255 255 255 255 255 255 254 254 255 255 255 255 255 255 255 254 254 254 254 254 254 254 254 253 253 253 253 253 253 253 253 253 253 253 253 253 253 253 253 253 253 253 253 254 254 254 254 253 253 253 254 253 253 253 253 253 253 253 252 252 252 252 252 252 252 252 252 252 252 251 251 251 251 251 251 251 251 251 251 251 251 251 251 251 251 251 251 251 251 250 250 250 250 250 250 250 250 250 250 251 250 251 250 251 251 251 252 251 252 251 252 252 252 252 252 252 253 253 253 253 253 253 252 252 253 253 254 254 254 254 254 254 254 254 254 253 253 253 253 253 254 254 254 253 254 254 254 254 254 254 253 252 253 253 253 253 253 253 253 254 254 254 254 254 253 252 252 252 253 252 252 252 252 252 251 251 252 252 252 252 252 252 253 252 252 252 253 253 253 253 253 253 253 254 254 253 253 253 253 254 254 254 254 254 254 254 254 254 255 254 254 253 253 253 254 255 255 255 255 254 254 254 253 252 252 252 251 252 253 253 254 254 254 254 254 253 253 253 254 254 254 253 253 253 253 253 254 254 254 254 254 254 254 253 253 253 253 253 253 253 253 255 255 255 255 255 255 255 255 255 255 255 255 255 255 255 255 255 255 255 255 255 255 255 255 255 255 255 255 255 255 255 255 255 255 255 255 256 256 256 255 256 255 255 255 255 255 256 256 256 256 255 255 255 255 255 255 255 255 255 255 255 255 255 255 254 255 255 255 255 255 255 255 255 255 255 255 255 255 254 254 255 255 255 255 255 255 255 255 255 255 255 255 255 255 255 255 255 255 255 255 255 255 255 255 255 254 254 254 254 255 255 255 255 255 255 254 254 254 254 254 254 254 254 254 254 254 254 254 253 253 253 253 253 253 253 253 253 253 253 253 253 253 253 253 254 254 253 253 253 254 253 253 253 253 253 253 253 253 252 252 252 252 252 252 252 252 252 252 252 251 251 251 251 251 251 251 251 251 251 251 251 251 250 250 251 251 251 251 252 251 251 250 250 250 250 250 250 250 250 251 251 251 251 250 250 250 250 250 251 251 251 251 251 252 252 253 253 253 253 253 253 252 253 253 253 253 254 254 254 254 254 254 254 254 253 253 253 253 253 253 253 253 253 253 253 253 253 253 253 252 253 253 254 254 253 253 253 253 253 253 254 254 253 252 252 253 254 253 252 252 251 251 252 252 252 252 252 252 252 252 252 252 252 253 253 253 253 252 252 253 253 254 253 253 253 253 253 254 254 254 254 255 254 254 254 254 255 255 254 253 253 253 253 254 255 255 254 254 253 253 253 253 253 252 252 252 252 252 253 253 254 254 255 254 254 253 253 253 254 254 253 253 253 253 254 254 254 254 254 254 254 253 253 253 253 253 253 253 253 255 255 255 255 255 255 255 255 255 255 255 255 255 255 255 255 255 255 255 255 255 255 255 255 255 255 255 255 255 255 255 255 256 256 256 256 256 256 256 256 256 256 255 255 255 255 256 256 256 256 255 255 255 255 255 255 255 255 255 255 255 255 255 255 255 255 255 255 255 255 255 256 256 256 255 255 255 255 254 254 254 255 255 255 255 255 255 255 255 255 255 255 255 255 255 255 255 255 255 255 255 255 255 254 255 255 255 255 254 254 255 255 255 254 254 254 254 254 255 254 254 254 254 254 254 254 255 254 254 254 254 254 254 253 253 253 254 254 254 254 254 254 253 253 253 253 253 254 254 254 253 253 252 252 253 253 252 252 252 253 253 252 252 252 252 252 252 252 252 251 251 251 251 251 251 251 251 251 251 251 251 251 251 251 250 251 251 251 251 252 251 251 251 250 250 250 250 250 250 251 251 251 251 251 252 251 250 250 250 250 250 251 252 252 252 253 253 253 252 252 252 252 252 253 253 254 254 254 254 254 254 254 254 253 253 253 254 254 254 253 253 253 253 253 253 252 252 253 252 252 253 253 253 253 253 253 253 253 253 253 253 253 252 252 252 253 252 252 252 252 252 252 252 252 252 252 252 252 252 252 252 252 252 253 253 253 252 253 253 253 254 253 253 253 254 254 254 253 254 254 254 254 254 255 255 254 254 254 253 253 253 253 253 254 255 255 254 253 253 253 253 253 252 252 252 252 253 253 253 253 254 255 254 253 253 253 253 253 253 253 253 253 253 254 254 254 254 254 254 254 254 254 253 253 253 253 253 253 255 255 255 255 255 255 255 255 255 255 255 255 255 255 255 255 255 255 255 255 255 255 255 255 255 255 255 256 256 256 256 256 256 256 256 256 256 256 256 256 256 256 256 255 255 255 255 256 255 255 255 255 255 255 255 255 255 255 255 255 255 255 255 255 255 255 255 255 255 255 255 256 255 256 255 255 255 255 254 255 255 255 255 255 255 255 255 255 255 255 255 255 255 255 255 255 255 255 255 255 255 255 255 255 255 255 255 255 255 254 255 255 255 255 255 254 254 255 256 255 254 255 254 254 254 254 255 255 255 255 255 255 254 255 254 255 255 255 255 255 255 254 254 253 253 253 253 253 254 254 254 253 253 252 252 252 252 252 252 252 252 252 252 252 252 252 252 252 252 252 251 251 251 251 251 251 251 251 251 251 251 252 252 252 251 251 251 251 251 251 251 252 251 251 251 250 250 251 250 251 250 249 250 251 251 251 251 251 252 252 252 252 251 251 251 251 250 251 252 252 252 253 253 252 252 252 252 253 253 253 253 253 254 254 254 254 254 254 254 254 254 254 254 254 253 254 254 254 253 253 253 253 254 253 253 253 253 254 254 254 254 254 254 253 253 254 254 254 253 253 253 253 252 252 252 253 253 253 253 253 252 252 252 252 252 252 252 252 252 252 252 252 252 253 253 254 253 253 254 254 254 253 254 254 254 254 254 254 255 255 254 254 254 254 254 254 254 253 253 254 255 254 253 253 253 252 253 253 253 252 252 253 253 253 253 255 255 255 255 254 253 253 253 253 253 254 253 253 254 253 254 253 254 254 254 254 254 253 253 253 253 253 253 255 255 255 255 255 255 255 255 255 255 255 255 255 255 255 256 255 256 255 255 255 255 255 255 255 255 255 256 256 256 256 256 256 256 256 256 256 256 256 256 256 256 256 256 256 255 255 255 255 255 255 255 255 255 255 255 255 255 255 255 255 255 255 255 255 255 255 255 255 255 255 255 255 256 255 255 255 255 255 255 255 255 255 255 255 255 255 255 255 255 255 255 255 255 255 255 255 255 255 255 255 255 255 255 255 255 255 255 256 255 255 255 256 255 255 254 254 254 255 255 255 255 255 255 255 255 255 255 255 256 256 256 255 255 255 256 255 255 255 255 255 255 254 254 253 253 254 254 254 254 254 254 253 253 252 252 252 252 252 252 252 252 252 252 252 252 252 252 252 252 251 251 251 251 251 251 251 251 251 251 251 251 252 252 251 251 251 251 251 251 252 252 252 252 252 251 251 251 251 252 252 251 250 250 249 249 250 250 251 251 251 251 251 252 252 252 252 252 252 251 250 251 251 252 252 253 252 252 252 253 253 253 253 253 253 253 253 253 254 254 254 254 254 254 254 254 254 254 254 254 254 254 254 254 254 254 254 254 254 253 253 254 254 254 254 254 253 253 253 254 254 254 253 253 253 253 253 253 253 252 252 252 252 252 252 253 252 252 253 253 252 252 252 252 252 253 253 253 253 253 254 254 253 253 253 254 254 254 254 254 255 255 255 255 255 255 255 255 255 255 254 254 254 255 254 253 254 253 253 252 252 253 253 252 252 252 253 254 255 254 254 254 254 254 254 254 254 254 253 253 253 253 254 254 254 254 254 254 254 254 253 253 253 253 253 253 255 255 255 255 255 255 255 255 255 256 256 256 255 255 255 255 255 255 256 255 255 255 255 255 255 255 255 255 256 256 256 256 256 256 256 256 256 256 256 256 256 256 256 256 256 256 256 256 255 255 255 255 255 255 255 255 255 255 255 255 255 255 255 255 255 255 255 255 255 255 255 255 255 255 255 255 255 255 255 255 255 255 255 256 255 255 255 255 255 255 256 256 256 255 255 255 255 255 255 255 255 255 255 255 255 255 255 255 256 256 256 255 256 256 256 255 255 255 255 256 256 256 256 256 256 255 255 255 255 256 256 256 256 256 256 256 256 256 255 255 255 255 254 254 254 254 254 254 254 254 253 253 253 252 252 252 252 252 252 252 252 252 252 252 252 252 252 252 252 252 251 251 251 251 251 251 251 251 251 251 252 252 252 252 252 251 251 252 251 251 251 251 251 252 252 252 251 252 252 250 250 251 251 252 251 252 252 251 252 252 251 250 250 249 249 249 249 249 250 250 250 250 251 251 252 252 252 252 252 252 251 251 250 251 252 252 252 252 252 252 253 253 253 253 253 253 253 253 253 254 254 254 254 254 254 253 253 253 254 254 253 253 254 254 254 254 254 254 254 253 253 253 254 254 255 254 254 253 253 253 253 254 254 254 253 253 252 252 252 252 252 252 252 253 253 252 252 252 253 253 253 253 252 252 252 253 253 254 253 253 254 253 253 254 253 253 253 253 253 254 255 255 255 256 256 256 256 256 256 255 255 255 255 255 254 254 255 254 253 253 253 252 253 253 253 252 253 253 254 254 254 253 254 253 254 254 254 253 253 253 254 254 253 254 254 254 254 254 254 255 254 254 254 253 253 253 255 255 255 255 255 255 255 255 255 255 256 256 255 255 255 255 256 256 256 256 256 256 255 255 255 255 255 255 255 255 256 256 256 256 256 256 256 256 256 256 256 256 256 256 256 256 256 256 256 256 255 255 255 255 255 255 255 255 255 255 255 255 255 255 255 255 255 255 255 255 255 255 255 255 255 255 255 255 255 255 255 255 255 256 256 255 255 255 255 255 255 256 256 256 256 256 255 255 255 255 255 255 255 255 255 255 255 255 255 256 256 255 255 256 256 256 255 255 255 255 256 256 256 256 256 256 255 255 255 255 255 256 256 256 256 256 256 256 256 255 255 255 255 255 254 254 254 254 254 254 253 254 253 253 252 252 253 253 253 252 252 252 252 252 252 252 252 252 252 252 252 252 251 252 251 251 251 251 251 252 252 252 252 252 252 252 252 252 251 251 251 252 252 252 252 251 251 251 252 251 250 250 251 252 251 251 250 250 250 250 250 249 249 250 250 250 250 251 252 250 250 250 250 250 250 251 251 251 252 252 252 252 252 252 252 251 251 251 251 252 253 252 252 253 253 252 252 253 253 253 253 253 254 254 254 254 254 254 254 253 254 254 254 254 253 253 253 253 253 253 253 253 253 253 253 253 254 254 254 254 254 254 253 253 253 253 254 254 253 253 253 253 252 252 252 253 253 253 253 253 253 253 252 252 252 252 252 252 253 253 254 253 253 253 253 254 254 254 254 254 254 254 254 255 254 255 255 255 256 256 256 256 256 256 256 256 255 254 255 255 254 253 253 253 253 252 252 252 252 252 253 253 253 253 253 253 253 254 254 254 254 254 253 254 254 254 253 254 254 255 254 255 255 255 255 254 254 254 254 255 255 255 256 255 255 255 255 255 255 255 255 255 255 255 255 256 256 256 256 256 256 255 255 255 255 255 255 255 255 255 255 255 256 256 256 256 256 256 256 256 256 256 256 256 256 256 256 256 256 255 255 255 255 255 255 255 255 255 255 255 255 255 255 255 255 255 255 255 255 255 255 255 255 255 255 255 255 255 255 255 255 255 255 256 256 255 255 255 255 255 255 256 256 256 256 256 256 255 255 255 255 255 255 255 255 255 255 255 255 256 255 255 255 255 255 255 255 255 255 256 256 255 256 256 256 256 255 255 255 255 255 256 256 256 255 255 255 255 256 255 255 255 255 254 254 254 254 254 254 254 253 253 253 252 252 252 252 253 253 253 253 253 252 252 252 252 252 252 252 252 252 252 252 252 251 251 251 251 252 251 251 252 252 252 252 253 252 252 251 251 251 251 251 251 252 251 251 252 251 250 251 251 251 252 251 250 250 250 250 250 250 250 251 250 250 250 250 249 250 250 251 251 251 252 252 253 252 251 250 250 250 250 250 250 250 251 251 251 252 252 252 252 252 252 252 251 251 252 253 253 252 252 252 253 253 253 253 253 253 253 253 254 254 254 254 254 254 254 254 254 254 254 254 254 253 253 254 253 253 254 254 254 254 253 254 254 254 254 255 255 254 254 254 253 254 254 253 253 252 252 252 253 253 253 253 252 253 253 253 253 253 253 253 253 252 252 252 252 253 253 252 253 253 253 253 254 254 254 254 255 255 255 254 255 255 255 255 255 255 255 255 255 255 256 255 255 255 255 254 253 253 253 253 253 252 253 252 252 252 252 252 253 253 253 253 254 254 254 254 253 253 254 254 254 254 254 254 254 254 254 254 255 255 255 255 255 254 256 256 256 256 256 256 255 255 255 256 255 255 255 255 255 255 255 256 256 256 255 255 255 255 256 256 256 256 255 255 256 256 256 256 256 256 256 256 256 256 256 256 256 256 256 256 256 256 256 256 255 255 255 255 255 255 255 255 255 255 255 255 255 255 255 255 255 255 255 255 255 255 255 255 255 255 255 255 255 255 255 255 255 255 255 256 256 256 255 255 255 255 255 256 256 256 256 256 256 255 255 255 255 255 255 255 255 255 255 255 255 256 255 255 255 255 255 255 255 255 255 255 255 255 255 255 256 256 255 255 255 255 256 256 256 256 255 255 255 255 255 255 255 255 255 254 254 254 254 255 254 254 254 253 253 252 252 252 253 253 253 252 252 252 252 252 252 252 252 252 252 252 251 251 252 252 252 252 252 251 251 252 252 252 252 252 252 252 252 252 252 251 251 251 251 252 252 252 252 251 251 251 251 252 252 251 250 250 250 250 251 251 251 251 251 250 250 250 250 250 250 250 250 251 251 252 251 251 251 250 250 250 250 251 251 251 250 251 251 252 252 252 252 252 252 252 252 253 253 253 252 252 252 253 253 253 253 254 254 253 253 253 253 253 253 254 254 254 254 254 254 254 254 254 254 254 254 254 255 255 254 254 254 253 253 254 254 254 254 254 254 254 253 252 253 253 253 253 252 252 252 253 254 253 253 252 253 253 254 254 253 253 253 253 253 253 253 252 253 253 253 253 254 254 253 253 254 254 254 255 255 255 254 255 255 255 255 255 255 255 255 255 254 255 256 256 256 255 254 253 253 253 253 253 253 253 253 253 253 252 252 252 252 253 254 254 254 254 254 254 254 254 254 254 254 254 255 254 255 255 255 254 255 255 255 255 255 257 257 257 257 257 257 256 256 256 256 256 256 256 255 255 255 255 256 256 255 255 255 256 256 255 255 255 255 256 256 256 256 256 256 256 256 256 256 256 256 256 256 256 256 256 256 256 256 256 256 255 255 255 255 255 255 255 255 255 255 255 255 255 255 255 255 255 256 256 256 256 256 256 255 255 256 255 255 255 255 255 255 255 255 255 256 256 256 255 255 255 255 255 255 256 256 256 256 256 256 255 255 255 255 255 255 255 255 255 255 255 255 255 255 255 255 255 255 255 255 255 255 255 255 255 256 256 256 256 255 255 256 256 256 256 256 256 256 255 255 255 255 255 255 255 255 254 254 254 254 254 254 254 254 253 253 252 252 252 253 252 252 252 252 252 252 252 252 252 252 252 252 251 251 251 252 252 251 251 251 252 251 251 252 252 252 251 252 252 252 252 252 251 252 252 252 252 252 252 251 251 251 251 252 252 251 251 251 251 251 251 252 252 251 251 250 250 250 250 250 250 250 250 250 251 251 250 250 250 250 250 250 250 250 251 251 251 251 251 251 251 251 252 252 252 252 252 252 252 252 252 252 252 253 253 253 254 254 253 253 253 253 253 253 254 254 254 254 254 254 254 254 254 254 254 254 254 254 255 254 255 253 254 254 254 254 254 254 254 254 253 253 252 252 253 253 253 252 253 253 253 254 253 253 252 253 253 253 253 253 253 253 253 253 254 253 252 253 254 254 254 254 254 254 254 254 254 255 255 255 255 255 254 255 255 255 255 255 255 255 254 254 254 255 255 256 256 255 254 254 254 254 253 253 253 253 253 253 252 252 252 252 253 254 254 254 253 254 254 254 254 254 254 254 254 254 254 255 255 255 255 255 255 255 255 255 258 258 258 258 258 257 257 257 256 256 256 256 256 256 255 255 255 255 256 256 255 256 256 256 256 255 255 255 256 256 256 256 256 256 256 256 256 256 256 256 256 256 256 256 256 256 256 256 256 256 255 255 255 255 255 255 255 255 255 255 255 255 255 255 255 255 255 255 256 256 256 256 256 256 255 255 255 255 255 255 255 255 255 255 256 256 256 256 255 255 256 256 255 255 255 256 256 256 256 256 255 255 255 255 255 255 255 255 255 255 255 255 255 255 255 255 255 255 255 255 255 255 255 255 255 256 255 256 256 255 255 256 256 256 256 255 255 256 255 255 255 255 255 255 255 255 255 255 255 255 254 254 254 254 254 253 253 253 253 253 252 252 252 252 252 252 252 252 252 252 252 252 252 251 251 252 252 251 252 252 252 252 252 252 251 251 251 251 252 252 252 252 252 252 252 252 251 252 252 251 251 251 251 252 252 252 252 252 251 251 252 252 251 251 251 250 250 249 250 250 250 250 251 251 250 251 251 251 250 250 250 250 250 250 251 251 251 251 252 251 251 251 251 251 252 252 253 253 253 253 253 252 252 252 253 253 253 253 253 254 253 253 253 253 253 253 254 253 254 254 254 254 254 254 254 254 255 254 254 254 254 254 253 254 255 255 255 255 255 255 255 255 253 253 252 252 253 253 253 253 253 254 254 253 253 253 253 253 253 253 253 253 253 253 253 253 253 252 252 253 253 254 254 254 255 254 254 255 254 254 254 254 254 254 254 254 255 256 255 255 255 254 254 254 254 254 254 255 255 255 255 255 254 254 254 254 254 253 253 252 252 252 253 253 254 254 254 254 254 254 255 254 255 255 255 255 255 255 255 255 255 255 255 255 256 256 255 257 257 257 257 257 257 257 257 257 257 257 257 256 255 255 255 256 255 255 256 256 256 256 255 255 255 255 255 255 256 256 256 256 256 256 256 256 256 256 256 256 256 256 256 256 256 256 256 256 256 255 255 255 255 256 256 255 256 255 255 255 255 255 255 255 255 255 255 256 256 256 256 256 256 256 256 255 255 255 255 255 255 255 255 256 256 256 256 256 256 256 256 255 255 255 255 256 256 256 256 256 255 255 255 255 255 255 255 255 255 255 255 255 255 255 255 255 255 255 255 255 255 255 255 255 255 255 255 256 255 255 255 256 256 255 256 255 255 255 255 255 256 256 255 255 255 255 255 255 255 254 254 254 254 254 253 253 253 253 252 252 252 252 252 252 252 252 252 252 252 252 252 252 252 251 252 252 252 252 252 252 252 252 251 251 252 252 252 252 252 251 252 252 252 252 251 251 252 252 253 251 251 252 252 252 252 251 251 251 250 251 252 252 252 251 250 250 250 249 250 251 250 251 251 251 251 251 251 251 251 250 250 250 250 250 250 249 250 250 250 251 252 252 251 251 251 251 252 252 252 252 253 253 253 252 252 252 252 253 253 253 253 253 253 253 253 253 253 254 254 254 254 254 254 254 254 254 254 254 254 255 254 254 254 253 254 254 254 254 254 254 255 255 254 254 253 253 253 253 253 253 253 253 254 254 254 254 254 254 254 254 253 252 253 253 253 253 252 252 252 252 252 252 253 253 253 254 254 255 255 255 255 255 255 255 255 254 254 254 255 255 255 255 255 255 255 254 254 253 254 254 254 254 255 255 255 255 255 254 253 253 252 252 252 252 253 253 253 254 254 254 255 255 255 255 255 255 255 255 255 255 255 255 256 256 256 255 255 255 256 258 258 258 257 257 257 258 257 257 257 257 256 256 256 256 256 256 256 255 256 256 256 256 256 256 256 256 256 256 256 255 256 256 256 256 256 256 256 256 256 256 256 256 256 256 256 256 256 256 256 255 255 255 255 256 256 256 255 255 255 255 255 255 255 256 255 255 255 255 256 256 256 256 256 256 256 255 255 255 255 255 255 255 255 256 256 256 256 256 256 256 256 255 255 255 256 255 256 256 256 256 256 256 255 255 255 255 255 255 255 255 255 255 255 255 255 255 255 255 255 255 255 255 255 255 255 255 255 256 255 255 255 256 256 255 255 255 255 255 255 255 255 255 255 255 255 255 255 254 254 254 254 254 254 254 253 253 253 253 253 252 252 252 252 252 252 252 252 252 252 252 252 252 251 251 252 251 252 252 252 252 252 251 252 252 252 252 251 252 252 251 251 251 251 251 251 252 252 252 252 251 251 251 251 252 251 252 251 250 250 250 250 251 251 251 251 250 250 249 250 251 251 250 250 251 251 251 251 251 252 252 251 251 251 251 250 250 250 250 249 250 250 250 251 250 251 251 251 251 251 251 252 252 252 252 252 252 252 252 253 253 253 253 253 253 253 253 253 254 254 254 254 254 254 254 254 254 254 254 254 254 254 255 255 255 254 254 254 254 254 255 254 254 254 254 253 253 253 253 254 253 253 254 254 254 254 253 254 254 253 253 253 252 252 252 252 252 252 252 253 253 253 253 253 252 252 252 253 254 255 255 255 255 255 255 255 255 254 254 253 254 254 254 255 255 254 254 254 254 253 254 254 253 253 254 255 255 255 255 254 253 253 252 252 252 252 253 253 253 253 254 255 255 255 255 255 255 256 255 255 255 256 256 256 256 256 256 255 255 255 255 257 258 258 257 257 257 257 257 257 258 258 257 257 257 257 257 256 256 256 256 256 256 256 256 256 256 256 256 255 256 256 255 256 256 256 256 256 256 256 256 256 256 256 256 256 256 256 256 256 256 255 255 255 255 256 256 256 255 255 255 255 255 255 256 256 256 256 255 256 255 255 256 256 256 256 256 256 255 255 255 255 255 255 255 256 256 256 256 256 256 256 255 255 256 256 256 255 255 256 256 256 256 256 256 255 255 255 255 255 255 255 255 255 255 256 255 255 255 255 255 255 255 255 255 255 255 255 255 255 255 256 256 255 255 255 255 255 255 255 255 255 255 255 255 255 255 254 254 254 254 253 254 254 254 254 254 253 253 253 252 252 253 252 252 252 253 252 252 252 252 252 252 252 252 251 251 251 251 252 252 252 252 252 252 251 251 251 251 251 251 251 251 251 251 251 251 251 251 252 252 252 252 252 252 252 251 251 252 251 251 251 251 250 250 250 250 250 249 249 249 251 251 251 250 250 251 252 252 251 251 252 252 252 252 252 251 251 250 250 250 250 250 250 250 250 251 252 252 252 252 252 251 251 251 251 252 252 252 252 252 252 252 253 253 253 253 253 253 253 253 254 254 254 254 254 254 254 254 253 254 254 254 254 254 255 255 255 254 255 255 255 255 255 254 254 254 253 253 253 253 253 253 253 254 254 254 254 253 253 253 253 253 252 253 253 253 253 253 252 252 253 253 253 254 253 253 253 253 253 254 255 254 254 254 254 255 255 255 255 254 254 253 253 254 254 254 253 253 253 253 253 253 254 253 253 254 254 254 254 255 255 254 254 253 252 252 252 253 253 254 254 255 255 255 255 254 254 255 255 255 255 255 255 256 256 257 256 255 255 255 255 255 257 257 257 257 257 257 257 257 257 258 258 258 257 257 257 257 257 257 256 256 256 257 257 257 256 256 256 256 256 256 256 256 256 256 256 256 256 256 256 256 256 256 256 256 256 256 256 256 256 256 255 255 255 256 256 255 255 255 255 255 255 255 255 255 256 256 256 256 256 256 256 256 256 256 256 256 255 255 255 256 256 256 255 255 256 256 256 256 256 256 255 255 256 256 256 256 256 255 255 256 255 256 256 256 256 256 255 255 255 255 255 255 255 256 256 255 255 255 255 255 255 255 255 255 255 255 255 255 256 256 255 256 255 255 256 256 256 256 256 256 255 255 255 255 255 254 254 254 254 254 254 254 254 254 254 254 253 253 253 252 253 253 252 252 252 253 252 252 252 252 252 252 252 252 251 251 252 251 252 252 251 251 251 251 251 251 252 251 251 252 252 252 252 252 251 251 252 252 252 252 252 252 251 251 252 252 251 250 250 251 251 250 250 251 250 249 249 249 249 249 250 250 251 251 250 250 250 251 251 252 252 252 253 252 252 252 252 252 252 251 251 250 250 250 250 250 250 251 251 251 252 252 252 252 251 251 251 251 251 252 252 252 252 252 252 253 253 253 253 253 253 253 253 253 253 253 253 253 253 253 253 253 253 253 254 254 255 254 255 255 255 255 255 255 255 255 255 254 253 253 253 253 253 253 253 254 254 253 253 253 253 252 253 252 252 253 253 253 253 253 253 252 253 253 254 254 254 254 254 254 254 254 255 254 254 254 254 255 255 255 255 255 255 254 254 253 253 253 253 254 254 253 253 253 252 253 253 254 254 254 254 254 254 255 254 253 253 252 252 253 253 254 254 255 255 255 254 254 254 255 255 254 254 254 255 255 255 255 255 255 255 255 255 255 257 257 257 257 257 257 257 258 258 258 258 257 257 257 257 257 257 257 257 257 257 256 257 257 256 256 256 256 256 256 256 256 256 256 256 256 256 256 256 256 256 256 256 256 256 256 256 256 256 256 255 255 255 256 256 255 255 255 255 255 255 255 256 256 256 256 256 256 256 256 256 256 256 256 256 256 255 255 255 256 256 256 255 256 256 256 256 256 256 256 256 255 256 256 256 256 256 256 256 256 255 255 256 256 256 256 256 256 255 255 255 255 256 256 255 255 255 255 255 255 255 255 255 255 255 255 255 255 256 256 255 255 255 255 255 255 255 255 255 255 255 255 255 255 254 254 254 254 254 254 254 254 254 254 253 253 253 253 253 252 253 253 253 253 253 253 253 253 252 252 252 252 252 252 252 251 251 251 251 252 252 252 252 252 251 252 252 252 252 252 252 252 252 252 252 252 252 252 252 252 252 251 250 251 251 252 251 251 250 251 251 250 250 250 250 249 249 249 250 250 251 251 251 250 250 250 250 250 250 251 252 251 252 251 251 252 253 253 253 252 251 251 251 250 250 249 250 250 250 250 251 251 252 252 252 252 252 252 252 252 252 252 253 253 253 253 253 253 253 253 253 253 253 253 253 253 253 253 253 254 254 253 254 254 254 254 254 254 255 254 254 254 255 255 255 255 255 255 254 253 253 253 253 253 253 253 254 254 254 254 253 253 252 253 253 253 253 254 253 253 253 253 252 253 254 254 254 254 255 255 255 254 254 254 254 254 254 254 255 254 254 254 254 254 253 253 253 254 254 254 254 254 254 254 253 253 253 254 254 254 254 254 253 253 253 253 253 252 253 253 254 254 254 254 254 254 254 254 254 254 254 254 254 254 254 254 255 255 256 256 255 255 255 255 257 257 257 257 257 257 257 257 257 258 257 257 257 257 257 257 257 257 257 257 257 257 256 257 257 256 256 256 256 256 256 256 256 256 256 256 256 256 256 256 256 256 256 256 256 256 256 256 256 256 255 256 256 256 255 255 255 255 255 255 255 256 256 256 256 256 256 256 256 256 256 256 256 256 256 256 256 255 255 256 256 256 256 256 256 256 256 256 256 256 256 255 256 256 256 256 256 256 256 256 255 255 256 256 256 256 256 256 256 255 255 255 256 255 255 255 255 255 256 256 255 255 256 255 256 256 256 255 256 256 255 256 255 254 255 255 255 255 255 255 255 255 255 255 254 254 254 255 255 254 254 254 254 254 253 253 253 253 252 253 253 253 253 253 253 253 253 253 252 252 252 252 252 252 252 252 252 251 251 251 252 252 252 252 252 252 252 252 252 252 251 252 252 253 252 252 251 251 251 251 252 252 250 250 250 251 251 251 251 250 250 251 251 250 250 249 250 250 250 251 252 252 252 251 250 250 250 251 250 250 251 251 251 251 251 252 252 252 252 253 253 252 251 250 250 250 250 249 249 249 250 250 250 251 251 252 252 252 253 253 253 253 253 253 253 253 254 253 253 253 253 253 253 253 254 254 254 254 253 253 253 254 254 253 254 254 254 254 254 255 255 254 254 255 255 255 255 255 255 255 254 254 253 253 253 254 254 254 254 254 254 253 253 253 253 254 254 254 253 253 253 253 253 253 253 253 253 254 254 255 255 255 254 254 254 254 254 254 254 254 254 254 254 254 253 253 254 254 254 254 254 255 255 254 253 253 253 252 253 253 254 254 254 254 254 253 253 253 252 253 253 253 253 253 253 254 254 254 254 254 254 254 254 254 255 255 255 255 256 256 256 256 255 255 256 257 257 257 257 257 257 257 256 257 257 257 257 257 257 257 257 257 257 257 257 257 257 256 256 256 257 256 256 256 256 256 256 256 256 256 256 256 256 256 256 256 256 256 256 256 256 256 256 256 256 255 256 255 255 255 255 255 255 255 256 255 255 256 256 256 256 256 256 256 255 256 256 256 256 256 255 255 256 255 256 256 256 256 256 256 256 256 256 256 256 256 255 256 256 256 256 256 256 256 256 256 255 255 255 256 256 256 256 256 256 255 255 256 255 255 255 255 256 255 255 256 256 256 255 255 255 255 255 255 256 255 255 255 254 255 255 255 255 255 255 255 255 255 255 255 255 255 254 255 254 254 253 253 253 253 253 253 253 253 253 253 253 253 253 253 253 253 253 253 253 253 252 252 252 253 252 252 251 251 251 251 252 252 252 252 252 251 252 252 252 252 252 252 252 252 252 251 252 252 252 252 253 253 251 251 250 250 250 250 251 251 250 250 250 250 250 250 251 251 251 252 252 252 252 252 251 251 252 252 251 251 250 250 251 251 252 252 252 252 253 253 253 252 252 251 251 251 250 250 250 250 250 249 250 250 251 252 252 252 252 253 254 253 253 253 253 253 253 253 254 254 254 254 254 253 253 254 254 254 254 253 253 253 253 254 254 254 254 254 254 255 254 254 255 255 255 255 255 255 255 255 255 254 254 253 253 253 253 253 254 254 253 253 253 253 253 254 254 254 254 253 253 254 253 253 253 254 254 253 254 254 255 255 255 255 255 255 255 255 254 254 254 254 254 253 253 254 254 254 255 255 255 256 255 254 254 254 253 253 253 253 253 254 254 255 254 253 253 252 252 253 253 253 253 254 254 254 254 254 254 253 254 254 254 254 254 255 255 256 256 256 256 256 256 256 256 257 257 258 258 257 257 257 257 256 256 257 257 257 257 257 257 256 257 257 257 256 256 256 256 256 256 256 256 256 256 256 256 256 256 256 256 256 256 256 256 256 256 256 256 256 256 256 256 256 256 255 256 255 255 255 255 255 256 255 256 256 255 256 256 255 256 255 255 255 255 255 256 256 256 256 255 256 255 256 256 256 256 256 256 256 256 256 256 256 256 255 256 256 256 256 256 256 256 256 256 256 256 256 255 255 256 256 256 256 256 256 256 256 255 255 256 256 256 256 256 256 256 256 255 255 255 255 255 255 256 255 255 255 255 254 255 255 255 255 255 255 255 255 255 255 255 255 254 254 254 253 253 253 253 253 253 253 253 253 253 253 253 253 253 253 253 254 254 253 253 253 252 253 253 253 253 252 252 251 251 252 252 251 251 251 252 252 251 252 252 252 252 252 252 251 251 252 252 252 251 251 252 253 252 252 251 250 250 250 250 250 250 250 250 250 250 250 250 250 251 252 252 251 251 251 251 251 252 252 252 252 251 250 251 252 252 252 252 252 253 253 253 253 253 252 252 251 251 251 251 251 250 250 249 250 250 251 251 252 251 252 252 252 252 253 253 253 253 253 253 253 254 254 254 254 253 254 254 254 254 254 254 253 253 253 254 254 254 255 255 255 255 254 254 254 255 255 254 254 255 255 255 255 254 253 253 253 253 253 253 253 253 253 253 253 253 253 254 254 254 253 254 254 253 253 253 253 254 254 254 255 255 255 255 255 255 255 255 254 254 254 254 253 253 254 254 254 254 254 255 256 256 256 256 255 254 254 254 253 253 253 254 254 254 254 254 253 253 253 252 253 253 254 254 254 255 255 254 253 253 254 254 254 255 254 254 255 256 256 257 257 257 258 257 256 256 257 258 258 258 257 257 257 257 256 256 256 256 257 257 257 257 257 257 257 257 256 256 256 257 256 256 256 256 256 256 256 256 256 256 256 256 256 256 256 256 256 256 256 256 256 256 256 256 256 256 255 255 255 255 255 255 255 255 256 256 256 256 255 256 255 255 255 255 255 255 255 255 256 256 256 256 256 256 255 256 256 256 256 256 256 256 256 256 256 256 256 256 256 256 256 256 256 256 256 256 256 256 256 256 255 255 256 256 256 256 256 256 256 255 256 256 256 256 256 256 256 256 256 255 255 255 255 255 255 255 255 255 255 255 254 254 255 255 255 255 255 255 255 255 255 255 254 254 254 254 254 253 253 253 254 254 254 254 253 253 253 253 254 254 254 254 254 254 254 253 253 253 253 253 253 253 252 252 251 252 251 251 251 251 252 252 251 252 252 252 252 252 251 251 251 252 252 252 251 251 252 252 252 253 252 251 251 250 250 250 250 250 250 250 250 250 250 250 251 252 252 252 251 251 251 251 251 252 252 252 252 251 251 251 252 252 252 252 252 253 253 253 252 253 253 252 251 251 250 251 251 250 250 249 250 250 250 251 251 251 251 252 252 252 252 252 253 253 253 254 254 254 254 254 254 253 254 254 254 254 254 254 254 253 254 254 254 254 255 255 255 255 255 255 254 254 254 255 255 255 255 255 254 254 254 253 253 253 253 253 253 254 253 253 253 253 253 254 254 254 254 254 253 253 253 253 254 255 255 255 255 255 255 255 255 254 254 254 255 254 254 254 255 254 255 254 254 255 256 256 256 257 256 255 255 255 254 254 253 253 253 253 253 254 254 253 253 252 252 252 253 253 253 253 253 253 253 253 253 254 254 254 255 255 255 255 256 256 257 257 257 258 257 257 256 258 258 258 258 257 258 257 256 257 257 257 256 257 257 257 257 257 257 257 257 257 256 256 256 256 256 256 256 256 256 256 256 256 256 256 256 256 256 256 256 256 256 256 256 256 256 256 256 256 256 255 255 255 255 255 255 256 255 256 255 256 255 255 255 255 256 255 256 256 255 255 255 255 256 256 256 256 256 256 256 256 256 256 256 256 256 256 256 256 256 256 256 256 256 256 256 256 256 256 256 256 256 256 256 256 255 255 256 256 256 256 256 256 256 256 256 256 256 256 256 256 256 255 255 255 255 256 255 255 255 255 254 254 254 254 254 255 255 255 255 255 255 255 255 254 254 254 254 254 254 254 253 254 254 254 254 254 254 254 254 254 254 254 254 254 254 254 254 254 254 253 253 253 254 253 253 253 252 251 252 251 251 251 251 251 251 252 251 251 252 251 251 252 252 252 252 252 251 251 251 251 252 253 254 252 251 250 250 250 250 250 250 250 250 250 251 252 252 252 252 251 251 252 251 251 251 252 252 253 252 251 251 252 252 252 252 252 253 253 252 252 252 252 252 252 251 251 250 250 250 249 250 250 250 250 251 251 251 252 251 251 252 251 252 252 252 252 253 253 253 253 254 254 254 254 254 254 254 254 254 253 253 253 254 254 254 254 255 255 255 255 255 255 255 255 255 255 255 255 255 254 254 253 253 253 254 254 253 254 254 253 253 253 253 253 254 254 253 253 253 253 253 253 253 254 254 255 255 255 255 255 254 254 254 255 255 254 254 255 255 256 255 256 256 255 255 256 256 256 256 256 255 254 254 254 253 253 253 254 253 253 253 253 253 252 252 252 253 252 252 253 253 253 253 253 253 254 254 255 255 255 255 256 256 256 256 256 257 257 257 257 256 256 258 258 259 258 258 258 257 257 257 257 257 256 256 256 256 257 257 257 257 257 257 257 256 256 256 256 256 256 256 256 256 256 256 256 256 256 256 256 256 256 256 256 256 256 256 256 256 256 256 256 255 255 255 255 255 255 256 255 256 256 255 256 255 255 256 256 256 256 255 255 256 256 255 256 256 256 256 256 256 256 256 256 256 256 256 256 256 256 256 256 256 256 256 256 256 256 256 256 256 256 256 256 256 256 256 256 256 256 256 256 256 256 256 256 256 256 256 256 256 256 256 256 255 255 256 256 255 255 255 255 254 254 254 254 254 254 254 255 255 255 255 255 255 255 255 255 255 255 255 255 254 254 253 253 253 253 253 253 254 254 254 254 254 254 254 254 254 254 254 254 254 253 253 254 253 253 253 252 252 252 252 251 251 251 251 251 251 251 251 251 252 252 252 251 251 251 252 252 252 251 252 252 253 253 253 254 254 254 251 251 250 250 250 250 250 250 251 251 252 251 251 252 252 251 251 251 252 252 252 253 253 252 252 252 252 252 253 253 253 253 252 252 251 251 251 251 252 252 251 250 250 250 250 251 252 252 252 252 252 252 252 252 252 252 252 252 252 252 252 253 253 254 254 254 254 254 254 254 254 254 254 253 253 254 253 254 254 254 254 255 255 255 255 255 255 255 255 255 255 255 255 255 255 255 254 253 253 254 254 254 254 253 253 253 252 253 254 254 254 254 253 253 253 254 254 254 253 255 256 256 255 254 254 254 254 255 255 254 254 254 255 255 256 256 256 256 256 256 256 256 256 256 256 255 255 253 253 253 254 254 254 254 253 252 252 252 252 253 253 253 253 253 253 253 253 253 253 253 254 254 254 255 255 255 256 256 256 256 256 257 257 257 257 257 257 259 258 258 258 258 258 258 258 257 257 256 256 257 257 256 256 256 257 257 257 257 257 256 256 256 256 256 256 256 256 256 256 256 256 256 256 256 256 256 256 256 256 256 256 256 256 256 256 256 256 255 255 255 255 255 255 256 255 256 255 256 256 256 255 256 256 257 257 256 256 256 256 256 256 256 256 256 256 256 256 256 256 256 256 256 256 256 256 256 256 256 256 256 256 256 256 256 256 256 256 256 256 256 256 256 256 256 256 256 256 256 256 256 256 256 256 256 256 256 256 256 255 256 256 256 255 255 255 255 254 254 255 255 255 255 255 255 255 255 255 255 255 255 255 255 255 255 254 254 254 253 253 253 253 253 253 253 253 254 254 254 254 254 253 253 254 254 254 254 254 254 254 253 253 254 253 253 253 253 252 252 252 252 252 252 252 251 251 251 251 251 251 251 251 252 252 252 252 252 252 252 252 252 252 253 253 253 252 252 253 252 251 251 251 251 251 251 251 251 251 251 251 251 251 251 251 252 253 253 253 253 253 252 252 252 252 252 253 253 253 252 251 251 251 251 251 252 252 251 250 250 249 250 250 251 251 252 253 253 252 252 253 253 253 252 253 253 253 252 252 253 253 254 254 254 254 254 254 254 254 254 254 254 254 254 254 254 254 254 254 255 255 255 255 255 255 255 255 256 255 256 255 255 255 254 254 254 254 254 254 254 254 254 253 253 253 254 254 253 253 253 253 253 253 254 255 254 255 256 256 255 255 255 255 254 254 255 255 254 254 254 255 255 255 256 256 256 256 256 256 256 256 256 256 255 254 254 255 255 254 253 253 253 253 253 253 253 253 253 253 254 254 254 254 253 253 253 254 254 254 255 255 255 255 255 255 255 256 256 256 257 256 256 256 256 259 259 258 258 258 259 258 258 257 257 257 257 257 257 257 257 256 256 257 257 257 256 257 257 256 256 256 256 256 256 256 256 256 256 256 256 256 256 256 256 256 256 256 256 256 256 256 256 256 256 255 255 255 255 256 255 256 255 256 256 256 256 256 255 256 256 257 257 257 257 257 256 256 256 256 256 256 256 256 256 256 256 256 256 256 256 256 256 256 256 256 256 256 256 257 256 256 256 256 256 256 256 256 256 256 256 256 256 256 256 256 256 256 256 256 256 256 256 256 256 256 256 256 256 256 255 256 256 256 256 256 256 256 256 255 255 255 255 255 255 254 254 254 254 254 254 254 254 254 254 254 253 253 253 253 253 254 254 254 254 254 254 254 254 254 254 254 254 254 254 253 254 253 253 253 253 253 253 253 253 253 252 253 252 253 252 252 251 251 251 251 251 251 251 251 252 252 252 252 252 252 252 252 252 252 252 252 251 251 252 253 252 251 251 251 251 251 251 251 252 252 252 252 253 253 253 254 254 253 253 252 252 252 253 253 253 252 252 252 252 251 250 251 251 251 251 250 250 250 250 250 251 251 251 252 252 252 253 253 253 253 253 253 253 253 253 253 253 254 254 254 254 254 254 254 254 254 254 254 254 254 254 253 254 254 254 255 255 255 255 255 255 255 255 255 256 256 256 256 256 255 255 255 255 254 254 254 254 254 253 253 253 253 254 253 253 253 254 253 254 254 255 255 255 256 255 255 256 256 256 255 255 255 255 254 254 254 254 254 255 255 256 256 256 256 256 256 256 256 256 255 254 254 255 254 254 253 254 254 254 254 253 254 253 253 253 254 254 253 253 253 253 253 254 254 255 255 255 255 254 255 255 255 255 255 256 256 256 255 256 256 258 259 258 258 259 259 259 259 259 258 257 257 257 257 257 256 256 256 256 257 257 256 256 257 257 256 256 256 256 256 256 256 256 256 256 256 256 256 256 256 256 256 256 256 256 256 256 256 256 256 255 255 255 255 255 256 256 256 256 256 256 257 256 255 255 256 256 256 257 258 257 257 256 256 256 256 256 256 256 256 256 256 256 256 256 256 256 256 256 256 256 256 256 256 256 256 256 256 256 256 255 256 256 256 256 256 256 256 256 256 256 256 256 256 256 256 256 256 256 256 256 256 256 255 255 256 256 256 256 256 256 256 256 256 256 256 256 255 255 255 255 254 254 254 254 254 254 254 254 254 254 254 254 253 254 254 254 254 254 254 254 254 254 254 254 254 254 254 254 254 254 253 253 254 254 254 253 253 254 253 253 253 253 253 253 253 252 252 251 251 251 251 252 252 252 252 251 251 251 252 252 252 252 252 252 252 251 251 252 253 253 252 252 252 251 251 251 252 252 252 252 253 253 253 253 254 254 254 254 253 253 253 253 253 253 253 253 252 252 251 250 250 250 250 250 250 250 250 251 251 251 251 251 251 252 253 253 253 253 253 253 253 253 253 253 254 254 254 254 254 254 254 254 254 254 254 254 254 254 254 254 254 254 254 254 255 255 255 255 255 255 255 255 255 255 255 255 256 256 255 256 256 255 254 254 254 254 253 253 254 254 254 254 253 254 254 254 253 254 254 255 255 256 256 256 256 256 256 256 256 256 256 255 254 254 254 255 255 255 255 256 256 256 256 256 256 256 256 256 255 255 255 255 254 254 254 254 255 254 254 254 253 253 253 253 254 253 253 253 253 253 254 254 254 255 254 255 255 254 254 255 254 255 256 256 255 256 255 256 256 258 258 258 258 259 259 259 259 259 258 257 257 257 257 257 257 257 257 256 257 257 257 257 256 257 256 256 256 256 256 256 256 256 256 256 256 256 256 256 256 256 256 256 256 256 256 256 256 256 256 255 255 256 255 256 256 256 256 255 256 256 257 256 256 255 256 256 256 257 257 257 256 257 257 257 256 256 256 256 256 256 256 256 256 256 256 256 256 256 256 256 256 256 256 256 256 256 255 255 256 255 256 256 256 256 256 256 256 256 256 256 256 256 256 256 256 256 256 256 256 256 256 255 255 255 255 255 256 256 256 256 256 256 256 256 256 256 256 256 255 255 255 255 255 255 255 254 254 254 254 254 254 254 254 254 254 254 254 254 254 254 254 254 254 254 254 254 254 254 254 254 254 253 254 254 254 254 254 253 253 253 253 253 253 253 253 252 252 251 251 251 252 252 252 251 251 251 251 252 252 253 252 251 252 252 251 251 252 252 252 253 253 253 254 254 255 252 252 252 252 252 252 252 253 253 253 253 253 253 254 254 254 254 254 254 254 254 254 254 254 253 253 252 252 251 251 250 250 250 250 251 251 251 251 251 251 252 252 252 253 253 252 252 252 253 254 254 254 254 254 254 254 254 254 254 254 253 254 254 254 254 254 254 254 254 254 254 254 255 255 255 255 255 255 255 255 255 255 255 255 255 255 255 256 256 256 255 254 254 254 254 253 254 254 255 255 254 253 253 254 255 254 254 254 255 256 256 256 256 256 256 256 256 255 255 255 256 255 254 254 254 254 254 255 255 256 256 256 256 256 256 256 256 256 256 255 255 254 254 255 255 254 254 254 254 254 253 254 254 254 253 253 253 253 253 254 254 254 254 254 255 255 255 254 254 254 255 256 256 255 255 255 256 256 258 258 258 258 259 259 259 259 259 258 257 257 257 257 257 257 257 257 256 256 257 257 257 257 256 256 257 257 256 256 256 256 256 256 256 256 256 256 256 256 256 256 256 256 256 256 256 256 256 256 255 256 256 255 256 256 256 256 256 256 256 257 256 256 256 256 256 256 256 257 258 258 258 258 257 257 256 256 256 256 256 256 256 256 256 256 256 256 256 256 256 256 256 256 256 256 256 256 256 256 256 256 256 256 256 256 256 256 256 256 256 256 256 256 256 256 256 256 256 256 256 256 256 256 256 256 256 256 256 256 256 256 256 256 256 256 256 256 256 256 255 255 255 255 255 255 255 255 255 255 254 254 254 254 254 254 254 254 254 254 254 254 254 254 254 254 254 254 254 254 254 254 253 254 254 254 254 253 253 253 253 254 253 253 253 253 252 252 251 251 251 251 252 251 252 252 252 252 252 252 252 252 251 252 252 252 252 252 252 252 252 252 253 253 253 253 253 253 254 253 252 253 253 253 253 253 253 253 253 254 254 254 254 254 254 254 254 254 254 254 254 253 253 252 251 251 250 250 250 250 250 251 251 251 251 251 251 252 252 253 252 252 252 252 252 253 254 254 255 255 255 254 254 254 254 254 254 254 254 254 254 254 254 254 254 254 254 254 254 255 255 255 255 256 255 256 255 255 255 255 255 256 255 255 256 256 255 254 254 254 254 254 254 254 255 255 255 254 253 254 255 254 254 254 254 255 256 256 256 256 256 256 256 255 255 255 255 254 254 255 254 255 255 256 256 256 256 256 256 256 256 256 256 256 255 255 255 255 255 255 254 254 254 254 254 253 254 254 254 254 254 254 253 253 253 254 253 253 254 254 255 255 254 254 255 255 256 257 256 255 256 256 256 256 258 258 258 259 259 259 259 259 259 258 258 257 257 257 257 257 257 257 256 256 257 257 257 257 257 257 256 257 257 257 257 257 256 256 257 257 257 256 256 256 256 256 256 256 256 256 256 256 256 256 255 256 256 256 256 256 256 256 256 256 256 257 257 257 256 256 256 256 256 257 258 258 257 257 256 256 256 256 256 256 256 256 256 256 256 256 256 256 256 256 256 256 256 256 256 256 256 256 256 256 256 256 256 256 256 256 256 256 256 256 255 256 256 256 256 256 256 256 256 256 256 256 256 256 256 256 256 256 256 257 256 256 256 256 256 257 256 256 256 256 256 255 255 255 255 255 255 255 255 255 254 254 254 254 254 254 253 253 254 254 254 254 254 253 254 254 254 254 254 254 254 254 253 254 254 254 253 253 253 253 253 253 253 253 253 253 253 252 252 251 251 251 251 251 251 251 251 252 252 252 252 252 252 252 252 252 252 252 252 252 252 252 252 252 252 252 253 253 253 254 253 253 253 253 253 253 253 254 254 253 253 253 254 253 253 253 254 254 254 253 253 253 252 252 251 251 250 250 249 249 250 251 251 251 251 251 251 252 252 252 252 252 252 252 254 254 254 255 255 255 255 255 255 255 254 254 254 254 254 254 254 254 254 254 254 255 254 255 255 255 255 255 255 255 255 255 255 255 255 255 255 255 255 255 255 255 254 254 254 254 254 254 254 254 255 255 254 253 254 255 255 254 254 255 256 255 255 256 256 256 255 255 255 255 256 256 255 255 255 254 254 255 256 256 256 256 256 256 256 256 256 256 255 255 254 254 254 254 254 254 254 254 254 254 254 254 253 253 253 253 253 253 253 253 253 253 253 253 253 253 254 254 255 255 256 256 256 256 255 256 256 256 256 258 258 258 258 258 258 259 259 258 258 257 257 257 257 257 257 257 257 257 256 256 257 257 257 257 257 257 256 257 256 256 256 256 256 257 257 256 256 256 256 256 257 257 257 256 257 256 257 257 256 255 256 256 256 256 256 256 256 256 257 257 257 258 258 257 257 256 257 257 258 258 258 257 257 257 257 257 257 257 257 256 256 256 256 256 256 256 256 256 256 256 256 256 256 257 256 257 256 257 257 256 256 256 256 256 256 256 256 256 256 255 255 256 256 256 256 256 256 256 256 256 256 256 256 256 257 256 256 256 257 257 256 257 257 257 256 256 256 256 256 256 256 255 255 255 255 255 255 255 254 254 254 254 254 254 253 253 253 253 253 253 253 253 254 254 254 254 254 254 254 254 254 254 254 254 253 253 253 254 254 253 253 253 253 253 253 252 253 252 252 252 252 251 251 251 251 251 251 252 251 252 251 252 252 252 252 253 253 252 252 252 252 252 253 253 253 254 254 254 255 253 253 253 253 253 253 253 253 253 253 253 253 253 253 253 253 253 253 252 252 252 251 252 251 251 250 250 249 250 250 250 250 250 250 251 252 252 252 251 251 252 252 253 254 254 254 254 254 254 255 255 255 254 254 254 254 254 254 254 254 254 254 254 254 255 255 255 255 255 255 255 255 255 255 255 255 255 255 256 256 256 256 256 256 255 255 254 254 254 254 254 255 255 255 254 254 255 255 255 254 254 254 255 255 255 255 256 256 255 255 255 256 256 256 255 256 255 254 255 255 256 256 256 256 256 256 256 256 256 256 256 255 254 254 254 254 255 255 255 255 254 254 254 253 253 253 253 253 253 253 253 253 253 254 254 254 254 255 254 254 254 254 255 255 255 255 255 256 256 256 257 258 258 259 259 259 258 259 259 259 259 258 257 257 257 257 257 257 257 257 256 256 257 257 257 257 258 257 257 256 256 256 256 256 256 256 256 256 256 256 256 256 256 256 256 256 256 256 257 256 256 255 256 256 256 256 256 257 257 257 257 257 257 257 258 258 258 257 257 258 258 258 258 259 259 258 257 257 258 258 257 257 257 257 257 257 256 256 256 256 256 256 256 257 257 257 257 257 257 257 256 256 257 256 256 256 256 256 256 256 256 256 255 256 256 256 256 256 256 256 256 257 256 256 256 256 256 256 256 256 256 257 256 256 256 257 256 256 256 256 256 256 256 256 255 255 255 255 255 255 254 254 254 254 254 253 253 253 253 253 253 253 253 253 253 253 254 254 254 254 254 254 254 254 254 254 253 253 254 253 254 253 253 253 253 253 252 252 252 252 252 251 252 252 251 251 251 251 251 251 251 252 252 252 252 252 252 252 252 252 253 253 252 252 252 253 254 255 255 255 255 256 253 253 254 253 253 253 253 253 253 253 253 253 253 252 251 251 251 251 252 252 251 250 250 250 250 250 250 250 251 251 251 251 251 251 252 252 253 253 254 254 254 254 254 254 255 255 255 254 254 254 254 254 254 254 254 254 254 254 254 255 255 255 255 255 255 255 255 255 255 256 256 256 255 256 256 256 256 256 256 255 254 254 253 254 254 255 255 255 254 254 254 254 255 255 255 254 255 255 256 255 255 255 255 256 256 255 256 256 255 255 256 256 255 255 256 256 256 256 256 256 256 256 256 256 256 255 255 254 254 254 254 254 254 255 255 255 254 254 253 253 253 253 253 253 253 253 254 254 254 254 254 255 255 255 254 254 254 254 254 255 255 255 256 256 257 257 259 258 259 259 259 259 259 259 259 259 258 258 257 257 257 257 257 257 257 257 257 257 257 257 257 257 258 257 257 256 256 256 256 256 257 256 256 256 256 256 256 256 256 256 256 257 257 257 257 256 256 256 256 257 257 257 257 257 257 257 257 257 257 258 257 257 257 257 258 258 257 257 258 259 258 258 259 258 258 257 257 257 257 256 256 256 256 256 256 256 257 256 257 257 257 258 258 257 257 257 257 257 257 257 257 257 257 257 256 256 256 255 256 256 256 256 256 256 256 256 256 256 257 256 256 256 256 256 256 256 256 256 256 256 256 256 256 256 256 256 256 256 256 256 256 255 255 255 255 255 255 254 254 254 254 254 254 253 253 253 253 253 253 253 253 253 254 254 254 254 254 254 254 253 253 253 253 253 253 254 254 253 253 253 253 253 252 252 252 252 251 251 252 252 251 252 252 251 251 251 251 252 252 252 252 252 252 253 252 252 253 253 252 253 253 254 254 254 253 254 254 255 255 255 254 254 254 254 254 253 254 253 253 253 253 253 253 253 253 253 253 252 251 251 251 250 251 251 251 251 250 250 250 251 251 250 250 250 251 251 251 251 252 253 254 254 254 254 254 254 254 254 254 255 255 255 255 255 255 255 255 255 255 254 254 254 254 254 254 255 255 255 255 255 256 255 255 255 255 255 256 256 256 256 256 256 256 255 255 256 255 254 254 254 254 254 255 254 254 254 254 255 255 255 255 255 256 256 255 255 255 255 256 255 256 256 256 255 256 256 256 255 255 255 255 255 256 256 256 256 256 256 256 256 255 255 255 254 254 254 254 254 254 254 254 254 254 254 253 253 253 253 253 253 253 253 254 254 255 255 256 255 254 254 254 254 255 255 255 255 255 255 256 257 257 259 259 259 259 259 259 259 259 259 259 259 258 257 257 257 257 257 258 258 257 257 257 257 257 256 257 257 257 257 257 256 256 256 256 257 257 257 256 256 256 256 256 256 256 257 257 257 257 257 257 256 257 257 257 257 257 257 257 257 257 257 257 257 257 257 257 257 258 258 258 257 257 258 258 258 258 258 258 258 257 257 257 257 257 257 256 256 256 256 256 257 257 257 258 257 257 257 257 257 257 257 257 257 257 257 257 257 256 256 256 256 256 256 256 256 256 256 256 256 256 256 256 256 256 256 256 256 256 256 256 256 256 256 256 256 256 256 256 256 256 256 256 256 256 255 255 255 255 255 255 255 255 254 255 254 254 254 253 253 254 254 253 253 253 253 253 253 253 254 254 254 253 253 253 253 253 253 253 253 253 253 253 253 254 253 253 253 253 252 252 251 251 252 253 252 252 252 252 252 252 251 251 252 252 252 253 252 253 253 252 252 253 253 253 253 254 253 253 252 252 253 254 254 254 254 253 252 253 253 253 254 254 254 253 253 253 254 253 253 253 253 253 253 253 252 251 251 250 250 250 250 250 250 250 251 251 251 251 251 251 251 251 251 251 252 253 253 253 254 254 254 254 253 254 255 255 255 255 255 255 255 255 255 255 255 254 254 255 255 255 254 255 255 255 255 255 255 255 255 255 256 255 255 256 256 255 256 256 256 256 256 256 255 254 254 254 255 255 255 254 254 254 254 254 255 255 255 255 256 256 256 256 255 255 256 255 256 256 256 255 256 256 256 255 255 256 256 256 256 256 256 256 256 255 255 255 254 254 254 254 254 254 253 254 254 254 254 254 254 254 254 254 254 253 253 253 253 253 254 254 254 255 256 255 254 254 255 255 256 256 256 255 256 256 255 256 256 259 259 259 259 259 259 259 259 259 259 259 258 257 257 257 258 257 258 257 257 257 257 257 257 257 257 256 257 257 257 257 256 256 257 257 257 257 257 256 256 256 256 256 256 256 257 257 257 258 258 257 257 257 257 257 257 257 257 257 257 257 257 257 257 257 257 258 258 258 257 257 257 258 257 257 257 258 258 258 258 258 258 258 257 257 257 257 256 256 256 257 257 257 257 257 257 257 257 257 257 257 256 256 257 256 256 256 256 256 256 256 256 256 256 256 256 256 256 256 256 256 256 256 256 256 256 256 256 256 256 256 256 256 256 256 256 256 256 256 256 256 256 255 255 255 255 255 255 255 255 255 255 255 254 255 255 254 254 254 254 254 253 253 253 253 254 254 254 254 254 254 253 253 253 253 253 253 253 253 253 253 253 253 253 253 253 253 253 253 252 252 251 251 252 253 252 252 252 253 252 252 251 251 252 252 252 252 252 253 253 253 253 254 254 254 253 252 252 252 252 252 252 253 253 254 253 252 252 252 252 252 253 254 254 254 253 254 254 253 253 253 253 252 252 251 251 250 250 250 250 250 250 250 250 251 251 251 252 251 251 251 251 251 251 251 252 252 252 253 254 254 254 253 254 254 254 254 255 255 255 255 254 254 254 254 254 255 255 255 255 255 254 255 255 255 255 255 255 255 255 255 255 255 255 255 255 255 255 255 255 256 256 255 254 254 254 254 255 255 254 255 254 254 255 255 256 256 256 256 256 256 256 255 256 256 256 256 256 256 255 256 256 256 255 255 256 256 256 256 256 256 256 255 255 255 254 254 254 254 254 254 254 254 253 254 254 254 254 254 254 254 254 254 254 253 253 253 253 254 254 255 255 256 255 255 254 255 255 256 256 256 256 256 256 256 256 257 259 260 260 259 259 259 259 259 259 260 259 258 258 257 257 257 257 257 257 257 258 257 258 257 257 257 257 256 256 257 257 257 257 257 257 257 256 256 256 256 256 256 256 256 257 257 257 257 257 258 257 257 257 257 257 257 257 257 257 257 257 256 257 256 257 257 257 257 257 257 257 257 257 257 257 257 258 257 257 257 258 258 258 258 258 258 257 257 257 257 257 257 257 257 257 257 257 257 257 257 257 257 256 256 256 256 256 256 256 256 256 256 256 256 257 257 257 256 256 256 256 256 256 256 256 256 256 256 256 256 256 256 256 256 256 256 256 256 255 255 256 256 255 255 255 255 255 255 255 255 255 255 255 255 255 254 254 254 255 255 255 254 254 254 254 254 253 254 253 254 253 253 253 253 253 253 253 253 253 253 253 252 253 253 253 253 253 253 253 253 252 251 251 252 253 252 252 252 252 252 252 252 251 251 252 252 252 253 253 254 254 254 254 254 254 254 253 252 252 251 251 252 253 252 252 253 253 252 252 252 253 253 254 254 253 253 253 254 254 254 253 253 252 251 250 250 251 251 251 251 251 250 250 250 250 250 250 251 251 251 251 252 252 252 252 252 252 253 252 252 253 254 254 253 254 254 254 254 254 254 255 255 255 254 254 254 255 254 255 255 255 255 255 254 255 255 255 255 255 255 255 255 255 255 255 255 255 255 255 255 255 255 256 255 254 254 255 254 255 255 255 255 255 255 256 256 256 256 256 256 257 256 256 256 256 256 256 257 256 256 255 255 256 256 256 255 255 256 256 256 257 256 256 255 255 254 254 254 254 254 255 255 255 254 254 253 254 254 254 253 253 254 254 254 253 253 253 254 254 254 254 254 255 255 255 255 255 255 256 256 257 257 257 257 257 257 256 256 259 260 260 259 259 259 259 259 259 259 258 258 258 258 258 258 258 258 257 257 258 257 258 257 257 257 257 257 257 256 257 257 257 257 257 257 257 257 257 256 256 256 256 256 257 257 257 257 257 257 257 257 257 257 257 257 257 257 256 257 257 256 257 256 257 257 257 257 257 257 257 257 257 257 257 258 257 258 257 257 257 257 257 257 257 257 257 257 257 257 257 257 257 257 257 257 257 257 257 257 256 256 256 256 256 256 256 256 256 256 256 256 256 257 257 257 257 257 257 256 256 256 256 256 256 256 256 256 256 257 257 256 256 256 256 256 256 256 256 256 256 256 256 255 255 255 255 255 255 255 255 255 255 255 255 255 255 255 255 255 255 255 255 255 255 254 254 253 253 253 253 254 254 254 254 254 255 254 254 254 253 253 252 253 253 253 253 253 253 253 253 252 251 251 252 252 252 252 252 252 252 252 252 251 252 252 252 252 253 254 254 254 254 253 253 253 253 253 252 252 251 252 252 252 252 253 252 252 252 252 253 253 253 253 253 253 253 254 254 254 253 252 251 250 251 251 251 252 251 251 251 251 250 250 250 250 250 250 250 250 251 251 251 252 252 253 253 254 254 252 253 254 253 253 253 253 253 254 254 254 255 255 255 255 255 255 255 255 255 255 255 255 255 255 255 255 255 255 255 255 255 255 256 256 256 256 256 256 256 256 256 256 256 255 254 254 255 255 255 255 255 255 255 255 256 257 257 256 256 257 257 256 256 256 256 256 256 256 255 255 256 256 256 256 255 255 255 256 256 256 257 256 256 255 255 255 254 254 254 254 255 255 255 254 254 253 253 253 253 254 254 254 254 254 253 253 253 253 253 253 254 254 254 255 255 256 256 256 257 257 257 258 258 258 258 257 257 257 259 259 260 260 260 259 259 259 259 258 257 257 257 257 258 258 257 257 257 257 258 258 258 257 257 257 257 257 257 256 256 256 256 256 256 256 256 256 256 256 256 256 256 256 256 257 257 257 257 257 257 257 257 257 257 257 257 257 256 256 257 256 256 257 257 257 257 257 257 257 257 257 257 257 257 257 257 257 257 257 257 257 257 257 257 257 257 257 257 257 257 257 257 257 257 257 257 256 257 257 256 256 256 256 256 256 256 256 256 256 256 256 256 256 257 257 257 257 257 257 257 257 256 256 256 256 256 256 256 256 256 256 256 256 256 256 256 256 256 256 256 256 256 255 255 255 255 255 255 255 254 254 254 254 254 253 254 255 255 254 254 253 254 254 254 255 255 254 254 254 253 254 254 255 254 255 255 254 254 254 253 253 252 252 253 253 253 253 253 253 253 252 251 251 251 252 252 252 252 252 252 253 252 252 252 252 252 252 252 253 253 253 253 253 252 253 253 253 253 252 252 252 252 252 252 252 251 251 252 252 252 252 252 253 253 253 253 254 254 254 253 252 251 251 251 251 252 252 252 252 252 251 250 250 250 250 250 250 250 251 251 251 251 251 251 252 252 253 253 253 253 253 253 254 254 254 253 254 254 254 254 254 254 255 255 255 255 255 255 255 255 255 255 255 255 255 255 255 255 255 255 255 256 255 255 255 256 256 256 256 256 256 256 255 255 254 255 255 255 255 255 255 255 256 256 257 257 256 256 256 257 257 257 256 256 256 256 256 256 256 256 256 256 256 256 256 256 256 257 257 257 256 255 255 254 254 254 255 255 254 255 255 255 254 254 254 254 254 254 254 254 254 254 253 253 253 253 254 254 254 254 255 255 255 256 256 257 257 257 257 257 258 258 258 258 258 257 258 260 260 260 260 260 259 259 258 258 258 257 257 257 257 257 257 257 257 258 258 258 258 258 257 257 257 257 257 256 256 257 257 257 256 256 256 256 257 256 256 256 256 256 256 256 256 257 257 257 257 257 257 257 257 257 257 257 257 257 256 256 256 257 257 257 257 257 257 257 257 257 257 257 257 257 257 257 257 257 257 257 257 257 257 257 257 257 257 257 257 257 257 257 257 257 257 257 257 257 257 256 257 257 257 257 256 257 256 256 256 256 256 256 256 257 257 257 257 257 257 257 257 257 257 257 257 256 256 256 256 256 256 256 256 256 256 256 256 256 256 256 256 256 255 255 255 256 255 255 254 253 254 253 253 252 252 253 253 253 253 253 252 253 253 254 255 255 255 255 255 255 255 254 255 255 255 255 255 254 254 254 253 252 252 253 253 253 253 253 254 253 253 252 252 251 251 251 252 252 252 252 253 253 252 252 252 252 252 253 253 253 252 253 253 252 253 253 252 252 252 251 251 252 252 251 251 252 252 252 253 252 252 252 253 254 254 254 253 253 253 253 253 253 252 251 251 251 251 251 252 252 251 251 250 251 250 250 250 250 250 250 251 252 252 251 251 252 252 252 253 254 254 254 253 253 254 254 254 254 254 254 254 254 254 254 255 255 255 255 255 255 255 255 255 255 255 255 255 255 255 255 256 256 255 256 256 256 256 256 256 256 257 256 257 256 256 255 255 256 256 255 255 256 256 256 256 257 257 256 256 257 256 257 257 257 257 257 257 257 257 257 257 257 257 257 257 257 257 256 256 256 256 255 255 255 255 254 254 254 255 254 255 255 254 254 254 254 254 254 254 253 254 253 253 253 253 253 253 253 254 254 254 254 255 255 255 256 257 258 257 257 258 258 258 258 258 259 258 258 258 258 258 258 257 257 256 256 256 256 256 256 256 256 255 256 256 255 255 256 256 256 256 255 255 255 255 255 255 255 255 255 256 255 255 255 255 254 254 254 255 255 255 255 255 254 254 255 255 255 255 255 255 255 255 255 255 255 255 255 255 255 255 255 255 255 255 255 255 255 255 255 255 255 255 255 255 255 255 255 255 255 255 255 255 255 256 256 256 256 255 256 255 256 256 256 255 255 255 255 257 257 257 257 257 257 257 257 257 257 257 257 257 256 257 257 257 257 257 257 257 257 257 257 257 257 257 257 257 257 256 256 256 256 256 256 256 256 256 256 256 256 256 256 256 256 255 255 254 255 255 254 254 253 253 253 254 254 254 253 253 253 253 254 254 254 254 255 255 256 256 256 256 255 256 256 256 256 256 255 255 255 254 253 254 254 254 254 254 254 254 254 253 253 253 252 252 253 253 253 253 253 253 253 252 252 252 253 253 253 253 252 252 252 252 253 253 253 252 252 253 253 253 253 252 253 253 254 254 254 254 254 254 255 255 255 254 254 254 253 253 253 252 252 251 251 252 252 252 251 251 250 251 251 250 250 250 251 250 250 250 251 252 252 252 253 253 252 253 253 254 253 253 252 253 254 254 255 255 254 254 254 254 255 255 255 255 255 255 255 255 255 255 255 255 255 255 255 255 256 255 255 256 256 256 256 256 256 256 256 256 256 256 256 256 256 255 256 256 256 256 256 256 256 257 256 256 255 255 256 255 256 257 257 257 257 257 257 257 258 257 257 257 257 258 258 257 257 256 256 256 256 256 255 254 254 254 255 255 255 255 254 255 254 254 255 254 254 253 253 253 253 253 253 253 253 254 254 254 254 255 255 255 255 255 255 256 257 258 257 258 258 258 258 258 259 259 259 258 258 257 257 257 257 257 257 256 256 256 256 257 256 256 256 256 256 255 255 255 255 255 255 254 254 255 255 255 255 255 255 255 255 255 255 254 254 255 255 255 255 256 255 254 254 254 255 255 255 255 255 255 255 255 255 255 255 255 255 255 255 255 255 255 255 255 255 255 255 255 255 255 255 255 255 255 255 255 255 255 255 255 256 255 255 256 256 256 256 256 256 255 256 256 256 256 255 256 256 257 257 257 257 257 257 257 257 257 257 257 257 257 257 257 257 257 257 257 257 257 257 257 257 257 257 257 257 257 257 257 256 256 256 256 256 256 256 256 256 256 256 256 256 256 256 255 255 256 256 256 255 255 254 254 254 255 255 255 254 253 254 254 253 254 254 254 254 255 255 255 255 255 255 255 255 255 255 255 255 254 254 254 253 254 254 254 254 254 253 254 254 254 253 253 253 253 253 253 253 253 253 253 252 252 252 252 253 253 253 253 253 253 253 252 252 252 252 252 252 253 253 253 254 254 253 254 254 254 255 255 255 255 255 254 254 254 254 254 253 252 252 252 252 251 252 251 251 250 251 251 250 251 251 251 250 250 249 250 250 251 251 252 252 252 253 254 254 254 254 253 253 253 253 254 254 255 255 255 254 255 255 255 255 255 255 255 255 255 255 255 255 255 255 255 255 255 256 256 256 256 256 256 256 256 256 256 256 256 256 256 256 256 256 256 256 256 256 257 256 256 256 256 256 255 255 255 255 256 256 257 257 257 257 257 258 258 257 257 257 258 258 258 257 256 255 255 255 256 256 255 255 255 254 255 254 254 254 254 254 254 254 254 254 254 254 254 253 253 253 253 253 253 253 254 254 255 255 254 254 254 254 255 256 257 257 258 258 258 258 258 258 259 259 259 258 258 257 257 257 257 257 256 256 256 256 257 257 257 256 256 256 256 255 255 255 255 255 255 255 255 255 254 255 255 255 255 256 255 254 254 255 254 255 255 256 255 255 255 255 255 255 255 255 255 255 255 255 255 255 255 255 255 255 255 255 255 255 255 255 255 255 255 255 255 255 256 255 255 256 255 255 255 255 255 255 255 255 255 255 255 256 256 256 256 256 256 256 256 256 256 256 256 255 255 257 257 257 257 257 257 257 257 257 257 257 257 257 257 257 257 257 257 257 257 257 257 257 257 257 257 256 256 256 256 256 256 256 256 256 256 256 256 256 256 256 256 256 255 255 255 255 255 256 256 256 255 255 254 254 254 254 255 255 254 254 253 254 253 253 254 254 254 254 254 254 255 254 254 254 254 254 255 255 255 255 254 254 254 254 254 254 254 253 253 253 253 254 253 253 253 253 253 252 252 252 253 253 252 252 252 252 253 253 252 253 252 253 253 253 252 252 252 252 253 253 253 254 254 254 254 254 254 255 255 254 254 254 254 253 253 254 255 255 255 253 252 252 251 251 251 251 251 251 251 251 251 252 251 251 250 251 250 250 249 250 251 251 251 252 254 254 254 254 255 254 253 253 253 254 254 254 255 255 254 255 255 255 255 255 255 255 255 255 255 255 255 255 255 255 255 255 255 255 256 256 256 256 256 256 256 256 256 256 256 256 256 256 256 256 256 256 256 256 256 257 256 256 255 255 255 255 256 256 256 256 257 257 257 257 258 258 258 257 257 258 258 258 257 256 255 254 255 255 256 256 256 255 255 254 254 253 253 253 254 253 254 254 254 254 254 254 253 253 253 254 254 254 254 254 254 254 254 254 254 254 254 255 256 256 257 258 258 258 258 258 258 258 259 259 258 257 257 256 256 256 256 256 256 256 257 257 257 257 256 257 256 256 256 256 256 255 256 256 255 255 255 254 255 255 255 255 256 255 255 254 255 254 255 255 255 255 255 255 254 255 255 255 255 255 255 255 255 255 255 255 255 255 255 255 255 255 255 255 255 255 255 255 255 255 255 255 255 255 256 255 255 255 255 255 255 255 255 255 255 255 256 256 256 256 256 256 256 256 256 256 256 256 256 255 257 257 257 257 257 257 257 257 257 257 257 257 257 257 257 257 257 257 257 257 257 257 257 257 257 257 257 257 257 256 256 256 256 256 256 256 256 256 256 256 256 255 255 255 255 255 255 255 255 255 255 255 255 255 255 254 254 255 255 254 254 253 253 253 253 253 254 254 254 255 255 254 254 254 255 255 255 255 254 255 255 255 254 254 254 254 254 253 253 253 253 253 253 253 253 253 253 253 253 252 251 252 252 252 252 252 253 253 253 252 252 252 252 252 252 252 252 253 253 253 253 254 254 254 253 254 254 254 254 254 254 253 254 253 253 254 255 255 255 255 255 253 253 252 252 252 252 251 251 251 251 251 251 252 252 251 251 251 251 251 251 250 249 250 251 251 252 253 254 254 255 255 255 254 254 254 254 254 254 255 255 255 255 255 254 255 255 255 255 255 255 255 255 255 255 255 255 255 255 255 255 256 256 256 256 256 256 256 256 256 256 256 256 256 256 256 256 256 256 256 256 256 256 256 256 255 255 255 255 255 255 256 256 257 257 257 257 258 258 258 257 257 258 258 258 257 256 255 254 255 255 255 256 255 255 254 254 254 253 253 254 254 254 254 254 254 254 254 254 254 253 253 254 254 254 255 254 254 254 254 254 254 254 255 255 256 256 257 257 257 258 258 258 258 258 259 259 259 259 257 257 257 256 257 257 257 257 257 257 257 257 256 256 256 256 256 256 256 256 256 256 256 255 255 254 255 255 255 255 256 256 255 255 255 255 255 255 255 255 255 255 255 255 255 255 255 255 255 255 255 255 255 255 255 255 255 255 255 255 255 255 255 255 255 255 255 255 255 255 255 255 256 255 255 256 255 255 255 255 255 255 255 255 256 256 256 256 256 256 256 256 256 256 256 256 256 255 257 257 257 257 257 257 257 257 257 257 257 257 257 257 257 257 257 257 257 257 257 257 257 257 257 257 257 257 257 256 256 257 257 257 256 256 256 256 256 256 255 255 255 255 255 255 255 255 255 255 255 255 256 256 256 255 255 255 255 255 255 254 254 253 253 253 253 254 254 254 254 254 254 255 255 255 254 255 255 255 255 255 254 254 254 253 253 253 253 253 253 253 253 254 254 253 253 253 253 253 252 251 252 252 252 252 253 252 252 252 252 252 252 252 252 253 253 253 253 253 253 254 254 253 253 253 254 254 254 254 253 253 253 253 254 254 255 255 255 254 254 253 253 253 253 252 252 252 251 251 251 251 252 252 252 252 251 252 252 252 252 251 251 250 250 252 252 252 253 254 254 254 255 255 255 254 255 255 255 254 254 254 254 254 254 254 254 255 255 255 255 255 255 255 255 255 255 255 256 255 256 256 255 255 255 256 256 256 256 256 256 256 256 256 256 255 256 256 256 256 256 256 256 256 256 256 255 255 255 256 256 256 256 256 256 257 257 257 258 258 258 257 257 258 258 257 256 256 254 254 254 255 255 255 255 255 254 254 254 254 254 254 254 254 254 254 254 254 253 254 254 253 253 254 254 254 254 254 254 254 254 255 255 255 255 255 256 257 257 257 257 257 258 258 258 258 259 259 259 258 257 257 257 256 257 257 257 257 257 256 256 256 256 256 256 255 255 256 256 256 256 256 256 255 255 255 255 255 255 255 255 256 256 256 255 255 255 256 256 256 256 255 255 255 256 255 256 256 255 255 255 255 255 255 255 255 255 255 255 255 255 255 255 255 255 255 255 255 255 255 255 255 255 256 255 255 256 255 255 255 255 255 255 255 256 256 256 256 256 256 256 256 256 256 256 256 255 255 257 257 257 257 257 257 257 257 257 257 257 257 257 257 257 257 257 257 257 257 257 257 257 257 257 257 257 257 257 257 256 257 257 257 256 256 256 256 256 256 256 256 255 255 255 255 255 255 255 256 255 255 255 255 255 256 255 255 255 255 255 254 254 254 254 254 253 253 254 254 254 254 254 254 255 254 254 254 255 255 254 255 254 254 254 253 253 253 253 253 253 253 253 254 254 253 253 253 253 253 253 252 252 252 252 252 252 252 251 251 251 252 253 252 252 252 252 252 252 253 254 254 254 252 253 254 254 254 254 254 254 253 253 253 253 254 255 254 254 253 253 253 253 253 253 253 252 252 251 251 252 252 252 252 252 251 252 252 252 252 252 251 251 250 250 251 252 252 253 253 254 254 254 255 255 255 255 255 255 255 254 254 254 254 254 254 255 255 255 255 255 255 255 255 255 255 255 255 255 256 256 256 256 256 256 256 256 256 256 256 256 256 256 256 256 256 256 256 256 256 256 256 256 256 256 256 255 255 255 255 256 256 256 255 255 256 257 257 257 257 257 257 257 257 256 256 256 255 255 254 254 255 255 255 255 255 255 254 254 254 254 254 254 254 254 254 254 254 254 254 253 253 253 254 253 254 254 254 254 255 255 255 255 255 254 255 256 256 256 257 257 257 258 258 258 259 259 259 258 258 257 257 256 256 257 256 257 256 257 257 256 256 256 256 256 256 256 255 256 255 255 256 256 256 256 256 255 256 255 255 255 256 256 256 256 256 256 256 256 256 255 255 255 255 256 256 256 256 255 255 255 255 255 255 255 255 255 255 255 255 255 255 255 255 255 255 255 255 255 255 255 255 255 255 256 255 255 255 255 255 255 255 255 255 256 256 256 256 256 256 256 256 256 256 256 256 256 256 257 257 257 257 257 257 257 257 257 257 257 257 257 257 257 257 257 257 257 257 257 257 257 257 257 257 257 257 257 257 257 256 256 256 257 256 256 256 255 255 256 256 256 256 256 255 255 255 255 255 255 256 256 255 255 255 255 256 255 255 255 255 255 255 254 254 254 253 253 254 254 254 254 254 254 254 254 254 254 254 254 254 254 254 253 253 253 253 253 253 253 253 253 253 253 253 253 253 253 253 253 253 252 252 252 252 252 252 251 251 252 253 253 252 252 251 251 252 253 253 253 253 253 252 252 253 254 254 254 254 254 253 253 253 254 254 254 254 253 252 252 253 253 253 253 253 253 253 252 252 252 252 252 251 251 252 252 252 252 252 252 251 250 250 251 251 252 252 252 253 253 254 254 255 255 255 255 255 255 255 254 254 254 254 254 255 255 255 255 255 255 255 255 255 255 255 255 255 255 255 256 256 256 256 256 256 256 256 256 256 256 256 256 256 256 256 256 256 256 256 256 256 256 256 256 256 255 254 255 255 256 256 256 255 255 256 256 257 257 257 257 257 256 256 256 255 256 255 255 255 255 254 254 255 255 255 255 255 254 254 254 254 254 254 254 254 254 254 253 253 253 254 254 254 254 253 254 254 254 254 255 255 254 254 254 255 255 256 256 257 257 257 257 258 258 259 259 259 258 257 257 256 256 256 256 256 256 256 257 256 256 256 255 256 256 256 256 256 256 256 255 255 256 256 256 256 256 256 256 255 256 256 256 257 256 256 256 255 256 256 255 255 255 256 256 256 256 256 255 255 255 255 255 255 255 255 255 255 255 255 255 255 255 255 255 255 255 255 255 255 255 255 255 255 255 255 255 255 255 255 255 255 255 255 255 256 256 255 255 255 256 256 256 256 256 256 256 256 257 257 257 257 257 257 257 257 257 257 257 257 257 257 257 257 257 257 257 257 257 257 257 257 257 257 257 257 257 257 257 256 257 256 256 256 256 256 255 255 255 256 256 257 256 256 255 255 255 255 255 256 256 256 255 256 255 255 256 256 255 255 255 255 255 254 254 254 254 253 254 253 254 254 253 254 253 254 253 254 253 253 254 254 253 253 253 253 253 253 253 253 253 253 253 253 253 253 253 253 253 253 253 252 252 252 252 251 252 252 252 253 253 253 253 252 251 252 252 252 252 252 253 252 252 253 253 254 254 254 254 253 253 253 253 254 254 254 253 253 252 253 253 253 253 253 253 253 253 252 252 252 252 252 252 252 252 252 251 251 252 252 251 250 251 252 252 252 252 252 252 253 253 253 254 255 255 255 255 255 255 254 254 254 255 254 255 255 255 255 255 255 255 255 255 255 255 255 255 255 255 256 256 256 256 256 256 256 255 256 256 256 256 256 256 256 256 256 256 256 256 256 256 256 257 256 256 255 255 255 255 255 255 255 255 256 256 256 256 256 257 256 256 256 255 255 255 255 255 255 255 255 254 255 255 255 255 255 255 255 254 254 254 254 254 253 254 254 254 253 253 254 254 254 254 254 254 254 254 254 254 254 254 254 254 255 254 255 255 256 256 256 257 257 257 257 258 258 259 258 257 256 256 256 256 256 256 256 257 256 256 256 256 256 255 255 256 256 256 256 256 256 255 256 256 256 256 257 256 256 256 256 256 257 256 256 256 256 255 255 255 255 255 255 256 256 256 256 256 255 255 255 255 255 255 255 255 255 255 255 255 255 255 255 255 255 255 255 255 255 255 255 255 255 255 255 255 255 255 255 255 255 255 255 255 255 255 256 255 255 255 255 256 256 256 256 255 256 256 257 257 257 257 257 257 257 257 257 257 257 257 257 257 257 257 257 257 257 257 257 257 257 257 257 256 256 256 256 256 256 256 257 256 256 256 256 256 255 255 255 255 255 256 256 256 256 256 255 255 255 255 255 256 256 256 255 255 255 255 255 255 255 255 255 254 254 254 254 254 253 253 253 254 253 253 253 253 253 253 253 253 253 253 253 253 253 253 253 253 254 253 253 253 253 253 253 253 253 253 253 252 252 252 252 252 252 252 252 252 252 252 252 253 252 252 251 252 252 252 252 252 252 252 252 252 252 253 254 254 254 253 253 253 253 254 254 254 253 252 252 252 253 253 253 253 253 253 253 253 252 252 252 252 252 252 251 251 250 250 251 251 251 251 251 251 252 252 252 252 252 252 253 253 254 254 254 255 255 255 254 255 255 254 254 254 255 255 255 255 255 255 255 255 255 255 255 255 255 255 255 255 256 256 256 256 256 256 256 256 256 256 256 256 256 256 256 256 256 256 256 256 256 256 256 256 256 255 255 255 255 255 256 256 256 255 256 256 256 256 256 256 255 255 255 255 255 255 255 254 254 254 254 255 255 255 255 254 254 254 254 254 254 254 254 254 253 254 254 253 254 254 254 254 254 254 254 254 254 254 254 254 254 254 254 254 255 255 255 255 256 257 257 257 256 256 257 258 257 258 257 257 257 257 257 256 256 256 256 256 256 256 255 255 255 255 255 255 255 255 255 255 255 255 255 255 256 256 256 256 256 256 257 257 257 256 256 256 255 255 255 256 255 255 255 256 256 256 256 255 255 255 255 255 255 255 255 255 255 255 255 255 255 255 255 255 255 255 255 255 255 255 255 255 255 255 255 255 255 255 255 255 255 255 255 255 255 255 255 255 255 255 255 256 256 256 256 256 256 257 257 257 257 257 257 257 257 257 257 257 257 257 257 257 257 257 257 257 257 257 257 257 257 257 256 256 256 256 256 256 256 256 257 257 257 256 256 256 255 255 255 255 255 256 256 256 256 256 255 255 255 255 255 255 256 255 255 255 255 255 255 255 255 254 255 255 255 254 254 254 253 253 253 253 253 253 253 253 253 253 253 253 253 253 253 253 253 253 253 253 253 253 253 253 253 253 253 253 253 253 253 252 252 252 252 252 252 252 252 252 252 253 253 252 252 252 251 252 252 252 252 252 252 252 252 253 253 253 253 253 254 253 253 253 253 254 254 254 253 252 252 253 253 253 253 253 253 253 252 253 252 252 252 251 250 250 250 251 251 251 252 251 251 251 252 252 251 252 253 253 253 253 254 254 254 254 255 255 255 255 254 254 254 255 255 255 255 255 255 255 255 255 255 255 255 255 255 255 255 256 256 256 256 256 256 256 256 255 256 256 256 256 256 256 256 256 256 256 256 256 256 256 256 256 256 256 255 254 255 255 255 256 255 256 256 256 256 256 255 255 255 255 255 255 255 255 254 254 254 254 255 255 255 255 255 254 254 254 254 254 254 254 254 254 253 253 253 254 254 254 254 254 254 254 254 253 254 254 254 254 254 254 255 255 255 255 255 256 256 255 256 256 256 257 257 256 257 257 257 257 257 257 256 256 256 256 256 257 256 256 256 256 256 256 255 256 256 255 256 256 256 255 255 255 256 256 256 256 256 256 257 256 256 256 256 256 256 255 255 256 255 255 255 256 256 256 255 255 255 255 255 255 255 255 255 255 255 255 255 255 255 255 255 255 255 255 255 255 255 255 255 255 255 255 255 255 256 256 256 255 255 255 255 255 255 255 255 255 255 255 255 255 256 256 256 256 257 257 257 257 257 257 257 257 257 257 257 257 257 257 257 257 257 257 257 257 257 257 257 256 256 256 256 256 256 257 256 257 257 257 257 257 257 256 256 255 255 255 255 255 255 256 255 255 256 256 256 255 255 255 255 255 255 255 255 255 255 255 255 255 255 255 255 255 254 254 254 253 253 253 253 253 253 253 253 253 253 253 253 253 253 253 253 253 253 253 253 253 253 253 253 253 253 253 253 253 253 252 252 252 252 252 252 252 252 253 253 253 253 253 252 252 252 252 252 252 252 252 252 252 252 253 252 252 252 252 253 254 253 253 253 253 254 254 254 253 252 252 252 253 253 253 253 253 253 253 253 252 251 250 251 251 251 251 251 251 251 251 251 251 251 252 252 252 252 253 253 254 254 253 254 255 255 255 254 254 254 255 255 255 255 255 255 255 255 255 255 255 255 255 255 255 255 255 255 256 256 256 256 256 256 256 255 256 256 256 256 256 256 256 256 256 256 256 256 256 256 257 256 256 256 255 255 255 255 255 255 255 255 256 256 256 256 255 255 255 255 255 255 255 255 254 254 254 254 255 255 255 255 255 254 254 254 254 254 254 254 254 254 253 253 254 254 254 254 254 254 254 254 254 253 253 254 254 254 254 255 255 254 255 255 255 255 255 255 256 256 256 257 256 256 256 256 256 257 257 256 256 256 256 256 256 257 257 256 256 256 256 256 255 256 256 256 256 257 256 256 255 255 255 255 256 255 256 256 256 256 256 256 256 256 256 256 256 255 255 255 255 256 256 256 255 255 255 255 255 255 255 255 255 255 255 255 255 255 255 255 255 255 255 255 255 255 255 255 255 255 255 255 255 255 255 255 255 255 255 255 255 255 255 255 255 255 255 255 255 255 255 256 256 256 257 257 257 257 257 257 257 257 257 257 257 257 257 257 257 257 257 257 257 257 257 257 256 256 256 256 257 257 257 257 257 257 257 257 257 257 257 257 256 256 256 255 255 255 255 255 255 255 255 256 256 255 255 255 255 255 255 255 255 255 255 255 255 255 255 255 255 255 254 253 253 253 253 253 253 253 253 253 253 253 253 253 253 252 253 253 253 253 252 253 253 253 253 253 252 253 252 253 253 253 253 252 252 252 252 252 252 252 252 252 252 253 253 253 253 253 253 253 253 252 251 251 252 252 252 252 251 252 251 252 253 254 253 252 253 253 253 254 254 253 252 252 253 253 253 253 253 252 251 250 251 251 251 251 252 251 251 251 251 251 251 251 252 252 252 252 252 253 253 253 253 254 255 255 255 254 254 254 255 255 255 255 255 255 255 255 255 255 255 255 255 255 255 256 255 255 255 256 256 256 256 256 256 256 256 256 256 256 256 256 256 256 256 256 256 256 256 257 256 256 256 256 255 255 255 255 255 255 255 255 256 256 256 256 255 255 255 255 255 255 255 255 254 255 255 254 254 254 254 255 255 255 254 254 254 253 253 254 254 254 254 253 254 254 254 254 254 254 254 254 254 254 254 254 254 254 254 254 254 254 254 254 255 255 255 255 255 256 256 256 256 255 256 256 256 256 257 257 257 257 256 256 256 256 256 256 256 256 257 256 256 256 257 256 257 256 256 255 255 256 256 255 255 255 256 255 255 255 256 256 256 256 256 256 256 255 255 255 255 256 256 256 255 255 255 255 255 255 255 255 255 255 255 255 255 255 255 255 255 255 255 255 255 255 255 255 255 255 255 255 255 255 255 255 255 255 255 255 255 255 255 255 255 255 255 255 255 255 255 255 255 255 257 257 257 257 257 257 257 257 257 257 257 257 257 257 257 257 257 257 257 257 257 257 256 256 257 257 257 257 257 258 257 257 257 257 257 257 257 257 256 256 256 256 255 255 256 255 256 255 255 256 256 256 255 255 255 255 255 255 255 255 255 255 255 254 254 255 255 256 255 254 253 253 253 253 253 253 253 253 253 253 253 253 253 253 253 253 253 253 252 252 253 253 252 252 252 252 252 252 252 252 253 252 252 252 252 252 252 252 252 252 252 253 253 253 253 253 253 253 253 252 252 251 251 251 251 251 251 252 252 253 253 254 253 253 252 253 253 253 254 253 253 252 252 252 252 253 254 254 253 252 251 251 252 251 251 252 252 251 251 251 251 251 251 251 251 252 252 252 252 253 254 254 254 254 255 254 254 254 254 255 255 255 255 255 255 255 255 255 255 255 255 255 255 255 255 255 255 255 255 255 255 256 256 256 256 256 256 256 256 256 256 256 256 256 256 256 256 257 256 256 256 256 256 255 255 255 255 255 255 255 255 256 256 256 256 256 256 256 256 255 255 255 255 254 254 254 254 254 254 254 254 255 255 254 254 254 254 254 253 253 253 253 253 253 254 254 254 254 254 254 254 255 254 254 254 254 253 254 254 254 255 255 255 255 255 255 256 256 256 256 256 256 255 255 256 256 256 256 257 257 257 256 256 256 256 256 256 256 257 257 257 257 257 257 256 256 256 256 256 256 256 256 256 255 254 255 255 255 255 255 255 255 255 256 256 256 255 255 256 256 256 256 256 255 255 255 255 255 255 255 255 255 255 255 255 255 255 255 255 255 255 255 255 255 255 255 255 255 255 255 255 255 255 255 255 255 255 255 255 255 255 255 255 255 255 255 255 255 255 255 255 255 255 257 257 257 257 257 257 257 257 257 257 257 257 257 257 257 257 257 257 257 257 257 257 257 257 257 257 257 257 257 257 257 257 257 257 257 257 257 256 256 256 256 256 256 256 256 256 256 255 255 255 256 257 256 256 256 255 255 255 255 255 255 255 255 254 254 254 255 255 256 254 254 253 253 253 253 253 253 253 253 253 253 253 253 253 253 253 253 253 252 252 252 252 253 253 252 252 252 252 252 252 252 252 252 252 252 252 252 252 252 252 252 253 253 252 252 253 253 253 253 253 253 253 252 251 251 251 251 252 252 252 252 253 253 253 253 252 252 253 253 253 252 252 253 253 253 253 253 254 254 254 252 251 252 252 251 251 251 251 251 251 251 252 252 252 252 251 251 252 252 253 253 254 254 253 253 254 254 255 255 255 255 255 255 255 255 255 255 255 255 256 256 256 255 255 255 255 255 255 255 255 255 255 255 256 256 256 256 256 256 256 256 256 256 256 256 256 256 256 256 256 256 256 256 256 256 255 255 255 255 255 255 255 256 255 256 256 256 256 256 256 256 255 255 255 254 254 254 255 254 254 254 254 254 255 255 255 255 254 254 253 254 254 254 253 254 254 254 254 255 255 255 255 255 254 254 254 253 253 254 254 255 255 255 255 255 256 256 256 256 256 256 256 255 255 255 256 257 256 256 257 257 256 256 256 256 256 256 256 256 257 257 257 257 256 256 256 256 257 257 256 256 257 256 256 255 255 255 255 254 255 255 255 255 255 255 255 256 256 256 256 256 256 256 256 255 255 256 255 255 255 255 255 255 255 255 255 255 255 255 255 255 255 255 255 255 255 255 255 255 255 255 255 255 255 255 255 255 255 255 255 255 255 255 255 255 255 255 255 255 255 255 255 255 255 257 257 257 257 257 257 257 257 257 257 257 257 257 257 257 257 257 257 257 257 257 257 257 257 257 257 257 257 257 257 257 257 257 257 256 256 256 256 256 256 256 256 256 256 256 256 256 255 255 255 256 256 257 258 257 256 256 255 255 255 255 254 254 254 254 254 255 255 256 255 255 254 254 253 253 253 253 254 253 253 253 253 253 253 253 253 253 253 253 253 253 253 253 253 253 253 253 253 252 252 251 252 252 252 252 252 252 252 252 252 252 253 253 252 252 252 252 252 252 253 253 253 253 253 252 251 251 251 251 251 252 252 253 254 254 253 252 253 253 253 252 253 253 254 253 253 253 253 253 254 253 253 252 251 251 251 251 251 251 251 251 251 253 253 252 251 251 252 252 253 253 253 254 253 253 253 253 253 254 255 255 255 255 255 255 255 255 255 255 256 256 255 255 255 255 255 256 255 255 255 256 256 256 256 256 256 256 256 256 256 256 256 256 256 256 256 256 256 256 256 256 256 256 257 257 256 255 255 255 255 255 255 255 255 255 256 256 256 257 256 256 255 256 256 255 255 255 255 255 255 255 254 254 254 254 255 255 255 255 254 253 254 254 254 254 254 254 254 255 255 255 255 255 255 254 254 254 254 254 253 254 254 255 254 254 255 256 256 255 255 255 256 256 255 255 256 256 256 256 256 256 257 257 257 256 256 256 256 256 256 257 257 257 257 257 256 256 256 256 256 256 256 256 257 256 255 255 255 256 255 254 254 254 254 255 256 255 256 256 256 256 256 256 256 256 255 255 255 255 255 255 255 255 256 255 255 255 255 255 255 255 255 255 255 255 255 255 256 255 255 255 256 256 255 255 255 255 256 255 256 255 255 255 255 255 255 255 255 255 255 255 255 255 255 255 257 257 257 257 257 257 257 257 257 257 257 257 257 257 257 257 257 257 257 257 257 257 257 256 256 257 257 257 256 257 257 257 257 257 256 256 256 256 256 256 256 256 256 256 256 256 256 256 256 256 256 256 256 257 258 258 257 256 255 255 255 255 255 254 254 254 255 255 256 256 255 254 254 253 253 253 253 254 254 253 253 253 253 253 253 253 253 253 253 253 253 254 254 254 255 254 254 254 253 252 252 252 252 252 252 252 252 252 252 252 253 252 252 253 253 253 252 252 252 252 253 252 253 253 253 253 252 252 251 251 251 251 252 253 254 253 252 253 253 252 252 253 253 254 253 253 253 253 254 253 253 253 254 253 253 253 253 253 252 252 252 251 251 251 251 251 251 251 252 252 251 251 250 251 252 252 252 252 253 252 253 253 253 253 254 254 255 255 255 255 255 255 256 256 256 256 255 255 255 255 255 256 256 256 256 256 256 256 256 256 256 255 255 256 256 256 256 256 256 256 256 256 256 256 256 256 256 256 257 257 257 256 256 256 256 255 254 254 254 254 255 256 256 256 256 256 255 255 256 256 255 255 255 255 255 255 255 255 254 254 254 255 255 254 254 254 254 254 254 254 254 254 254 254 254 255 255 255 254 254 254 254 254 254 254 253 253 254 254 254 254 255 255 256 255 255 255 255 255 255 255 256 257 256 256 257 257 257 257 256 256 256 256 256 257 257 257 257 258 257 257 257 257 256 256 255 256 257 257 256 256 256 255 255 256 256 256 255 255 255 255 255 255 255 256 256 256 256 256 256 256 255 255 255 255 255 256 256 255 255 255 255 255 255 254 255 255 256 255 255 255 255 255 255 255 255 255 255 256 255 255 255 255 256 256 256 255 255 255 255 255 255 255 255 255 255 255 255 255 255 255 257 257 257 257 257 257 257 257 257 257 257 257 257 257 257 257 257 257 257 257 257 257 257 257 256 256 257 256 256 257 257 257 256 256 256 256 256 256 257 257 257 256 256 256 256 256 256 256 256 256 256 256 256 256 256 256 256 257 256 256 255 255 255 255 255 255 254 255 255 256 256 255 254 253 253 253 253 253 254 254 254 253 253 253 253 253 254 254 254 254 254 254 254 254 255 254 255 255 254 254 253 253 252 252 252 253 252 252 252 253 253 252 253 253 253 253 253 252 252 252 252 252 252 253 253 253 253 253 253 252 251 252 252 253 253 253 253 252 253 253 252 253 253 253 253 252 253 253 253 253 253 253 253 254 253 253 253 254 254 253 252 252 252 252 251 251 251 251 251 251 250 250 250 251 252 252 252 252 252 252 252 253 253 254 254 253 254 254 255 255 255 256 256 256 255 255 255 255 255 256 255 256 256 256 256 256 256 256 256 256 256 256 256 256 256 256 256 256 256 256 256 256 257 256 256 256 256 256 256 257 256 256 256 256 256 256 255 255 254 254 254 255 255 256 255 255 255 255 255 256 256 255 254 254 255 255 255 254 255 254 254 255 255 255 254 254 254 254 254 254 254 255 254 254 255 255 255 255 254 254 254 254 254 254 254 253 253 253 254 254 254 254 255 255 255 255 255 255 255 255 256 256 257 257 257 256 257 257 257 257 256 256 256 256 257 257 257 258 257 257 257 258 257 257 256 256 256 257 257 257 256 256 255 255 256 256 256 256 255 255 255 255 255 255 255 256 256 256 256 256 256 255 255 255 256 256 255 255 255 255 255 255 255 255 254 255 255 255 255 255 255 255 255 255 255 255 255 255 255 256 255 255 256 256 256 256 256 256 255 255 255 255 255 255 255 255 255 255 255 255 255 257 257 257 257 257 257 257 257 257 257 257 257 257 257 257 257 257 257 257 257 257 257 257 257 257 257 257 257 257 257 257 257 256 257 257 257 257 256 257 257 256 256 256 256 256 256 256 256 256 256 256 256 256 256 256 256 256 256 257 258 257 256 255 255 254 254 254 255 255 257 256 255 254 253 253 253 253 253 254 254 254 254 253 253 253 253 253 254 254 254 255 255 255 255 254 254 254 254 254 254 254 254 254 253 253 253 252 252 252 253 253 252 253 253 253 253 253 253 254 253 253 253 252 252 253 253 253 253 253 252 252 252 252 253 253 253 253 253 252 252 252 253 253 253 253 252 253 253 253 253 253 252 253 253 253 253 254 254 254 254 254 252 252 251 251 251 251 251 251 251 251 251 252 252 253 253 253 253 254 254 254 253 253 254 254 254 255 255 256 256 256 255 255 256 255 255 256 256 256 256 256 256 256 256 256 256 256 256 256 256 256 256 256 256 256 256 256 256 256 256 256 256 256 257 257 256 257 257 256 256 256 256 256 256 256 256 256 255 254 254 254 255 255 255 255 254 254 255 255 255 254 254 254 255 255 254 254 254 254 255 255 255 254 254 254 254 254 255 254 255 255 255 255 255 254 254 254 254 254 254 254 254 254 254 254 253 253 254 255 254 254 255 255 255 255 255 256 256 256 256 256 256 256 256 256 256 257 257 256 256 256 256 257 257 257 257 257 256 257 257 258 257 256 256 256 257 257 257 256 256 255 255 256 256 257 256 256 256 255 255 256 255 255 255 255 255 256 256 256 255 255 256 255 255 255 255 255 255 255 255 255 255 255 255 255 255 255 256 255 255 255 256 256 255 255 255 255 255 255 256 256 257 256 255 255 255 255 255 255 255 255 255 255 255 255 256 255 255 255 256 257 257 257 257 257 257 257 257 257 257 257 257 257 257 257 257 257 257 257 257 257 257 257 257 257 257 257 257 257 257 257 257 257 257 257 256 256 256 256 256 256 256 256 256 256 256 256 256 256 256 255 256 255 255 256 256 255 256 258 259 259 257 256 256 255 255 255 256 257 257 256 255 254 253 254 253 254 254 254 254 254 254 254 254 254 254 254 254 254 254 254 254 254 254 254 254 254 254 253 253 253 254 254 254 253 253 253 252 252 253 252 252 253 253 253 253 253 254 253 253 253 253 253 253 253 253 252 252 252 252 252 252 252 252 253 253 253 253 252 253 253 253 253 253 252 253 253 253 252 252 252 252 252 253 253 253 253 254 254 253 253 252 252 251 251 251 251 251 251 252 252 252 253 252 253 253 253 253 253 254 254 254 255 255 256 256 256 256 256 255 255 255 256 256 256 256 256 256 256 256 256 256 256 256 256 256 256 256 256 256 256 256 256 256 256 256 256 256 256 256 256 257 257 256 256 256 256 257 256 257 256 256 256 256 255 254 254 254 254 254 254 254 254 254 254 254 254 254 254 254 255 255 255 255 255 254 254 254 254 254 254 254 255 255 255 254 255 255 255 255 255 254 254 254 254 254 254 254 254 254 254 254 253 253 254 254 255 255 255 254 255 256 256 256 255 255 256 256 256 256 257 256 257 257 257 256 256 257 257 256 257 256 256 256 256 256 257 257 256 256 256 256 257 257 256 256 255 255 256 256 257 256 256 256 255 255 256 256 255 255 255 255 255 255 256 255 255 255 255 255 255 255 255 255 255 255 255 255 255 255 255 255 255 256 256 256 255 256 256 255 255 255 255 255 255 256 256 256 256 256 256 255 255 256 255 255 255 255 256 256 256 256 256 255 255 256 257 257 257 257 257 257 257 257 257 257 257 257 257 257 257 257 257 257 257 257 257 257 257 257 257 257 257 257 257 257 257 257 257 257 256 256 256 257 257 257 256 257 256 256 255 255 255 255 255 255 255 255 255 255 255 256 256 255 256 257 258 259 258 258 257 256 255 256 257 257 257 256 255 254 254 253 253 254 254 254 255 255 255 255 255 255 255 255 255 255 254 254 254 254 254 254 254 254 254 253 253 253 253 253 253 253 253 253 253 253 253 253 253 252 252 252 252 253 253 253 253 254 254 254 254 253 252 252 252 252 252 252 252 251 252 252 253 252 252 253 254 253 252 252 253 253 253 253 253 252 252 252 252 253 253 253 253 253 252 252 252 252 252 251 252 252 252 252 253 253 254 254 254 254 254 255 255 256 256 256 255 255 255 256 256 256 256 256 256 256 256 256 256 256 256 256 256 256 256 256 256 256 256 256 256 256 256 256 256 256 256 256 257 256 256 256 256 256 256 257 257 256 256 257 256 256 256 255 255 254 254 253 253 254 254 253 253 253 254 254 254 254 254 255 255 255 255 255 254 254 254 254 254 254 254 254 255 255 254 255 255 255 255 255 254 254 254 254 254 254 255 255 254 254 253 253 254 254 254 255 254 255 256 256 255 255 255 255 256 256 256 256 257 257 257 257 257 257 257 257 256 257 256 256 257 257 257 256 256 256 256 256 256 256 257 257 257 256 256 255 255 256 257 257 256 256 255 255 256 256 255 255 255 255 255 255 255 255 255 255 255 255 255 255 255 255 255 255 255 255 255 255 255 255 255 256 256 256 256 256 255 255 255 255 255 255 256 256 256 256 256 256 256 256 255 256 256 255 255 255 256 257 256 256 255 255 256 257 257 257 257 257 257 257 257 257 257 257 257 257 257 257 257 257 257 257 257 257 257 257 257 257 257 257 257 257 257 257 257 257 257 257 257 257 257 257 256 257 257 256 256 256 256 256 256 255 256 255 255 255 255 255 255 255 255 255 255 256 257 258 258 258 259 258 257 258 258 257 257 257 256 255 254 253 253 253 254 254 255 255 255 255 255 256 255 255 255 255 254 254 254 254 254 254 254 254 254 253 253 253 253 253 253 253 253 253 253 253 253 253 253 252 252 252 252 252 253 253 253 253 253 254 254 253 253 253 252 252 252 252 252 251 251 252 252 252 252 253 253 253 252 253 253 253 253 253 253 253 252 252 252 252 253 253 253 253 251 252 252 252 253 252 253 253 254 254 255 254 254 254 255 255 255 255 255 255 256 256 256 256 256 256 256 256 256 256 256 256 257 257 256 256 256 256 256 256 256 256 256 256 256 256 256 256 256 256 256 256 256 256 257 256 256 256 256 256 256 256 256 256 256 256 256 256 256 255 254 254 255 255 255 254 253 253 254 254 254 254 255 255 254 255 254 254 254 254 254 254 254 254 254 254 255 255 255 255 255 255 255 254 255 255 254 254 254 255 254 254 253 253 254 254 254 254 254 254 255 256 256 255 255 255 256 256 256 256 256 256 257 257 257 257 258 258 257 257 257 256 257 257 257 256 256 256 257 257 256 256 256 256 256 257 257 256 256 255 256 257 257 257 256 256 256 256 256 255 255 255 255 255 255 255 254 255 255 255 255 255 255 255 255 255 254 254 255 255 255 255 255 255 255 256 256 255 255 255 255 255 255 256 256 256 256 255 256 256 256 256 256 256 256 256 255 255 255 256 257 256 256 256 257 256 257 257 257 257 257 257 257 257 257 257 257 257 257 257 257 257 257 257 257 257 257 257 257 257 257 257 257 257 257 257 257 257 257 257 257 257 257 257 257 257 257 257 257 257 256 256 256 256 256 256 256 255 255 255 256 256 255 256 255 255 255 256 257 258 259 259 258 258 258 258 258 258 258 257 256 255 254 253 253 254 254 254 254 255 255 255 255 255 255 255 255 255 255 254 254 254 254 254 254 254 253 253 253 253 253 253 253 253 253 253 253 253 253 253 253 253 252 252 252 253 253 252 252 253 253 253 253 253 254 253 252 252 252 252 252 252 251 251 251 251 251 252 252 252 252 252 253 253 253 252 252 252 253 252 253 253 252 252 253 253 251 252 253 253 253 253 253 254 254 255 255 255 254 254 255 255 255 255 255 255 256 256 256 256 256 256 256 256 256 256 256 256 256 256 256 256 256 256 256 256 256 256 256 256 256 256 256 256 256 256 256 256 256 256 256 256 256 256 256 256 256 256 256 256 256 256 256 257 256 256 256 256 255 255 255 255 254 253 253 254 254 254 254 254 254 255 254 254 254 254 254 254 254 254 255 254 255 255 255 255 255 255 255 255 255 255 255 254 255 255 254 254 254 254 254 254 254 254 254 255 255 256 255 255 255 255 256 256 256 256 256 256 256 257 257 257 258 258 257 257 257 257 257 257 257 257 257 257 258 257 256 256 256 256 257 257 257 257 256 256 257 258 257 257 256 256 256 256 256 256 256 256 255 255 255 255 254 254 255 255 255 254 254 254 255 255 255 254 255 255 255 255 255 256 255 256 256 256 256 255 255 255 256 256 256 255 255 255 255 255 256 256 257 257 256 256 256 256 256 256 257 256 256 256 256 256 257 257 257 257 257 257 257 257 257 257 257 257 257 257 257 257 257 257 257 257 257 257 257 257 257 257 257 257 257 257 257 257 257 256 257 257 257 257 257 257 257 257 257 257 257 257 256 256 256 256 256 256 255 255 255 256 256 256 255 255 255 255 256 258 258 259 259 258 258 258 258 258 257 257 256 256 255 254 253 253 254 254 254 254 255 255 255 255 255 255 255 254 254 254 254 254 254 254 254 254 253 253 253 253 253 253 253 253 253 253 253 253 253 253 253 253 252 253 253 252 252 252 253 253 253 253 253 253 253 253 253 253 253 253 253 253 253 252 252 252 251 251 252 252 252 252 252 252 252 252 252 252 252 252 252 252 252 253 253 250 251 252 253 253 253 254 253 253 254 254 255 254 254 254 255 255 255 255 255 255 256 256 256 256 256 256 256 256 256 256 256 256 256 256 256 256 257 256 256 256 256 256 257 257 257 257 256 256 256 256 256 255 256 256 256 256 256 256 256 256 256 256 257 256 256 256 256 256 256 256 256 256 255 255 254 254 254 254 253 253 254 254 254 254 254 254 254 254 254 254 255 255 254 254 255 255 255 255 255 255 255 256 256 255 256 256 255 255 255 255 255 255 254 254 254 254 253 254 254 254 255 255 255 255 255 255 255 256 255 255 256 256 257 257 256 256 257 258 258 258 257 258 258 258 258 258 258 258 258 257 257 256 256 256 256 257 258 258 257 257 257 257 258 257 257 256 256 256 255 256 256 256 256 256 255 255 254 254 254 254 254 254 255 255 255 255 255 255 254 255 255 255 255 256 256 256 256 256 256 256 255 255 256 255 255 255 255 256 255 255 255 256 257 256 256 256 256 256 256 256 257 257 257 256 256 256 257 257 257 257 257 257 257 257 257 257 257 257 257 257 257 257 257 257 257 257 257 257 257 257 257 257 257 257 257 257 257 257 257 257 257 256 257 257 256 257 257 257 257 257 257 257 256 257 256 256 256 256 255 255 255 256 256 256 256 255 255 255 256 257 258 258 259 258 258 258 258 257 257 257 256 256 255 255 255 254 254 254 254 254 254 255 255 255 255 255 255 255 255 255 255 254 254 254 254 254 253 253 253 253 253 253 253 253 253 253 253 253 253 253 253 253 253 253 252 252 252 252 252 253 253 253 253 253 253 253 253 253 253 253 253 253 253 253 253 253 252 251 251 252 252 252 252 252 252 252 252 253 253 252 252 252 253 253 253 252 252 252 253 252 253 253 254 254 254 255 254 254 254 254 255 255 255 255 255 255 255 256 256 256 256 256 256 256 256 256 256 256 256 256 256 256 256 256 256 256 256 257 257 257 257 256 256 256 256 256 256 256 256 256 256 256 256 256 256 257 256 256 256 256 256 256 256 256 256 256 255 255 255 254 254 253 254 254 254 254 254 254 254 254 254 254 254 254 254 254 255 255 254 254 255 255 255 255 255 255 256 256 256 256 256 255 255 255 255 255 255 254 255 255 254 254 254 254 254 254 255 255 254 255 255 255 255 255 256 256 256 257 256 256 257 257 258 258 258 258 258 259 258 258 257 258 258 258 258 257 256 257 257 257 258 258 258 257 257 257 257 257 257 257 257 256 256 255 255 256 255 256 255 255 255 255 254 255 255 254 254 255 255 255 255 255 255 255 255 255 255 255 255 256 256 256 256 256 255 255 255 255 255 256 256 256 256 256 256 256 256 256 256 255 256 256 256 256 256 256 256 256 256 256 256 257 257 257 257 257 257 257 257 257 257 257 257 257 257 257 257 257 257 257 257 257 257 257 257 257 257 257 257 257 257 257 257 257 257 257 256 256 256 256 257 257 256 257 257 257 257 257 257 257 257 256 256 256 255 255 255 256 256 256 256 255 255 255 256 257 257 257 257 258 258 258 258 258 257 257 256 255 255 254 254 254 254 255 255 255 255 255 255 255 255 255 255 255 255 255 254 254 254 254 254 253 253 253 253 253 253 253 253 253 253 253 253 253 253 253 253 253 253 253 252 252 252 252 252 253 253 253 253 253 253 253 253 253 253 253 252 252 253 253 253 253 252 252 251 252 252 252 252 252 252 252 253 253 253 253 253 252 253 253 252 252 252 253 253 254 254 254 255 255 254 254 254 254 255 255 255 255 255 256 256 256 256 256 256 256 256 256 256 256 256 256 256 256 256 256 256 256 256 256 257 257 257 257 257 256 256 256 256 256 256 256 256 256 256 256 256 256 256 256 256 256 256 256 256 256 256 256 255 254 254 254 254 254 254 254 255 254 254 254 254 254 254 254 254 254 254 254 254 254 254 254 255 255 254 255 255 255 256 256 256 256 256 256 256 256 255 256 256 256 256 256 255 255 254 254 254 254 254 254 254 255 255 256 256 255 255 256 256 256 256 256 256 257 258 258 258 258 258 258 259 258 258 258 258 257 257 258 258 257 257 258 257 258 257 257 258 258 257 257 257 257 257 256 256 256 256 255 255 255 255 255 255 255 254 254 255 255 254 254 255 255 255 255 255 255 255 255 255 255 255 255 255 256 256 256 255 255 255 256 256 255 255 255 255 256 256 257 256 256 256 256 255 255 255 255 256 256 256 256 256 256 256 256 257 257 257 257 257 257 257 257 257 257 257 257 257 257 257 257 257 257 257 257 257 257 257 257 257 257 257 257 257 257 257 257 257 257 256 256 256 256 256 257 256 256 256 257 257 257 257 257 257 257 256 256 256 256 255 255 256 256 256 256 255 255 255 255 256 256 256 256 257 258 258 258 258 258 257 256 256 255 254 254 254 254 255 255 255 255 254 255 255 255 255 255 255 255 255 255 254 254 254 254 254 254 253 253 253 253 253 253 253 253 253 253 253 253 253 253 253 253 253 253 252 252 252 252 252 253 252 252 253 253 253 253 253 252 252 252 252 252 252 253 253 253 252 252 252 252 252 252 252 252 252 252 252 252 252 252 252 253 253 253 254 254 254 254 254 254 254 254 254 255 255 255 255 255 256 256 256 256 256 256 256 256 256 256 256 256 256 256 256 256 256 256 256 256 256 256 257 257 257 256 256 256 256 256 256 256 256 256 256 256 256 256 256 256 256 256 256 256 256 256 256 256 255 254 254 254 255 255 254 255 255 255 254 254 254 254 254 254 255 255 255 255 254 254 254 254 255 255 255 255 255 255 255 256 256 255 255 256 256 256 255 256 256 256 256 256 256 255 255 254 254 254 254 254 255 255 255 255 255 255 256 256 256 256 256 257 257 257 258 258 258 257 258 258 259 259 259 259 258 258 257 257 258 258 258 259 258 258 257 257 258 258 258 258 258 258 257 257 256 256 256 256 256 256 256 256 255 255 254 254 255 255 255 254 254 255 255 255 255 255 255 255 255 255 255 255 255 255 256 256 256 255 256 256 256 255 255 255 255 255 256 256 256 256 256 255 256 255 255 255 256 256 256 256 256 256 256 256 257 257 257 257 257 257 257 257 257 257 257 257 257 257 257 257 257 257 257 257 257 257 257 257 257 257 257 257 257 257 257 257 257 257 257 257 257 256 256 256 256 256 257 257 257 257 257 257 257 257 257 257 256 256 256 256 256 255 256 256 256 255 255 255 255 255 255 256 257 257 258 258 258 258 257 257 256 255 255 255 254 254 254 255 255 255 254 254 254 254 255 255 255 255 255 255 255 254 254 254 254 254 254 253 253 253 253 253 253 253 253 253 253 253 253 253 253 253 253 253 253 252 252 252 252 252 253 253 253 253 253 253 252 252 252 252 252 252 252 252 252 253 253 253 252 252 252 252 252 252 252 252 252 252 252 252 252 252 252 253 254 254 254 254 254 254 254 255 255 255 255 256 256 256 256 256 256 256 256 256 256 256 256 256 256 256 256 256 257 257 257 256 257 257 257 256 256 257 257 256 256 256 256 256 256 256 256 256 256 256 256 256 256 256 256 256 257 256 256 255 254 255 255 255 254 254 255 255 254 254 254 254 254 254 254 254 255 255 255 254 254 254 254 254 255 255 255 255 255 255 256 256 256 255 255 255 255 255 255 255 255 255 256 256 255 255 254 254 254 254 254 255 255 255 255 256 256 256 256 256 256 257 257 257 257 258 257 257 258 258 259 259 259 259 259 258 257 257 257 258 258 258 258 257 257 257 257 258 257 257 258 258 257 257 257 256 256 256 256 256 256 256 255 255 255 254 255 256 255 255 254 255 256 256 256 256 256 256 255 255 255 255 255 255 256 256 256 255 256 256 256 256 256 256 256 256 256 256 256 256 255 255 256 256 256 256 256 256 256 256 256 256 256 256 257 257 257 257 257 257 257 257 257 257 257 257 257 257 257 257 257 257 257 257 256 256 257 257 257 257 257 257 257 257 257 257 257 257 257 257 257 256 256 256 256 256 257 256 257 256 256 257 257 257 257 257 256 256 256 256 256 255 256 256 256 256 255 255 255 255 255 255 255 255 256 257 257 257 257 257 256 255 255 255 255 254 254 255 255 255 254 254 254 254 254 254 255 255 255 255 255 254 255 255 254 254 253 253 253 254 254 254 254 253 253 253 253 253 253 253 253 253 253 253 253 253 252 252 252 252 253 253 253 253 253 253 253 253 253 252 252 252 252 252 252 252 252 252 253 253 253 252 252 252 252 252 252 252 252 252 253 254 254 254 255 255 255 255 256 256 256 256 256 256 256 256 256 256 256 256 257 257 257 257 257 257 257 256 257 257 257 256 256 257 256 256 256 256 256 256 256 256 256 256 256 256 256 256 256 256 256 256 256 256 255 255 255 255 256 254 254 255 254 254 254 254 254 255 255 254 254 254 255 255 255 254 255 255 254 254 255 255 255 256 255 255 256 256 256 256 255 255 256 255 255 255 255 255 256 256 255 255 255 254 254 254 255 255 255 255 255 255 256 256 257 257 257 256 257 256 257 257 257 258 258 258 259 258 259 259 258 257 257 257 258 258 257 258 258 257 257 257 257 257 257 258 258 257 256 256 256 256 256 257 256 256 256 255 255 255 255 255 256 255 255 254 255 255 255 255 255 255 256 256 255 255 255 255 255 255 255 255 255 256 256 256 256 256 256 256 256 256 256 256 256 255 256 256 256 256 256 256 256 256 256 256 256 256 256 257 257 257 257 257 257 257 257 257 257 257 257 257 257 257 257 257 257 257 257 257 257 257 257 257 257 257 257 257 257 257 257 257 257 257 257 256 256 256 256 256 256 256 256 256 256 256 256 256 256 257 257 257 257 256 256 256 256 256 256 256 256 255 255 255 255 256 255 255 255 255 256 256 257 257 257 256 256 255 255 255 255 255 255 255 254 254 254 255 255 255 255 254 255 255 255 255 254 255 255 254 254 254 253 254 253 254 254 254 254 253 253 253 253 253 253 253 253 253 253 253 253 253 252 252 253 253 253 253 253 253 253 253 253 253 252 252 252 252 252 251 251 252 252 253 253 253 253 252 252 252 252 252 252 252 256 256 256 256 256 256 256 256 256 256 256 256 256 256 257 257 257 257 257 257 256 256 257 257 257 257 257 257 256 257 256 256 256 256 256 256 256 256 256 256 256 256 256 256 256 256 256 255 255 255 255 255 255 254 254 254 254 254 254 254 254 254 255 254 254 254 255 255 255 255 255 255 255 255 255 255 255 256 256 256 256 256 256 255 255 256 256 256 256 255 255 255 255 255 255 255 255 255 255 254 255 255 255 255 255 255 255 256 256 256 256 256 256 257 257 258 258 258 258 258 258 258 258 259 258 257 257 257 258 258 257 258 258 258 258 257 257 257 257 258 258 257 257 257 256 256 256 257 256 256 256 256 256 255 255 256 256 255 255 255 255 255 255 255 255 255 256 256 256 256 256 255 255 255 255 255 255 255 256 255 255 256 256 256 256 256 256 256 256 256 256 256 256 256 256 256 256 256 255 256 256 256 256 257 257 257 257 257 257 257 257 257 257 257 257 257 257 257 257 257 257 257 257 257 257 257 257 257 257 257 257 257 257 257 257 257 257 257 257 257 257 256 256 256 256 256 256 256 256 256 256 256 256 256 256 257 257 257 257 257 256 256 256 256 256 256 255 255 255 255 255 255 255 255 255 255 255 256 256 256 256 256 256 255 255 255 254 254 254 254 254 255 255 255 255 255 254 255 255 255 255 254 254 254 254 253 253 253 254 254 254 254 254 253 253 253 253 253 253 253 253 253 253 253 253 253 253 253 253 253 253 253 253 253 253 253 253 253 252 252 252 252 252 252 252 252 252 251 252 252 252 253 252 252 252 256 255 256 256 256 256 256 256 256 256 256 256 256 256 257 257 257 256 256 257 257 257 257 256 257 256 256 256 257 257 256 256 256 256 256 256 256 256 256 256 256 256 256 256 256 256 256 256 256 256 255 255 255 255 255 255 255 254 254 254 254 255 255 255 255 254 255 255 255 255 255 255 255 255 256 256 256 256 257 256 256 256 256 256 256 256 256 256 255 255 255 255 255 255 255 255 255 255 255 255 255 255 255 255 255 255 255 256 256 256 257 257 257 258 258 258 258 258 258 258 258 258 259 258 257 257 257 257 257 257 257 257 258 258 258 258 257 257 258 258 257 257 256 256 256 256 256 256 256 257 256 256 255 255 256 256 255 255 255 255 255 255 255 255 256 256 256 256 256 256 255 256 255 255 255 255 255 255 255 255 256 256 255 255 255 255 255 256 256 256 256 256 256 256 256 256 256 256 256 256 256 256 257 257 257 257 258 257 257 257 257 257 257 257 257 257 257 257 257 257 257 257 257 257 258 257 257 257 257 257 257 257 257 257 257 257 257 257 257 257 257 256 256 256 256 256 256 256 256 256 256 256 256 256 256 256 257 257 257 257 256 256 256 256 256 255 255 255 255 255 255 256 255 255 255 255 255 255 256 256 256 256 255 255 255 254 255 254 254 254 254 255 255 254 254 255 255 255 255 255 254 255 254 254 254 253 253 253 253 253 254 254 254 253 253 253 253 253 253 253 253 253 253 253 253 253 253 253 253 253 253 253 253 253 253 253 253 252 252 252 252 252 252 252 252 252 252 252 252 252 252 253 256 255 256 256 256 256 256 256 256 256 256 256 256 256 256 256 256 256 257 257 257 257 257 257 257 256 256 256 256 256 256 256 256 257 257 257 257 257 257 256 256 256 256 256 256 256 256 256 256 255 255 255 255 255 256 255 255 254 254 254 254 255 255 255 255 255 255 255 255 255 255 255 256 255 256 256 257 257 256 257 257 257 256 256 256 256 255 255 255 255 255 255 255 255 255 255 255 255 255 255 255 255 255 255 256 256 256 256 257 257 257 257 257 258 258 258 258 258 257 258 258 259 259 258 258 257 257 258 258 257 257 257 258 258 258 258 257 257 258 258 257 257 256 256 256 256 256 256 256 256 256 256 255 255 256 256 255 255 255 255 255 255 256 256 256 256 256 256 256 257 256 256 256 256 255 256 255 255 255 255 255 255 255 255 255 255 255 256 256 256 256 256 256 256 256 256 256 256 256 256 255 255 257 257 257 258 257 257 257 257 257 257 257 257 257 257 257 257 257 257 257 257 257 257 257 257 257 257 257 257 257 257 257 257 257 257 257 257 257 257 257 257 257 257 256 256 256 256 256 256 256 256 256 256 256 257 257 257 257 257 256 256 256 256 256 255 255 255 255 255 255 255 255 255 255 256 255 255 255 255 256 256 256 256 255 255 255 255 254 254 254 254 255 254 254 254 255 255 255 255 255 255 254 254 254 254 254 253 253 253 254 254 254 253 253 253 253 253 253 253 253 253 253 253 253 253 253 253 253 253 253 253 253 253 253 253 253 253 252 252 252 252 252 252 252 252 252 252 252 252 251 252 256 256 256 256 256 256 256 256 256 256 256 256 256 256 256 256 256 257 257 257 257 257 257 257 257 256 256 256 256 256 257 257 256 256 257 256 256 257 257 256 257 257 256 256 256 256 256 255 255 255 255 255 255 255 255 254 255 255 254 254 254 255 255 255 255 256 256 256 256 256 256 256 256 256 256 256 257 257 257 257 257 257 256 256 256 256 256 256 256 255 255 255 255 255 255 255 255 254 255 255 255 255 255 256 256 257 257 257 257 257 257 258 258 258 258 258 258 258 258 258 258 258 259 258 258 257 258 258 258 258 257 257 257 257 258 257 257 258 258 258 257 256 256 256 257 257 256 256 255 256 256 255 255 256 256 255 255 256 255 255 255 256 256 256 256 256 256 256 256 257 256 256 256 256 256 256 256 256 255 255 255 256 255 255 255 255 255 255 255 255 256 256 256 256 256 256 256 256 256 256 256 257 257 257 257 257 257 257 257 257 257 257 257 257 257 257 257 257 257 257 257 257 257 257 257 257 257 257 257 257 257 257 257 257 257 257 257 257 257 257 257 257 257 257 257 256 256 256 256 256 256 256 256 256 256 257 257 257 257 256 256 256 256 256 255 255 255 255 255 255 256 256 256 256 255 255 255 255 255 255 255 256 256 256 255 255 255 254 254 254 254 255 254 254 254 254 255 255 255 255 255 255 255 254 254 254 254 253 253 253 253 254 254 253 253 253 253 253 253 253 253 253 253 253 252 253 253 253 252 253 253 253 253 253 253 253 253 253 253 253 252 252 252 252 252 252 252 252 252 251 256 256 256 256 256 256 256 256 256 256 256 256 256 256 256 256 256 256 256 256 257 257 257 257 256 256 256 256 256 256 256 256 256 256 256 256 256 257 257 257 256 256 256 256 256 255 255 255 255 255 255 255 255 255 254 254 254 254 254 254 255 255 255 255 255 255 256 256 256 256 256 257 256 256 256 256 256 257 257 257 257 256 256 256 256 256 256 256 256 255 255 255 255 255 255 255 255 254 254 255 255 255 255 255 256 257 257 256 257 257 258 257 258 258 258 258 258 258 258 258 258 258 258 259 258 258 257 257 257 257 257 257 257 257 257 257 258 258 258 258 257 257 257 256 257 257 257 256 256 256 256 255 256 256 256 255 256 256 255 255 255 255 256 256 256 256 256 256 256 256 256 256 256 256 257 257 257 256 256 256 255 256 256 256 256 256 255 255 256 255 255 256 256 256 256 256 255 256 256 256 256 257 257 257 257 257 257 257 257 257 257 257 257 257 257 257 257 257 257 257 257 257 257 257 257 257 257 257 257 257 257 256 257 257 257 257 257 257 257 257 257 257 257 257 256 256 256 256 256 256 256 256 256 256 256 256 257 257 257 257 256 256 256 255 255 255 255 255 255 255 255 256 256 255 255 255 255 255 255 255 255 255 255 255 255 255 255 255 254 254 255 255 254 254 254 254 254 255 255 255 255 255 255 255 254 254 254 254 253 253 253 254 254 254 253 253 253 253 253 253 253 253 253 253 252 253 253 252 252 252 253 253 253 253 253 253 253 253 253 252 252 252 252 252 252 252 252 252 252 252 256 256 256 256 256 256 256 256 256 256 256 256 256 256 256 256 256 256 256 257 257 257 257 257 257 256 256 256 256 256 256 256 256 256 256 256 256 256 257 257 256 256 256 255 255 255 255 255 256 255 255 255 254 254 254 254 254 255 256 256 256 255 255 256 256 256 255 256 256 256 256 256 256 256 256 256 256 257 256 257 257 257 256 256 256 256 255 255 255 255 255 255 255 254 254 254 254 254 255 255 256 256 256 256 256 256 257 257 257 257 258 258 258 258 258 258 258 258 258 259 258 258 258 258 257 257 257 257 257 258 258 258 258 257 257 258 257 258 257 257 257 257 257 257 257 257 256 256 256 255 256 256 256 256 256 256 255 255 255 255 256 256 255 255 255 255 255 255 256 256 256 256 256 257 257 256 256 256 256 256 256 256 256 255 256 255 255 255 255 255 255 255 255 255 255 255 256 256 256 257 257 257 257 257 257 257 257 257 257 257 257 257 257 257 257 257 257 257 257 257 257 257 257 257 257 257 257 257 257 257 257 257 257 257 257 257 257 257 257 256 256 256 256 256 256 256 256 256 256 256 256 256 256 257 257 257 257 257 257 256 256 256 255 255 255 255 255 255 255 255 255 255 255 255 255 255 255 255 255 255 254 254 255 255 255 255 254 254 255 255 255 254 254 254 254 254 255 255 255 255 255 255 255 255 255 254 254 254 253 254 254 254 254 253 253 253 253 253 253 253 253 253 253 252 252 253 253 253 252 253 253 253 253 253 253 252 252 252 252 252 252 253 252 252 252 252 252 257 256 256 256 256 256 257 256 256 256 256 256 256 256 256 257 256 256 257 257 257 257 256 256 256 256 256 256 256 256 256 256 256 256 256 256 256 256 256 256 256 256 256 256 255 255 255 255 255 255 255 254 255 254 254 254 254 255 255 255 255 255 255 255 255 255 255 256 255 256 256 256 257 257 257 256 256 256 255 256 256 256 256 256 256 256 255 255 255 255 255 255 254 254 254 254 254 255 255 255 255 255 256 256 256 256 256 256 257 258 257 257 257 258 258 257 258 258 258 259 259 258 258 257 257 257 257 257 257 257 258 257 257 257 257 257 258 257 257 257 257 257 257 257 257 257 257 256 256 256 256 256 256 256 256 255 255 256 255 255 255 255 255 255 255 256 256 256 256 256 256 256 256 256 257 257 256 256 256 255 255 256 255 256 255 255 255 255 255 256 255 255 255 255 255 255 255 255 257 257 257 257 257 257 257 257 257 257 257 257 257 257 257 257 257 257 257 257 257 257 257 257 257 257 257 257 257 257 257 257 257 257 257 257 257 257 257 257 256 257 257 256 256 256 256 256 256 256 256 257 257 257 257 257 256 257 257 257 257 257 256 256 255 255 255 255 255 255 255 255 255 255 255 255 255 255 255 255 255 255 254 254 255 255 255 254 254 254 255 255 255 255 255 254 254 254 254 255 254 255 255 255 254 254 254 254 254 253 253 254 254 254 254 253 253 253 253 253 253 253 253 253 252 252 252 252 253 253 253 252 252 252 252 252 252 252 252 252 252 252 252 252 252 252 252 252 256 256 256 257 257 256 256 256 256 256 256 256 257 257 256 256 257 257 257 257 256 256 256 256 256 256 256 256 256 256 257 256 256 256 256 257 256 256 256 256 256 256 256 255 256 255 256 255 255 255 254 254 255 255 254 255 255 255 255 255 255 256 256 255 256 256 256 256 256 257 257 257 256 256 256 255 255 256 256 256 256 256 256 256 256 256 255 255 255 255 255 255 254 254 254 255 255 255 256 256 256 256 256 256 256 257 257 257 258 258 258 258 258 258 258 258 259 259 258 258 258 258 258 257 257 257 257 257 257 257 257 257 257 257 257 257 257 257 257 257 258 258 258 257 257 256 256 256 256 255 255 255 255 255 256 256 255 256 256 256 256 256 256 256 256 256 256 256 256 256 256 257 257 257 256 256 256 256 256 255 255 256 255 255 255 255 255 255 255 255 255 255 255 255 255 257 257 257 257 257 257 257 257 257 257 257 257 257 257 257 257 257 257 257 257 257 257 257 257 257 257 257 257 257 257 257 257 257 257 257 257 257 257 257 257 257 256 256 256 256 256 256 256 257 257 257 257 257 257 257 256 256 256 257 257 257 257 257 256 255 255 255 255 255 255 255 255 255 255 255 255 255 255 254 255 255 255 254 254 254 254 254 255 255 255 255 255 255 255 254 254 254 254 255 256 255 255 255 255 254 255 254 255 255 254 253 253 253 254 254 253 253 253 253 253 253 253 253 253 252 252 252 252 253 253 253 252 252 252 252 252 252 252 252 252 252 252 252 252 252 252 256 256 257 257 257 257 257 256 256 256 257 257 257 256 256 256 256 256 257 257 256 256 256 257 257 256 256 256 256 256 256 256 256 256 256 256 256 256 256 256 256 256 256 256 256 256 255 255 255 254 254 255 256 255 256 256 256 256 256 255 256 256 256 256 256 256 257 257 257 257 257 256 256 256 255 256 255 255 255 255 256 256 256 256 256 256 255 255 255 255 254 255 254 254 255 256 256 256 256 256 256 256 256 256 257 257 257 258 257 258 258 258 258 258 259 259 259 258 258 258 259 258 257 257 257 257 257 257 257 257 257 257 257 258 257 257 258 258 258 258 258 258 257 257 256 256 256 256 255 255 255 255 255 256 256 256 256 256 256 256 256 256 256 256 256 256 256 256 257 257 257 257 256 256 256 257 257 256 256 256 256 256 255 255 255 256 256 255 256 255 256 255 255 255 257 257 257 257 257 257 257 257 257 257 257 257 257 257 257 257 257 257 257 257 257 257 257 257 257 257 257 257 257 257 257 257 257 257 257 257 257 257 257 257 257 257 256 256 256 256 256 256 256 256 257 257 257 257 257 256 256 256 256 256 257 257 256 255 255 255 255 256 255 255 255 255 255 255 255 255 255 255 254 254 254 254 254 254 254 254 254 255 255 255 255 255 255 255 254 254 254 254 255 255 255 255 255 255 255 255 254 255 255 255 254 253 253 253 254 254 253 253 253 253 253 253 253 253 252 252 252 252 252 252 252 252 252 251 251 251 251 251 252 252 252 252 252 256 256 257 257 257 257 257 256 257 256 257 256 256 256 257 257 257 257 257 257 257 256 256 256 256 256 256 256 256 256 256 256 255 256 256 256 256 256 256 256 256 256 256 256 255 256 255 255 255 255 255 255 256 256 256 256 256 256 256 256 256 256 257 257 256 256 256 256 256 256 256 256 256 256 256 256 256 255 256 255 255 255 255 256 256 256 255 255 255 255 254 255 255 255 256 256 256 256 255 256 256 257 257 256 256 257 257 257 257 257 257 257 258 258 258 259 259 259 258 258 258 258 257 257 257 257 257 257 257 257 257 257 257 258 258 257 258 258 257 257 258 258 258 258 257 256 256 256 256 256 255 255 255 255 255 256 256 256 256 256 257 257 256 257 257 257 256 256 256 256 257 257 257 257 257 257 257 256 256 256 256 256 256 256 256 256 256 255 256 256 256 256 256 255 257 257 257 257 257 257 257 257 257 257 257 257 257 257 257 257 257 257 257 257 257 257 257 257 257 257 257 257 257 257 257 257 257 257 257 257 257 257 257 257 257 257 257 256 256 256 256 256 256 256 257 256 256 256 256 256 256 256 256 256 256 256 256 256 256 256 255 255 256 255 255 255 254 254 254 255 255 254 254 254 254 254 255 255 254 255 254 254 254 255 255 255 255 255 255 255 255 255 255 255 255 255 255 256 256 255 255 255 255 255 254 253 253 253 253 253 253 253 252 253 253 253 253 253 253 252 252 252 252 252 252 252 252 252 252 251 251 251 251 251 251 252 252 257 257 257 257 257 257 257 257 256 256 256 256 257 257 257 256 256 256 257 257 256 256 256 256 256 256 256 256 256 256 256 256 256 256 256 256 256 256 257 256 256 255 255 255 255 255 255 256 256 256 256 255 255 256 256 256 256 256 256 256 256 256 257 256 255 256 256 256 256 256 255 255 256 256 256 256 256 257 256 255 255 255 255 256 256 256 255 255 254 254 255 255 255 256 256 255 255 255 256 256 256 257 257 257 257 257 257 257 257 257 258 258 258 258 258 259 259 259 258 258 259 258 257 257 257 257 257 257 257 257 257 257 257 258 258 257 258 257 258 258 258 258 257 257 256 256 256 256 256 256 255 255 255 256 256 256 256 256 256 256 256 256 256 257 256 257 257 257 257 257 257 258 258 258 257 257 257 256 256 256 256 256 256 256 256 256 256 256 256 256 256 256 256 257 257 257 257 257 257 257 257 257 257 257 257 257 257 257 257 257 257 257 257 257 257 257 257 257 257 257 257 257 257 257 257 257 257 257 257 257 257 257 257 257 257 257 256 256 256 256 257 257 256 256 256 256 256 256 256 256 256 256 256 256 256 256 256 256 256 255 255 256 256 256 255 255 254 254 254 255 254 254 255 255 255 255 255 254 255 255 255 255 254 254 255 255 255 255 255 255 255 254 255 255 255 255 255 255 255 255 255 255 255 254 254 253 252 252 253 253 253 252 253 253 253 253 253 253 252 252 252 252 252 252 252 252 252 252 252 251 251 251 251 251 251 257 257 257 257 257 257 257 257 256 256 256 257 257 257 257 257 256 256 257 257 256 256 256 256 256 256 256 256 256 256 256 256 256 256 256 256 256 256 256 257 257 256 257 256 255 254 255 255 256 255 255 255 255 256 256 256 255 256 256 256 256 256 256 255 255 256 256 256 256 255 255 255 255 256 257 256 256 257 257 256 255 255 255 255 256 255 255 255 255 255 255 255 255 255 255 255 256 256 255 256 256 257 257 258 257 257 257 257 257 257 257 258 258 258 259 259 259 259 258 258 258 258 258 257 257 257 257 257 257 257 257 257 257 258 258 257 257 257 257 258 258 258 258 257 257 256 256 256 256 255 255 255 256 256 256 256 255 256 256 256 256 256 256 256 256 257 257 257 257 257 257 257 257 257 257 257 257 256 256 256 256 256 256 256 256 256 256 256 256 256 256 256 256 257 257 257 257 257 257 257 257 257 257 257 257 257 257 257 257 257 257 257 257 257 257 257 257 257 257 257 257 257 257 257 257 257 257 257 257 257 257 257 257 257 257 257 257 256 256 256 256 256 256 256 256 256 256 256 256 256 256 256 256 256 256 255 255 256 256 255 255 256 256 256 255 255 254 255 254 254 254 255 255 255 255 255 255 255 254 255 255 255 254 254 254 254 255 255 255 255 255 255 255 255 255 256 255 255 254 255 254 254 255 255 254 253 253 252 252 252 253 253 253 253 254 254 253 253 253 252 253 252 252 252 252 251 252 252 252 252 251 251 251 257 257 257 257 256 256 256 257 256 255 256 256 256 255 256 256 256 256 256 256 256 256 256 256 256 256 256 256 256 256 256 256 256 256 256 256 257 257 257 256 255 254 254 255 256 255 255 255 255 256 256 255 255 256 256 256 256 256 255 255 255 256 256 256 256 256 256 255 255 256 256 256 257 257 257 257 256 255 255 254 255 255 255 255 255 256 255 255 255 255 255 256 256 257 256 256 256 256 257 257 257 257 257 257 257 258 258 258 258 259 259 258 258 258 258 258 258 259 258 257 257 257 257 257 257 257 257 257 257 258 258 257 257 257 257 257 258 258 258 257 256 256 256 256 255 255 255 255 255 255 255 255 255 256 256 256 256 256 256 256 256 257 258 258 257 257 256 256 257 257 257 257 257 257 256 256 256 256 256 256 256 256 256 256 256 256 256 256 256 257 257 257 257 257 257 257 257 257 257 257 257 257 257 257 257 257 257 257 257 257 257 257 257 257 257 257 257 257 257 257 257 257 257 257 257 257 257 257 257 257 257 257 257 257 256 256 256 256 256 256 256 256 256 256 256 256 256 256 256 256 256 255 255 255 255 255 255 255 255 256 255 255 255 256 255 255 255 255 255 255 255 256 255 255 255 255 256 255 255 255 254 254 254 254 254 254 255 255 254 254 254 255 255 255 254 254 254 254 255 256 255 254 253 253 252 252 253 253 254 253 253 254 254 253 253 253 252 253 253 252 252 252 251 252 252 257 257 257 256 256 256 256 256 255 255 255 256 256 256 256 256 256 256 256 256 256 256 256 256 256 256 256 256 256 256 256 256 256 257 257 257 256 255 255 254 255 255 255 255 255 255 255 255 255 255 255 256 256 256 256 255 255 255 256 256 256 256 256 256 255 255 255 256 256 256 257 256 256 257 256 255 255 255 255 255 255 255 255 255 255 255 256 256 256 256 256 257 257 257 256 257 257 257 258 257 258 257 258 258 258 258 259 259 259 259 258 258 258 258 258 258 257 257 257 257 257 257 257 257 257 257 258 258 257 257 257 257 257 257 258 257 257 256 256 256 256 255 256 256 256 256 255 255 256 255 255 255 256 256 256 257 257 257 257 257 257 257 257 256 256 256 256 256 256 257 257 256 256 256 256 256 256 256 256 256 256 256 256 256 256 256 257 257 257 257 257 257 257 257 257 257 257 257 257 257 257 257 257 257 257 257 257 257 257 257 257 257 257 257 257 257 257 257 257 257 257 257 257 257 257 257 257 257 257 257 257 257 256 256 256 256 256 256 256 256 256 256 256 256 256 256 256 256 255 255 255 255 255 255 255 255 255 255 255 255 256 256 255 255 255 255 255 255 256 256 256 256 256 256 255 255 255 254 255 255 254 254 255 255 255 255 254 254 254 255 255 255 254 254 254 254 255 255 255 254 253 253 252 253 253 253 253 253 254 254 254 254 253 253 253 253 253 253 252 252 257 257 257 256 256 256 256 256 255 255 256 256 256 256 256 256 256 256 256 256 256 256 256 256 256 256 256 256 256 257 257 257 256 256 255 254 254 254 255 254 255 255 255 255 255 255 255 256 256 255 255 255 255 256 255 256 256 256 256 256 255 255 256 256 256 255 256 257 256 256 255 256 255 255 255 255 255 255 255 255 255 255 256 256 256 256 256 257 257 257 256 256 257 257 257 258 258 258 258 258 258 258 258 259 259 258 258 258 259 258 258 258 258 257 257 257 257 257 258 257 257 257 258 258 257 257 257 257 257 258 258 258 257 257 257 256 256 256 256 256 256 256 255 256 256 256 256 255 256 256 256 256 256 256 256 257 257 257 257 256 256 256 256 256 256 256 257 257 256 256 256 256 256 256 256 256 256 256 256 256 256 256 257 257 258 257 257 257 257 257 257 257 257 257 258 257 257 257 257 257 257 257 257 257 257 257 257 257 257 257 257 257 257 257 257 257 257 257 257 257 257 257 257 257 257 257 257 257 257 256 256 256 256 256 256 256 256 256 256 256 256 256 256 255 256 256 256 255 255 255 255 255 255 255 254 254 254 255 255 255 255 255 255 255 256 256 256 255 255 256 256 256 255 255 255 255 254 254 254 254 255 254 254 254 254 254 255 255 255 254 254 254 254 255 255 254 252 253 253 253 253 253 253 253 253 254 254 254 254 254 253 253 253 253 253 252 257 256 256 256 256 256 256 256 256 256 256 256 256 256 256 256 256 256 256 256 256 256 256 256 256 257 257 256 255 255 254 255 255 254 255 255 255 256 256 255 255 255 255 255 255 255 255 255 255 255 255 256 255 256 255 256 255 255 256 255 255 256 257 256 256 256 256 255 256 256 256 255 255 255 255 255 255 255 255 256 256 256 256 256 257 257 256 257 257 257 257 258 258 258 257 257 257 257 258 258 258 258 258 258 258 258 258 258 258 257 257 257 257 257 257 257 257 257 258 258 257 257 257 257 258 258 258 257 257 257 257 256 256 256 256 256 256 256 256 256 256 257 256 256 256 257 257 256 257 257 257 257 257 257 257 257 256 256 256 256 256 256 256 257 257 256 256 256 256 256 256 256 256 256 256 256 256 256 257 258 258 257 257 257 257 257 257 258 257 257 257 257 257 257 257 257 257 257 257 257 257 257 257 257 257 257 257 257 257 257 257 257 257 257 257 257 257 257 257 257 257 257 257 257 256 256 256 256 256 256 256 256 256 256 256 255 255 255 256 256 255 256 256 255 255 255 256 256 256 255 255 255 255 255 255 255 256 256 255 255 255 255 255 255 255 255 256 256 256 256 255 255 255 255 254 255 255 255 254 254 254 254 255 255 255 255 254 254 254 254 253 253 252 254 253 253 253 253 252 253 253 254 254 254 254 254 254 253 253 253 253 252 257 256 256 256 256 256 256 256 256 256 256 256 256 256 256 256 256 256 256 257 256 257 257 256 254 255 256 256 256 255 255 255 255 256 256 255 256 255 256 256 256 256 255 255 255 255 255 256 255 256 256 255 255 255 256 256 256 256 256 256 256 256 256 255 255 256 256 256 255 255 255 255 255 255 255 255 255 255 256 256 257 257 257 257 257 257 257 257 257 258 258 258 258 258 258 258 258 258 258 258 258 258 258 258 258 257 258 257 257 257 257 257 257 257 258 258 258 258 258 258 258 258 258 258 257 257 257 257 256 256 256 256 256 256 256 256 257 257 257 256 256 257 257 257 257 257 257 257 257 257 257 257 256 256 256 256 256 256 256 256 257 256 256 256 256 256 256 256 256 256 256 256 256 256 257 258 258 257 257 257 257 258 258 258 257 257 257 257 257 257 257 257 257 257 257 257 257 257 257 257 257 257 257 257 257 257 257 257 257 257 257 257 257 257 257 257 257 257 257 256 256 256 256 256 256 256 256 256 256 256 256 256 256 256 256 256 256 256 256 256 255 256 255 255 255 255 255 256 255 255 255 255 255 255 255 255 255 255 255 255 255 255 255 256 256 256 256 256 255 255 254 255 255 255 254 254 254 254 254 255 255 255 255 255 254 253 253 253 253 254 254 253 253 253 253 253 253 253 254 254 254 254 253 253 253 252 253 252 257 256 256 256 256 256 256 256 256 256 256 256 256 256 256 256 256 257 257 257 256 257 256 255 255 256 256 256 256 255 256 256 256 256 255 256 256 255 256 256 256 256 255 255 255 254 255 255 255 256 255 255 255 255 255 256 256 256 255 256 255 256 256 255 255 256 256 255 255 255 256 255 255 255 255 255 255 256 256 257 257 257 257 256 257 257 257 257 257 258 258 258 258 258 258 258 258 258 258 257 257 258 258 258 257 257 257 257 257 257 257 258 257 258 258 258 258 258 258 258 258 258 258 257 257 257 256 256 256 256 257 256 257 257 257 257 256 256 256 256 256 256 256 256 257 257 257 257 257 257 257 256 256 256 256 256 256 256 256 256 256 256 256 256 256 256 256 256 256 256 256 256 256 257 258 258 257 257 257 258 258 258 257 257 257 257 257 257 257 257 257 257 257 257 257 257 257 257 257 257 257 257 257 257 257 257 257 257 257 257 257 257 256 257 257 257 257 256 256 256 256 256 256 256 256 256 256 256 256 256 256 256 256 256 256 256 256 256 256 256 256 256 255 256 255 255 255 255 255 254 255 255 255 255 255 255 255 255 255 255 255 256 255 256 256 256 256 256 256 255 255 256 256 255 255 255 255 254 254 254 255 255 255 255 254 253 253 253 254 254 255 253 253 253 253 253 253 253 254 254 254 253 253 253 253 257 257 256 256 256 256 256 256 256 256 256 256 256 256 257 256 256 256 256 255 255 256 257 257 257 256 256 256 256 256 255 255 256 255 255 255 256 256 256 256 255 255 254 255 255 255 255 255 255 255 255 255 256 256 255 255 255 255 255 256 256 255 255 255 255 255 255 255 255 255 255 256 256 256 256 256 256 256 256 256 257 257 257 257 258 258 258 258 258 258 257 258 258 258 258 258 257 258 258 258 257 257 257 257 257 257 257 258 258 258 258 258 258 258 258 258 258 258 258 257 257 257 257 256 257 257 257 257 257 257 257 257 257 256 256 256 256 257 257 257 257 257 257 257 257 257 257 256 256 256 256 256 256 256 256 257 256 256 256 256 256 256 256 256 256 256 256 256 256 257 257 257 257 257 258 258 258 257 257 257 257 257 257 257 257 257 257 257 257 257 257 257 257 257 257 257 257 257 257 257 257 257 257 257 257 257 257 257 256 256 257 257 256 256 256 256 256 256 256 256 256 256 256 256 256 256 257 257 256 256 257 257 256 256 256 256 256 256 256 256 256 256 256 255 255 254 255 255 255 255 255 255 254 255 255 255 255 255 255 256 256 256 256 256 256 255 255 256 256 255 255 255 255 254 254 255 254 254 255 255 255 254 253 253 253 253 254 254 254 254 253 253 254 254 254 254 254 254 253 253 253 253 257 257 256 256 256 256 256 256 256 256 256 256 256 256 256 256 256 255 256 256 257 257 257 257 257 256 256 257 256 256 256 255 255 255 255 256 256 256 256 256 255 256 255 255 255 256 255 255 254 255 255 255 256 256 255 255 255 255 255 255 256 255 255 255 255 255 255 255 256 256 256 256 256 256 256 256 256 257 257 257 257 257 257 257 258 257 257 258 257 258 258 258 258 258 257 257 257 258 258 257 257 257 257 257 258 258 258 258 258 258 258 258 258 258 258 258 258 257 257 257 256 256 256 256 256 257 257 257 257 257 257 257 257 256 256 256 257 257 256 256 257 257 257 257 256 256 256 256 256 256 256 256 256 256 256 256 256 256 256 256 256 256 256 256 256 256 256 257 257 257 257 258 257 258 257 257 257 257 257 257 257 257 257 257 257 257 257 257 257 257 257 257 257 257 257 257 257 257 257 257 257 257 257 257 257 257 256 256 256 256 256 256 256 256 257 257 257 257 256 256 256 256 256 256 256 256 257 257 257 256 256 256 256 257 257 256 256 257 257 256 256 256 255 255 254 255 256 256 256 256 255 254 255 255 255 255 255 255 256 255 256 256 256 256 256 256 256 256 256 255 255 255 255 255 255 254 254 254 254 254 254 253 253 253 253 254 254 254 253 253 254 254 254 254 253 253 253 253 253 253 257 256 256 256 256 255 255 256 256 256 256 256 257 257 256 256 256 256 256 257 257 257 257 257 257 256 257 257 256 256 256 256 256 256 256 256 256 256 256 255 255 255 256 256 255 255 254 255 255 255 255 256 256 255 255 255 255 256 256 256 255 255 255 255 255 256 256 256 256 256 256 256 256 256 257 257 257 257 257 257 257 257 257 257 257 257 257 258 257 258 258 258 257 257 258 258 257 257 257 257 257 257 258 258 258 258 258 258 258 258 258 258 258 258 257 257 257 257 257 256 256 257 257 257 257 257 257 257 257 256 256 256 256 256 256 256 257 257 257 257 256 256 256 256 256 256 256 256 256 256 256 256 256 256 256 256 256 256 256 256 256 256 256 256 258 258 258 258 258 257 257 257 257 257 257 257 257 257 257 257 257 257 257 257 257 257 257 257 257 257 257 257 257 257 257 257 257 257 257 257 257 257 257 257 257 256 256 256 256 256 257 257 256 256 256 257 257 257 256 256 256 256 256 256 256 256 256 257 257 257 258 257 257 257 257 257 257 257 256 256 256 255 254 255 256 256 256 256 255 255 255 255 255 255 255 255 255 255 255 256 256 256 256 257 256 256 255 255 255 255 255 255 254 255 255 254 255 255 254 253 253 253 254 254 254 254 254 254 254 254 254 254 253 253 253 253 253 256 255 256 256 257 257 257 257 257 257 256 256 256 257 257 257 257 257 257 257 258 258 257 257 258 257 257 256 256 257 256 255 255 255 255 255 256 255 256 256 256 255 255 255 255 255 255 255 256 256 255 255 255 255 256 256 255 255 255 256 255 255 255 255 255 255 256 256 255 256 256 256 256 256 256 256 256 256 256 256 256 256 256 257 257 257 257 257 257 256 257 257 257 256 256 257 257 257 257 257 257 257 257 257 257 257 257 257 257 257 257 257 257 257 257 257 257 257 257 257 257 257 257 257 257 257 256 256 256 256 256 256 257 257 257 256 256 256 256 256 256 256 256 256 256 256 256 256 256 256 256 256 256 256 256 256 256 256 256 256 256 256 256 256 256 256 256 256 256 256 256 256 256 256 256 256 256 256 256 256 256 256 256 256 256 256 256 256 256 256 256 256 256 256 256 256 256 256 256 256 256 255 255 255 255 255 255 255 255 255 257 257 257 257 257 257 257 257 256 256 257 257 257 257 257 258 258 257 257 258 258 258 258 257 257 257 257 256 255 255 255 255 256 256 256 256 257 257 256 255 255 255 255 255 255 256 256 256 257 257 256 256 256 255 255 255 255 255 255 255 255 254 255 255 255 254 253 253 253 254 254 254 255 255 255 254 254 254 253 253 254 256 256 257 257 257 257 257 257 256 256 256 257 257 257 257 257 257 257 258 258 258 257 258 258 258 258 258 258 256 256 255 256 256 256 257 256 256 256 256 255 255 255 255 255 255 255 255 255 255 255 255 255 256 256 256 255 256 256 255 255 255 255 255 255 255 255 255 256 256 256 256 256 256 257 256 256 256 256 256 256 256 256 257 256 257 257 256 256 257 257 257 256 257 256 257 257 257 257 257 257 257 257 257 257 257 257 257 257 257 257 257 257 258 258 258 258 258 258 258 258 258 257 257 256 256 256 256 256 256 256 256 257 257 257 256 256 256 256 256 257 256 256 256 256 256 256 256 256 256 256 256 256 256 256 256 256 256 255 256 256 256 256 256 256 256 256 256 256 256 256 256 256 256 256 256 256 256 256 256 256 256 256 256 256 256 256 256 256 256 256 256 256 256 256 256 256 256 256 256 255 255 256 255 255 255 255 255 255 257 257 257 257 257 257 257 257 257 256 256 256 257 257 257 258 258 258 257 258 258 258 258 258 258 258 257 257 256 256 256 255 256 256 256 257 257 257 257 256 256 255 256 255 255 255 255 256 256 257 256 256 256 256 256 255 255 255 256 256 255 255 255 255 255 254 254 254 253 254 255 255 255 255 254 254 254 254 254 254 254 256 256 257 257 257 257 257 257 256 256 257 257 257 257 258 258 257 258 258 258 258 258 258 258 259 259 259 258 257 257 256 256 256 256 256 256 256 256 256 255 256 256 256 255 255 255 256 256 255 255 255 255 255 256 256 256 256 256 255 256 256 255 255 255 255 255 256 256 256 256 256 256 256 256 256 256 256 256 256 256 256 256 256 257 257 257 257 256 257 257 257 257 257 257 257 257 257 257 257 257 257 257 257 257 257 257 257 257 257 257 258 258 258 258 258 258 257 258 258 258 257 257 257 256 256 256 257 256 256 257 257 257 257 256 256 256 256 256 256 256 256 256 256 256 256 256 256 256 256 256 256 256 255 255 255 255 255 255 256 256 256 256 256 256 256 256 256 256 255 256 256 256 256 256 256 256 256 256 256 256 256 256 256 256 256 256 256 256 256 256 256 256 256 256 256 256 256 256 256 256 255 255 255 255 255 255 255 255 256 257 257 257 257 257 257 257 257 256 256 257 257 257 257 257 258 258 258 258 259 258 258 258 258 257 257 256 256 255 255 256 255 255 255 256 256 257 257 257 257 256 257 256 256 256 255 255 256 256 256 256 256 257 256 256 256 255 256 256 256 255 255 256 256 255 254 254 253 253 254 255 255 255 255 255 254 254 254 254 256 256 257 257 257 257 257 257 257 257 257 257 257 257 257 258 258 258 258 258 258 259 259 258 258 258 259 259 258 258 257 257 257 256 256 256 256 256 256 256 257 257 256 256 256 256 256 256 256 255 255 255 255 255 256 256 256 256 255 255 255 255 255 255 255 255 256 256 256 256 255 256 256 256 256 256 256 256 256 256 256 256 256 256 256 256 257 256 256 257 257 257 257 257 257 257 257 257 257 257 257 257 257 257 257 257 257 257 257 257 258 257 257 257 258 258 258 257 257 257 257 257 257 257 257 257 257 256 257 257 257 257 256 256 256 256 256 256 256 256 256 257 256 256 256 255 255 256 256 256 256 255 255 255 255 255 256 256 256 256 256 256 256 256 256 256 256 256 256 256 256 256 256 256 256 256 256 256 256 256 256 256 256 256 256 256 256 256 256 256 255 256 256 256 256 256 256 256 255 255 255 255 255 255 255 255 255 254 256 257 257 257 257 257 257 257 257 257 256 256 256 256 257 257 258 258 258 258 259 258 257 257 256 256 256 256 256 256 256 256 256 256 256 256 256 256 257 257 257 257 257 257 257 257 256 256 256 256 256 256 256 257 257 256 256 256 256 256 255 255 254 254 254 254 254 255 255 255 255 255 255 254 256 257 257 257 257 258 257 258 258 258 258 258 258 258 257 258 258 258 258 259 259 259 259 259 258 258 258 258 258 258 258 258 257 256 256 256 256 256 256 257 257 257 256 256 256 256 256 256 255 256 256 255 255 255 256 256 256 256 255 255 255 256 256 256 255 255 256 256 256 256 255 256 256 256 256 256 256 256 256 256 256 256 256 256 256 256 257 257 256 257 257 257 257 257 257 257 257 257 257 257 257 257 257 257 257 257 257 257 257 257 258 257 257 257 258 258 258 257 257 257 257 257 257 257 257 257 257 257 257 257 257 257 256 256 256 256 256 256 256 256 256 256 256 256 256 256 256 255 256 256 255 255 256 256 255 256 256 255 256 256 256 256 257 256 256 256 256 256 255 255 256 256 256 256 256 256 256 256 256 256 256 256 256 256 256 256 256 256 255 255 255 255 255 256 255 255 255 255 255 255 255 255 255 255 255 255 254 254 256 256 256 256 257 257 256 256 257 257 256 257 257 257 257 257 258 259 259 259 258 258 257 257 256 256 256 257 257 257 256 256 257 256 257 257 256 256 256 257 257 257 257 257 257 257 257 257 257 257 256 257 257 257 257 256 256 257 254 254 255 256 257 257 257 257 257 258 258 258 258 258 258 258 258 258 258 258 258 258 259 259 259 259 259 259 258 257 257 257 258 257 257 258 257 257 256 256 256 256 256 256 256 256 256 256 256 256 257 257 256 256 256 255 255 255 255 256 256 256 255 255 256 256 256 256 255 255 256 255 256 256 255 256 256 256 256 256 256 256 256 256 257 257 256 256 256 256 257 257 256 257 257 257 257 257 257 257 257 257 257 257 257 257 257 257 257 257 257 257 257 258 258 258 257 257 258 258 257 257 257 257 257 258 257 258 258 258 258 257 258 258 257 257 256 256 256 256 256 256 256 256 256 256 256 256 256 256 256 256 255 255 256 256 256 256 256 256 255 256 256 257 256 256 257 256 256 257 256 256 255 256 256 256 256 256 256 256 256 256 256 256 256 256 256 256 256 255 255 255 255 255 255 255 255 255 255 255 255 255 255 255 255 255 255 255 255 255 255 255 256 256 256 256 256 256 256 256 257 257 257 257 256 257 258 258 258 258 258 258 258 258 257 257 256 256 257 258 258 257 256 256 257 257 258 257 257 256 256 256 257 256 256 256 256 256 256 256 256 256 256 257 257 257 254 257 257 257 258 258 258 258 258 258 258 258 258 258 258 258 258 258 258 258 259 259 259 259 259 259 258 257 257 257 258 257 257 257 257 257 256 256 256 256 256 257 257 257 257 257 257 256 256 257 257 256 256 255 256 256 256 256 256 256 255 256 256 256 256 256 256 255 255 255 255 256 256 256 256 256 256 256 256 256 256 256 256 256 256 256 256 256 257 257 257 256 257 257 257 257 257 257 257 257 257 257 257 257 257 257 257 257 257 257 257 257 258 258 258 257 258 258 258 257 257 257 257 257 257 258 258 258 257 257 257 257 257 257 257 256 256 256 257 256 256 256 256 256 256 255 256 256 256 256 256 255 256 256 256 256 256 256 256 256 256 257 256 256 257 256 257 257 256 256 255 255 256 256 256 256 256 256 256 256 256 256 256 256 256 255 255 255 255 255 255 255 255 255 255 255 255 256 256 255 256 255 255 255 256 256 255 255 255 255 256 257 256 256 255 256 256 256 256 256 257 257 257 257 258 258 258 257 257 258 258 258 258 257 256 257 258 258 258 257 257 257 257 258 257 257 256 256 256 256 256 256 256 256 256 257 256 256 256 256 256 256 258 257 258 258 258 259 259 259 259 258 258 259 259 259 259 259 258 259 258 259 259 259 258 258 257 257 257 258 257 256 257 257 257 257 257 256 256 257 257 257 257 257 257 257 257 257 256 256 257 256 256 256 256 256 256 256 256 256 255 255 256 256 256 256 256 256 256 256 256 256 256 256 256 256 256 256 256 256 256 256 256 256 256 256 256 256 257 257 257 256 257 257 257 257 257 257 257 257 257 257 257 257 257 257 257 257 257 257 257 257 257 258 258 258 257 257 257 257 257 257 257 257 257 257 257 257 257 257 257 258 258 257 257 257 256 257 257 256 256 256 256 256 256 256 256 255 256 256 255 256 256 256 256 256 256 256 256 256 256 257 256 256 257 257 257 256 256 255 255 255 256 256 256 256 256 256 256 256 255 255 255 255 255 255 255 255 255 255 255 256 256 256 255 255 255 256 256 256 256 255 255 255 256 256 255 255 255 255 256 256 257 256 255 255 256 256 256 256 256 257 258 257 257 257 257 257 257 258 258 258 257 257 257 257 258 258 258 258 258 257 257 258 257 257 257 256 256 257 257 257 257 256 256 257 257 256 256 257 257 259 259 259 259 259 260 259 259 259 259 258 258 259 259 259 259 259 259 258 258 258 258 257 257 257 257 257 256 256 256 256 256 256 257 257 256 256 256 257 257 257 256 257 257 257 257 257 256 256 257 256 256 256 256 256 256 256 256 255 255 256 256 256 256 256 256 256 256 256 256 256 256 256 256 256 256 256 256 256 256 256 256 256 256 256 256 257 257 257 257 257 257 257 257 257 257 257 257 257 257 257 257 257 257 257 257 257 257 257 257 257 257 258 258 257 258 257 257 257 257 257 257 257 257 257 257 257 257 258 258 257 257 257 257 256 257 257 257 257 257 256 256 256 256 256 255 255 255 255 256 256 256 256 256 256 256 256 256 257 257 256 257 257 256 257 256 256 256 255 255 256 256 256 256 256 256 255 255 255 255 255 255 255 255 255 256 256 255 255 256 257 257 256 255 256 256 256 256 256 256 255 256 256 256 255 255 255 255 256 256 256 257 256 255 255 256 256 256 257 257 258 258 258 257 257 257 257 258 258 258 258 257 257 257 257 257 258 259 258 258 258 258 257 258 258 257 256 258 257 257 257 257 256 257 257 256 257 260 260 260 259 259 259 260 259 259 259 259 259 259 259 259 259 258 259 258 258 257 256 256 257 256 256 256 256 256 255 256 256 256 256 256 256 257 257 257 257 256 257 257 257 257 257 257 256 257 257 256 256 256 256 256 257 257 256 255 255 256 256 256 256 256 256 256 256 256 256 256 256 256 256 256 256 256 256 256 256 256 256 257 256 256 257 257 257 257 257 257 257 257 257 257 257 257 257 257 257 257 257 257 257 257 257 257 257 257 257 257 258 258 257 258 258 257 257 257 257 257 257 257 257 257 257 257 258 257 257 257 256 257 256 257 257 257 256 257 256 256 256 256 256 256 256 255 255 255 256 256 256 255 256 256 257 257 257 257 257 257 256 256 256 256 256 256 256 255 256 256 256 256 256 256 255 256 256 255 255 255 256 256 256 256 256 256 255 256 256 257 256 255 256 256 257 256 256 255 255 256 256 256 256 256 255 255 257 257 256 256 256 255 255 256 256 256 256 257 257 257 257 258 258 257 258 258 258 259 258 258 257 257 257 258 258 259 259 259 259 258 257 258 258 257 257 257 257 257 257 257 257 257 258 257 259 258 259 259 260 259 260 260 260 260 259 259 259 259 260 259 259 259 259 258 258 258 258 258 258 258 258 257 256 256 256 257 256 255 256 256 256 256 256 256 256 256 256 256 257 257 257 256 256 256 257 257 257 257 257 257 256 257 257 257 256 257 256 256 257 256 255 255 256 256 256 256 256 256 256 256 256 256 256 256 256 256 256 256 256 256 256 256 256 256 256 256 256 257 257 257 257 257 257 257 257 257 257 257 257 257 257 257 257 257 257 257 257 257 257 257 257 257 257 257 257 257 257 258 257 257 257 257 257 257 258 257 257 257 257 257 257 257 257 256 257 256 256 257 257 256 257 257 257 257 257 256 256 256 255 255 256 256 256 256 256 256 256 257 257 257 257 256 256 256 256 256 256 256 256 256 256 256 256 256 256 256 256 255 256 256 255 256 256 255 256 256 256 257 256 255 256 256 257 256 256 256 257 256 255 255 255 256 256 256 256 256 256 255 255 257 257 256 256 256 255 255 255 255 256 256 256 256 256 257 258 258 257 257 258 258 259 259 258 257 258 258 258 259 259 259 259 259 259 258 259 258 257 257 257 257 258 258 258 258 259 259 259 260 260 260 260 260 259 259 260 259 259 259 259 260 260 258 258 258 258 258 258 258 258 258 257 258 257 256 256 256 255 256 256 255 256 256 256 256 256 256 256 256 256 256 256 256 256 256 257 257 257 257 257 257 257 257 256 257 257 257 257 257 256 256 256 256 256 256 256 256 256 256 256 256 256 256 256 256 256 256 256 256 256 256 256 256 256 256 256 256 256 256 256 257 257 257 257 257 257 257 257 257 257 257 257 257 257 257 257 257 257 257 257 257 257 257 257 257 257 257 257 257 257 257 257 257 257 257 257 257 257 257 257 257 257 257 257 257 256 257 257 256 256 256 256 256 256 257 257 257 256 257 256 256 255 255 256 256 256 256 256 256 256 256 256 256 256 256 256 257 256 256 256 257 256 256 256 256 256 256 256 256 256 256 256 256 255 256 256 256 255 256 257 256 256 256 256 256 257 256 256 257 257 256 256 256 255 255 256 256 256 256 255 255 255 257 257 256 255 255 255 256 256 256 256 256 256 256 257 257 258 258 258 257 258 258 259 259 258 258 258 259 259 259 259 259 259 259 259 259 259 258 257 257 257 258 258 258 259 259 259 259 259 259 260 260 260 260 259 259 259 259 259 259 258 259 259 259 258 257 257 257 257 257 257 257 257 257 257 257 256 255 256 256 255 256 256 256 256 256 256 256 256 256 256 256 256 256 256 256 256 257 257 257 257 257 257 257 257 257 256 257 257 257 257 257 257 256 256 256 256 256 256 256 256 256 256 256 256 256 256 256 256 256 256 256 256 256 256 256 256 256 256 256 256 256 256 256 256 256 257 257 257 256 256 257 257 257 257 257 257 257 257 257 257 257 257 257 257 257 257 258 258 258 257 257 257 257 257 257 257 257 257 257 257 257 257 257 257 257 256 256 257 257 257 257 257 256 256 256 256 256 256 256 256 256 256 255 255 255 256 256 256 256 256 256 256 256 257 256 256 256 257 256 256 256 257 256 256 256 255 256 256 256 256 255 256 256 256 256 255 256 256 256 256 256 257 256 256 257 257 257 256 256 257 256 256 257 256 255 255 256 256 256 256 255 255 255 256 256 256 255 255 256 256 256 257 257 257 257 257 257 258 258 258 258 258 257 258 259 259 259 258 258 258 258 258 258 259 259 259 259 259 259 258 258 257 257 257 257 257 258 258 259 259 259 259 259 259 258 258 258 258 259 259 259 258 258 258 258 257 256 256 257 257 257 256 257 257 257 256 255 255 255 255 255 255 256 256 256 256 256 256 256 256 256 256 256 256 256 256 256 256 256 257 257 257 257 257 257 257 257 257 256 256 257 257 257 257 257 256 256 256 256 256 256 256 256 256 256 256 256 256 256 256 256 256 256 256 256 256 256 256 256 256 256 256 256 256 256 256 256 257 257 257 257 256 256 257 257 257 257 257 257 257 257 257 257 257 257 258 257 257 258 258 258 258 257 257 257 258 257 257 257 257 257 257 257 257 258 257 256 256 256 256 256 257 256 257 257 257 257 257 257 256 256 256 256 256 255 256 256 256 256 256 256 256 257 257 257 257 256 256 256 257 256 256 256 256 257 256 256 256 256 256 256 255 255 255 255 256 256 256 256 257 256 256 257 257 256 256 257 258 257 256 256 257 256 256 257 256 256 255 256 256 256 256 255 255 254 255 255 255 255 256 256 256 256 257 257 257 257 257 258 258 258 258 259 259 258 258 259 259 259 258 258 258 258 258 258 258 258 258 259 259 259 258 258 257 257 257 257 257 258 259 259 259 258 259 258 257 258 258 258 259 258 258 257 257 257 257 256 256 255 256 256 256 256 256 255 255 255 255 255 255 255 255 256 256 256 256 256 256 256 256 256 256 256 256 256 256 256 256 256 256 257 257 257 257 257 257 257 257 257 256 256 256 257 257 257 257 256 256 256 256 256 256 256 256 256 256 256 256 256 256 256 256 256 256 256 256 256 256 256 256 256 256 256 256 256 256 257 257 257 257 257 257 257 256 257 257 257 257 257 257 257 257 257 257 257 257 257 257 258 258 258 258 257 257 257 257 257 257 257 258 257 257 257 257 257 257 257 257 256 257 256 256 256 256 256 256 256 256 256 256 257 256 256 256 256 256 256 256 256 256 257 257 256 257 257 257 257 256 256 256 256 256 256 256 256 256 256 255 256 256 256 256 256 255 255 256 256 256 257 257 257 257 257 258 257 256 256 257 258 258 257 257 257 256 256 256 256 256 256 256 257 256 256 255 254 254 255 255 255 256 256 257 257 257 257 257 257 258 258 257 258 258 258 259 259 258 259 259 259 259 258 258 259 259 259 258 259 258 259 259 259 259 258 257 257 257 257 257 257 257 258 257 257 258 257 257 257 257 257 256 257 257 257 257 256 256 256 256 255 255 255 255 255 255 255 254 254 255 255 255 255 255 255 256 256 256 256 256 256 256 256 256 256 256 256 256 256 256 256 256 257 256 257 257 257 257 257 257 257 257 257 257 256 256 257 257 257 257 256 256 256 256 256 256 256 256 256 256 256 256 256 256 256 256 256 256 256 256 256 256 256 256 256 256 256 256 256 257 257 257 257 257 257 257 257 257 257 257 257 257 257 257 257 257 257 257 257 257 257 257 258 258 258 258 258 258 257 257 257 257 257 258 257 257 257 257 257 258 257 256 256 256 256 256 256 256 256 256 256 257 257 256 256 256 256 256 256 256 255 256 256 256 256 256 256 257 257 257 257 257 257 256 256 256 256 256 256 256 255 256 256 257 256 256 256 255 255 255 255 256 256 256 257 257 257 258 257 257 256 257 257 258 258 257 257 257 256 255 255 256 256 256 256 255 255 255 254 254 255 255 256 257 257 257 257 257 257 258 257 257 258 258 258 258 258 259 259 259 259 259 259 259 258 258 259 259 259 259 259 259 259 259 259 259 258 257 257 257 257 257 257 257 257 258 257 256 257 256 256 255 255 255 255 255 256 255 255 255 255 255 255 254 254 255 255 255 255 255 255 255 255 255 255 256 256 256 256 256 256 256 256 256 256 256 256 256 256 256 256 256 256 257 257 257 257 257 257 257 257 257 257 257 257 257 257 256 257 257 257 257 257 256 256 256 256 256 256 256 256 256 256 255 256 256 256 256 256 256 256 256 256 256 256 256 256 256 256 256 256 256 256 256 256 257 257 257 257 257 256 257 257 257 257 257 257 257 257 257 257 257 257 258 257 258 258 258 258 257 257 257 257 258 258 258 258 258 258 257 257 257 258 257 257 256 256 256 256 257 257 257 257 257 256 256 256 256 256 256 257 256 256 255 255 256 256 256 256 256 256 256 257 257 257 257 257 256 256 256 256 256 256 256 256 256 256 257 256 256 256 255 256 256 256 257 257 257 257 257 258 258 257 257 257 257 258 258 257 257 256 256 256 255 255 255 256 256 255 254 254 255 254 255 255 256 257 257 256 256 256 257 257 258 258 258 258 258 258 258 258 259 259 259 259 259 259 258 259 260 259 259 259 259 260 259 259 258 258 258 257 257 257 257 257 257 257 257 258 258 258 258 258 258 259 259 259 257 257 256 255 255 255 255 255 255 255 255 255 255 255 255 255 255 255 255 255 255 255 255 255 255 255 256 256 256 256 256 256 256 256 256 256 256 256 256 256 256 256 256 256 256 256 256 256 257 257 257 257 257 257 257 257 257 257 257 257 257 257 256 257 257 257 257 257 256 256 256 256 256 256 256 256 256 256 256 256 256 256 256 256 256 256 256 256 256 256 256 256 256 256 256 256 256 256 257 257 257 257 256 257 256 256 257 257 257 257 257 257 257 257 257 257 257 257 258 257 257 258 258 257 257 257 257 257 257 257 258 258 258 258 257 257 257 257 257 257 256 256 256 256 256 257 257 256 256 256 256 256 256 256 257 257 256 256 256 256 255 255 256 256 256 256 256 256 257 257 257 257 256 256 256 257 256 256 256 256 256 256 257 256 256 255 255 256 256 257 257 257 257 257 257 257 258 258 257 257 257 258 258 258 257 256 256 256 256 255 255 255 256 255 255 254 255 255 255 255 256 257 257 256 257 257 257 257 258 258 258 258 258 258 258 258 258 259 259 259 260 259 259 259 259 259 259 259 259 259 259 259 258 257 257 257 257 257 257 257 257 257 257 258 258 258 258 258 258 258 258 258 258 259 260 260 259 258 261 260 258 257 256 255 255 254 255 255 255 255 255 255 255 255 255 255 255 255 255 255 255 255 256 256 256 256 256 256 256 256 256 256 256 256 256 256 256 256 256 256 256 256 256 256 256 256 256 256 257 257 257 257 257 257 257 257 257 257 257 257 257 257 257 257 257 257 257 257 256 256 256 256 256 256 256 256 256 256 256 256 256 256 256 256 256 256 256 256 256 256 256 256 256 256 256 256 257 257 257 257 257 256 257 257 257 256 257 257 257 257 257 257 257 257 257 257 257 257 257 258 258 258 258 258 258 258 257 257 258 257 257 257 257 258 258 258 258 257 257 257 256 257 256 256 256 256 256 256 256 256 256 256 256 257 257 257 256 256 256 256 256 256 255 256 256 256 256 256 257 257 257 257 256 257 257 257 257 256 256 256 256 257 256 256 256 256 255 256 256 256 257 257 257 257 257 257 257 258 258 257 258 258 258 258 257 256 256 256 256 256 255 255 255 255 255 254 255 255 256 256 256 256 256 256 257 257 257 257 258 258 258 258 258 258 258 259 259 259 259 259 260 259 259 259 259 259 259 259 259 259 259 259 258 258 257 257 257 257 257 257 257 257 257 257 257 258 258 258 257 258 258 258 258 258 258 258 258 259 260 260 259 259 259 260 261 261 260 260 259 257 256 255 255 255 255 255 255 256 255 255 255 256 256 256 256 256 256 256 256 256 256 256 256 256 256 256 256 256 256 256 256 256 256 256 256 256 256 256 256 256 256 256 256 256 257 257 257 257 257 257 257 257 257 257 257 257 257 257 257 257 257 257 257 257 257 257 256 257 257 256 256 256 256 256 256 256 256 256 256 256 256 256 256 256 256 256 256 256 256 256 256 256 256 256 256 256 257 256 256 256 256 256 256 256 257 257 257 257 257 257 257 258 257 257 257 257 258 257 258 258 258 258 258 258 257 257 257 258 258 258 258 258 258 258 257 257 257 257 257 257 257 256 257 256 256 256 256 256 256 256 256 256 257 257 257 257 256 256 256 256 256 256 256 256 256 256 257 256 257 257 257 257 257 257 257 256 257 257 257 257 257 256 256 256 256 256 256 256 256 256 257 256 257 257 257 257 258 258 258 257 257 257 257 256 256 256 255 255 255 255 254 255 255 254 255 254 256 257 257 257 257 257 257 257 257 257 257 257 257 258 258 258 258 258 259 259 259 260 260 259 259 259 259 259 259 259 259 259 259 259 258 258 257 257 257 257 258 258 257 257 257 257 257 258 258 257 258 257 257 258 258 257 258 258 257 258 258 258 259 259 258 258 258 259 259 259 259 259 259 260 261 261 261 260 258 257 256 255 255 255 255 255 255 256 256 256 256 256 256 256 256 256 256 256 256 256 256 256 256 256 256 256 256 256 256 256 256 256 256 256 256 256 256 256 256 256 256 256 256 257 257 257 257 257 257 257 257 257 257 257 257 257 257 257 257 257 257 257 257 257 257 257 256 256 257 257 257 256 256 256 256 257 257 257 256 256 256 256 256 256 256 256 256 256 256 256 256 256 256 256 256 256 256 256 256 256 256 256 256 256 256 257 257 257 257 257 257 257 258 258 257 257 257 258 258 258 258 258 258 258 258 257 257 257 257 257 258 258 258 258 258 258 257 257 257 257 257 257 257 257 257 257 256 256 256 256 256 256 257 257 257 256 256 256 256 256 256 256 256 256 256 256 256 256 257 257 257 257 257 257 256 256 257 257 257 256 256 256 256 256 256 256 256 256 257 256 256 256 256 257 257 258 258 258 257 257 257 257 257 257 256 256 256 256 256 255 255 255 255 255 255 255 256 257 257 257 258 258 258 258 258 258 258 258 258 257 258 258 258 258 258 258 259 259 260 259 259 259 259 259 259 258 259 259 259 259 259 258 258 258 257 257 258 258 257 257 257 257 257 257 258 258 258 257 257 258 257 258 258 257 257 258 257 258 258 259 258 258 257 257 257 258 259 260 259 259 259 260 260 260 260 259 258 257 256 255 254 254 255 255 255 256 256 256 256 256 256 256 256 256 256 256 256 256 256 256 256 256 256 256 256 256 256 256 256 256 256 256 256 256 256 256 256 256 256 256 257 256 257 256 257 257 257 257 257 257 257 257 257 257 257 257 257 257 257 257 257 257 257 257 256 257 257 257 257 257 257 256 256 256 257 257 257 256 256 256 256 256 256 256 256 256 256 256 256 256 256 256 256 256 256 256 257 257 257 256 256 256 257 256 257 257 257 257 257 257 257 257 257 257 258 258 258 258 258 258 258 257 257 257 257 257 257 257 257 257 258 258 258 258 257 257 257 257 257 257 257 257 257 257 257 257 256 257 257 257 257 257 257 257 257 256 256 257 256 256 256 256 256 256 256 256 257 257 257 257 257 256 257 257 257 257 257 256 256 257 256 256 256 256 256 256 256 256 257 257 257 257 257 257 257 257 257 257 257 257 257 257 257 256 256 256 256 256 255 255 255 255 256 256 257 257 257 257 257 257 257 257 257 257 257 258 258 258 258 257 257 257 258 258 258 259 259 260 260 259 259 259 259 258 258 259 259 259 259 258 258 258 258 257 258 258 257 257 257 257 257 257 257 258 258 257 257 258 257 258 258 258 258 258 257 257 258 258 257 257 257 257 257 258 259 260 259 258 259 260 260 259 259 259 258 256 256 255 255 254 255 255 255 256 256 256 256 256 256 256 256 256 256 256 256 256 256 256 256 256 256 256 256 256 256 256 256 256 256 256 256 256 256 256 256 256 257 257 256 257 257 257 257 257 257 257 257 257 257 257 257 257 257 257 257 257 257 257 257 257 257 257 256 256 257 257 257 256 257 257 256 256 256 257 257 257 256 256 256 256 256 256 256 256 256 256 256 257 257 256 257 257 257 257 257 257 257 256 256 256 257 257 257 257 257 257 257 257 257 257 258 258 258 258 258 258 258 258 257 257 257 258 258 257 257 257 257 257 257 258 258 257 257 257 257 257 257 257 257 257 257 257 257 257 257 257 257 258 258 258 258 257 257 257 257 257 257 257 256 257 256 256 256 257 257 257 257 257 257 257 257 257 257 257 257 257 256 257 257 256 256 256 256 256 257 257 257 257 256 256 256 257 257 257 257 257 256 257 257 257 256 256 256 256 256 256 256 255 255 255 255 255 257 257 257 257 257 257 257 257 257 257 257 257 258 258 258 258 258 258 258 258 258 258 259 260 260 260 260 259 259 258 258 258 259 259 259 259 258 258 258 257 258 258 258 257 257 257 257 258 258 258 258 258 257 257 258 258 258 257 257 257 258 257 258 257 257 256 257 257 258 259 259 258 258 258 258 258 259 259 258 257 257 257 256 255 255 255 255 256 256 256 256 256 256 256 256 256 256 256 256 256 256 256 256 256 256 256 256 256 256 256 256 256 256 256 256 256 256 256 256 257 257 257 257 256 256 257 257 257 257 257 257 257 257 257 257 257 257 257 257 257 257 257 257 257 257 257 257 256 256 257 257 257 256 257 257 256 256 256 256 257 257 257 256 256 256 256 256 256 256 256 256 256 257 257 257 257 257 257 257 257 257 257 256 256 256 257 257 257 257 257 257 257 257 257 257 258 258 258 258 258 258 258 258 257 257 258 258 258 257 257 257 257 258 258 258 258 258 258 257 257 257 257 257 257 257 257 257 257 257 257 257 258 258 258 258 258 257 257 257 257 257 257 257 257 257 256 256 256 256 256 257 257 257 257 257 257 257 257 257 257 257 257 257 257 257 256 256 256 256 256 256 256 256 257 257 257 257 257 257 257 257 256 256 256 257 256 256 256 256 256 256 256 255 255 255 255 255 257 257 257 257 257 257 257 257 257 257 257 257 257 257 258 258 258 258 258 259 259 259 259 260 259 259 260 259 259 258 258 259 259 259 259 259 258 258 258 258 257 258 258 257 257 257 257 258 257 257 257 257 257 258 258 258 258 258 258 257 257 257 257 256 257 257 257 257 258 258 258 258 257 257 257 259 258 257 257 256 256 255 255 255 255 256 256 256 256 256 256 256 256 256 256 256 256 256 256 256 256 256 256 256 256 256 256 256 256 256 256 256 256 256 256 256 256 257 257 257 257 257 256 257 257 257 257 257 257 257 257 257 257 257 257 257 257 257 257 257 257 257 257 257 257 257 256 256 257 257 257 257 256 256 256 256 256 256 256 257 257 256 256 256 256 256 256 256 256 256 256 257 257 257 257 257 257 257 257 257 257 256 256 256 256 256 257 257 257 257 257 257 257 257 257 257 258 257 257 258 258 257 257 257 257 258 258 257 257 258 258 258 258 258 258 258 257 257 258 257 257 257 257 257 257 257 257 257 257 258 257 258 258 257 257 257 257 257 257 257 257 257 257 256 256 256 256 256 257 257 257 257 257 257 257 257 257 257 257 257 257 257 257 257 257 256 256 256 256 256 256 257 257 256 256 257 257 257 257 256 256 256 256 256 256 256 256 256 256 256 255 255 255 255 255 255 257 257 257 257 257 257 257 257 257 257 257 257 257 257 257 258 258 258 258 258 258 258 259 259 259 259 259 259 259 258 258 259 259 259 259 259 259 259 258 258 258 258 258 258 258 257 258 257 257 257 257 257 258 258 258 257 257 256 256 256 256 257 256 256 257 258 258 259 258 257 257 256 258 258 257 256 255 255 255 255 255 255 256 256 256 256 256 256 256 256 256 256 256 256 256 256 256 256 256 256 256 256 256 256 256 256 256 256 256 256 256 256 256 256 256 256 257 257 257 256 257 257 257 257 257 257 257 257 257 257 257 257 257 257 257 257 257 257 257 257 257 257 257 256 256 257 257 257 257 256 256 256 256 256 256 256 257 257 257 256 256 256 256 256 256 256 256 256 256 257 257 257 257 257 257 256 257 257 257 256 256 256 257 257 257 257 257 257 257 257 257 257 257 257 257 257 257 258 258 257 258 258 257 257 258 257 258 258 257 257 258 258 258 257 257 257 257 256 257 257 257 257 257 257 257 257 258 257 258 258 257 257 257 258 258 258 257 257 257 257 257 256 256 256 257 257 257 257 257 257 257 257 257 258 258 257 257 257 257 257 257 256 256 256 256 256 256 256 256 256 256 257 257 257 257 257 257 256 256 256 256 256 256 256 256 256 256 255 255 255 255 255 255 257 257 257 257 257 257 257 257 257 257 257 257 257 257 257 257 257 258 258 257 257 258 259 258 258 258 259 259 259 259 259 259 259 259 259 259 259 259 259 259 259 259 259 259 259 258 258 258 258 258 256 256 257 256 256 256 256 256 256 256 255 255 255 256 257 257 258 258 258 259 257 256 256 256 255 255 255 255 255 255 256 256 256 256 256 256 256 256 256 256 256 256 256 256 256 256 256 256 256 256 256 256 256 256 256 256 256 256 256 256 256 256 256 256 256 257 257 257 256 257 257 257 257 257 257 257 257 257 257 257 257 257 257 257 257 257 257 257 257 257 257 257 256 256 257 257 257 257 257 256 256 256 256 256 256 257 256 256 257 256 256 256 256 256 256 256 256 256 256 257 257 257 257 257 257 257 257 257 257 257 257 257 257 257 256 257 257 257 257 257 257 257 257 257 257 257 257 257 257 257 258 258 258 258 257 257 257 257 257 257 257 257 257 257 257 257 257 256 257 257 257 257 257 257 257 257 257 257 258 257 257 257 257 257 258 257 257 257 257 257 256 257 257 257 258 257 257 257 257 258 257 257 257 257 258 258 257 257 257 257 256 256 256 256 256 256 256 256 256 256 257 257 257 257 257 257 256 256 256 256 256 256 256 256 256 256 256 255 255 255 255 256 257 257 257 257 257 257 257 257 257 256 256 257 257 257 256 256 257 257 257 257 257 258 258 258 258 258 259 259 259 259 259 259 259 259 259 259 259 259 259 259 259 259 259 259 259 259 259 257 257 256 256 256 256 256 257 257 257 257 257 256 256 255 255 256 257 257 258 259 259 257 257 256 256 256 256 256 256 255 255 255 256 256 256 256 256 256 256 256 256 256 256 256 256 256 256 256 256 256 256 256 256 256 256 256 256 256 256 256 256 256 256 256 256 257 257 257 257 256 257 257 257 257 257 257 257 257 257 257 257 257 257 257 257 257 257 257 257 257 257 257 257 256 256 256 257 257 257 257 256 256 256 256 256 256 256 256 256 256 257 256 256 256 256 256 256 256 256 256 256 257 257 257 257 257 257 257 257 257 257 257 257 257 256 257 257 257 257 257 257 257 257 257 257 257 257 257 257 257 257 258 258 258 258 258 257 257 257 257 256 257 257 257 257 256 256 256 257 257 257 257 257 257 257 257 257 257 257 258 258 258 257 257 257 257 257 257 257 257 257 257 257 257 257 258 258 257 258 258 257 258 257 257 257 257 257 257 256 256 256 256 257 256 256 256 256 256 256 257 257 257 257 257 257 256 256 256 257 256 256 256 256 256 256 256 256 256 255 255 255 255 256 257 257 257 257 257 257 257 257 257 257 256 256 256 256 256 257 257 257 257 257 257 257 258 258 258 258 259 259 259 259 259 259 259 259 259 260 259 260 260 259 259 259 259 259 259 257 257 257 257 259 258 259 259 257 257 257 255 255 257 257 257 258 257 257 257 256 256 255 255 256 255 255 255 256 256 256 256 256 256 256 256 256 256 256 256 256 256 256 256 256 256 256 256 256 256 256 256 256 256 256 256 256 256 256 257 257 257 256 257 257 257 256 257 256 257 257 257 257 257 257 257 257 257 257 257 257 257 257 257 257 257 257 257 257 257 256 256 256 257 256 257 257 256 256 256 256 256 256 256 257 256 256 256 256 256 256 256 257 256 256 256 256 256 256 257 257 257 257 257 257 257 257 257 257 257 257 257 257 257 257 257 257 257 258 258 258 257 257 257 257 257 257 257 257 258 258 258 257 257 257 256 256 256 256 256 257 257 257 257 256 256 256 257 257 257 257 257 257 257 257 257 257 257 258 257 257 257 257 257 257 257 257 257 257 257 258 258 257 257 257 257 257 257 257 257 257 257 257 257 257 257 257 257 257 256 256 256 256 256 256 256 256 256 256 257 257 257 256 256 257 257 256 256 256 256 255 256 256 256 256 255 255 255 255 256 257 257 257 257 257 257 257 257 257 257 257 256 257 257 257 257 257 257 258 258 258 257 257 258 258 258 259 259 259 259 259 259 259 259 259 260 259 260 260 259 259 259 260 260 260 260 260 259 258 258 259 259 260 260 260 258 259 259 259 254 255 255 256 256 256 256 256 255 255 255 255 255 255 255 256 256 256 256 256 256 256 256 256 256 256 256 256 256 256 256 256 256 256 256 256 256 256 256 256 256 256 256 256 256 256 256 256 257 257 256 257 257 257 257 256 257 257 257 257 257 257 257 257 257 257 257 257 257 257 257 257 257 257 257 257 257 257 256 256 256 256 256 257 257 256 256 256 256 256 256 256 256 256 256 256 256 256 256 256 256 257 256 256 256 256 256 256 257 257 257 257 257 257 257 257 257 257 257 257 257 256 257 257 257 257 258 257 257 257 257 257 257 257 257 257 257 258 258 258 257 257 257 257 257 257 257 257 257 257 257 257 257 256 256 257 257 257 257 257 257 257 257 257 256 257 258 257 257 257 257 257 257 257 257 257 257 258 258 258 257 257 257 257 257 257 257 257 257 257 257 257 257 257 257 257 256 256 256 256 256 256 257 256 256 257 256 256 257 257 256 256 256 256 256 256 256 256 256 255 255 255 256 255 255 256 256 256 257 257 257 257 257 257 257 257 257 256 257 257 257 257 257 258 258 258 258 259 259 258 258 258 258 258 259 259 259 259 259 259 259 259 260 259 260 260 259 259 259 259 260 260 260 259 260 260 260 261 261 261 260 260 260 260 259 258 257 255 255 255 254 254 254 254 254 255 255 255 255 256 256 256 256 256 256 256 256 256 256 256 256 256 256 256 256 256 256 256 256 256 256 256 256 256 256 256 256 256 256 256 256 256 256 257 256 257 257 257 257 257 256 257 257 257 257 257 257 257 257 257 257 257 257 257 257 257 257 257 257 257 257 257 257 256 256 256 256 256 257 257 257 256 256 256 256 256 256 256 257 257 256 256 256 256 256 256 256 256 256 256 256 256 257 257 257 257 257 257 257 257 257 257 257 257 257 257 257 257 257 257 257 258 257 257 257 257 257 257 257 257 257 257 258 258 258 258 258 258 258 258 257 257 257 257 257 257 257 256 256 256 256 256 256 257 257 257 257 257 257 256 257 257 257 258 258 257 257 257 257 257 257 257 258 258 258 257 257 257 257 257 257 257 257 257 257 257 257 257 257 257 257 256 257 257 257 257 257 256 256 257 257 256 257 257 256 256 256 256 256 256 256 256 256 256 256 256 256 256 255 256 256 256 256 257 257 257 257 257 257 257 257 257 256 257 257 258 258 258 258 258 258 259 259 259 258 259 259 258 258 258 259 259 259 259 259 259 259 260 259 260 259 259 259 260 260 260 259 259 260 261 261 261 260 260 260 260 260 259 258 258 257 256 255 255 257 255 254 255 255 255 255 255 256 256 256 256 256 256 256 256 256 256 256 256 257 257 256 256 256 256 256 256 256 256 256 256 256 256 256 256 256 256 256 256 257 257 257 257 257 257 257 257 257 256 257 257 256 257 257 257 257 257 256 257 257 257 257 258 257 257 257 257 257 257 257 257 256 256 257 257 257 257 257 257 257 256 257 256 256 256 256 257 257 256 256 256 256 256 256 256 256 256 256 256 257 257 257 257 257 257 257 257 257 257 257 257 257 257 257 257 257 257 257 257 257 257 257 257 257 257 257 257 257 257 257 257 257 257 257 257 258 258 257 258 258 257 257 257 257 257 256 257 257 256 256 256 257 257 257 256 257 256 256 257 257 257 257 257 257 257 257 257 256 256 257 257 257 257 257 257 257 257 257 257 257 257 257 257 258 257 258 258 258 257 257 257 257 257 257 257 257 256 257 257 257 257 257 256 256 256 256 256 255 256 256 256 256 256 256 256 255 255 256 256 256 256 257 257 257 257 257 257 257 257 257 257 257 257 258 258 259 259 259 258 258 259 259 259 259 259 258 258 259 259 259 259 259 259 259 260 259 259 259 259 259 259 260 260 259 259 259 260 260 259 259 259 259 260 260 259 258 257 257 257 257 258 259 258 256 255 256 256 255 255 255 256 256 256 256 256 256 256 256 256 256 256 256 256 256 256 256 256 256 256 256 256 256 256 256 256 256 256 256 256 256 256 256 256 257 257 257 257 257 257 257 256 257 257 256 257 257 257 257 257 257 257 257 257 257 257 257 257 257 257 257 258 257 257 257 256 256 256 257 257 257 256 257 257 257 257 257 257 256 257 257 257 257 256 256 256 256 256 256 256 257 257 256 257 257 257 257 257 257 257 257 257 257 257 257 257 257 257 257 257 257 257 257 257 257 257 257 257 257 257 257 257 257 257 257 257 257 257 257 257 257 257 257 257 257 257 256 256 256 256 257 257 256 256 256 256 257 256 257 257 256 256 257 257 257 257 257 257 257 257 257 256 256 257 257 257 257 257 257 257 257 257 257 257 257 257 257 258 258 258 258 258 258 258 258 257 257 257 256 256 256 257 257 257 257 257 256 256 256 256 256 256 255 255 255 255 256 256 256 255 255 256 256 256 256 257 257 257 257 257 258 258 258 258 258 258 257 257 258 258 259 259 259 259 259 259 260 260 259 259 258 259 259 259 260 260 260 260 259 259 259 259 259 259 259 259 259 259 259 260 260 259 258 258 259 258 259 259 259 259 259 259 259 259 260 259 258 257 257 256 256 255 255 255 255 256 256 256 256 256 256 256 256 256 256 256 256 256 256 256 256 256 256 256 256 256 256 256 256 256 256 256 256 256 256 256 256 256 256 256 256 257 257 256 257 256 256 256 257 257 257 257 257 257 257 257 257 257 257 257 257 257 257 257 257 258 258 257 257 256 256 256 257 257 257 257 257 257 257 257 257 257 257 257 257 257 257 257 256 256 256 256 256 257 257 257 256 257 257 257 257 257 257 257 257 257 257 257 257 257 257 257 257 257 257 257 257 257 257 257 257 257 257 257 257 257 257 257 257 257 258 258 257 257 257 257 257 257 257 257 256 256 256 257 257 257 256 256 256 256 256 256 256 256 256 256 256 257 257 257 257 257 257 257 257 256 256 256 257 257 257 257 257 257 257 257 257 257 257 257 257 258 258 258 258 258 258 258 258 258 257 257 257 257 256 257 257 257 257 257 257 257 256 256 256 256 256 256 256 256 256 256 255 255 255 255 256 256 256 257 257 257 257 257 258 258 259 259 259 259 258 257 258 258 259 260 260 260 259 260 260 260 259 259 258 258 259 259 260 260 260 260 259 259 259 259 259 259 259 259 259 259 259 259 260 259 259 259 259 258 258 258 259 259 260 261 261 260 260 261 260 259 257 256 256 255 255 255 255 256 256 256 256 256 256 256 256 256 256 256 256 256 256 256 256 256 256 256 256 256 256 256 256 256 256 256 256 256 256 256 256 256 256 256 256 256 256 257 256 256 256 256 256 257 257 256 256 257 257 256 257 257 257 257 257 257 257 257 257 257 257 257 257 257 256 256 256 256 257 257 257 257 257 257 257 257 257 257 257 257 257 257 257 256 256 256 256 256 257 257 257 257 257 257 257 257 257 257 257 257 257 257 257 257 257 257 257 257 257 257 257 257 257 256 256 257 257 257 257 258 257 257 257 257 257 258 258 258 257 257 257 257 257 256 256 256 257 257 257 257 257 257 257 256 257 257 256 257 256 256 256 256 256 256 257 257 257 257 257 257 256 256 256 256 257 257 257 257 257 257 257 257 257 257 257 257 258 258 258 258 258 258 258 258 258 257 257 256 256 256 256 257 257 258 258 257 257 257 257 257 256 256 256 256 256 256 255 255 255 255 255 256 256 256 257 257 257 257 257 257 257 258 258 259 259 259 258 258 259 259 259 260 259 260 260 260 260 260 259 258 258 259 260 260 260 260 260 260 259 259 259 259 259 259 259 259 259 259 260 260 259 259 260 260 260 259 258 257 259 260 260 260 260 260 261 261 260 258 258 258 258 256 255 255 255 255 256 256 256 256 256 256 256 256 256 256 256 256 256 256 256 256 256 256 256 256 256 256 256 256 256 256 256 256 256 256 256 256 256 256 256 256 256 256 256 257 257 257 256 256 256 256 256 256 256 256 257 257 257 257 257 257 257 257 257 257 257 257 257 257 256 256 256 256 257 257 257 257 257 257 257 257 257 257 257 257 257 257 257 257 256 256 256 256 257 257 257 257 257 257 257 257 257 257 257 257 257 257 257 257 257 257 257 257 257 257 257 257 256 257 257 257 257 257 257 257 258 257 257 257 257 257 257 257 257 257 257 258 257 257 257 257 257 258 258 257 257 257 257 257 257 257 257 257 256 256 256 257 256 256 256 256 257 256 256 256 256 256 256 256 257 257 257 257 257 257 257 257 257 257 258 258 258 258 258 258 257 258 257 258 258 258 257 257 256 256 256 257 257 257 257 256 256 256 256 256 256 256 256 256 255 255 255 255 255 255 256 255 255 256 257 257 258 258 258 258 257 257 258 258 259 259 259 258 258 258 259 259 259 259 260 260 260 260 259 259 259 259 260 260 259 259 260 260 260 260 259 259 259 259 259 259 259 259 260 260 260 261 261 260 259 260 259 258 258 259 259 258 258 258 259 260 260 259 260 260 258 257 255 255 255 255 256 256 256 256 256 256 256 256 256 256 256 256 256 256 256 256 256 256 256 256 256 256 256 256 256 256 256 257 256 256 256 256 256 256 256 256 256 257 257 257 257 257 256 256 257 257 256 256 256 257 257 257 257 257 257 257 257 257 257 257 257 257 257 257 257 256 256 256 257 257 257 257 257 257 257 257 257 257 257 257 257 257 257 256 256 256 256 256 257 257 257 257 257 257 257 257 257 257 257 257 257 257 257 257 257 257 257 257 257 257 257 257 257 257 258 257 257 257 257 257 257 257 257 257 257 257 258 257 257 257 257 258 258 258 258 257 258 257 257 257 257 257 257 257 257 257 257 257 257 256 255 256 256 256 256 256 256 256 256 256 256 256 256 256 256 257 257 257 257 257 257 257 258 258 258 258 257 257 257 257 257 257 258 258 258 258 258 257 257 257 257 257 257 257 256 256 255 256 256 255 256 256 256 255 255 255 255 255 255 255 256 256 255 255 257 258 258 258 259 259 258 258 258 259 259 259 260 259 259 259 258 259 259 259 259 259 260 261 260 260 260 260 260 260 260 259 259 260 260 260 260 259 259 259 259 259 259 260 260 261 260 259 259 258 259 259 258 257 258 258 258 258 258 259 260 261 261 260 259 258 257 256 255 255 255 256 256 256 256 256 256 256 256 256 256 256 256 257 257 256 256 256 256 256 256 256 256 256 256 256 256 256 256 256 257 256 256 256 256 256 256 256 257 257 257 257 257 257 257 257 257 257 257 256 257 257 257 257 257 257 257 257 257 257 257 257 257 257 258 257 256 256 256 256 257 257 257 257 257 257 257 257 257 257 257 257 257 257 256 256 256 256 256 257 257 257 257 257 257 257 257 257 257 257 257 257 257 257 257 257 257 257 257 257 257 256 257 257 257 258 257 257 257 258 257 258 257 257 257 257 257 258 258 257 257 257 257 257 258 257 257 257 257 257 257 257 257 257 257 257 257 257 256 256 256 256 256 256 256 256 256 256 257 257 256 256 256 256 256 256 256 257 257 257 258 258 258 258 258 258 257 258 257 257 257 257 257 257 257 258 258 258 257 257 257 257 257 257 257 256 256 255 255 255 255 256 256 256 255 255 255 255 255 255 255 256 256 256 256 257 258 258 258 258 259 259 258 258 258 259 259 259 260 260 260 259 259 259 259 259 260 260 260 260 261 261 261 260 260 260 260 259 259 260 260 260 259 259 260 259 259 259 259 260 259 259 259 259 258 258 257 258 258 257 257 257 258 258 259 260 261 260 259 258 257 256 256 255 255 256 256 256 256 256 256 256 256 256 256 256 257 257 257 256 256 256 256 256 256 256 256 256 256 256 256 256 256 256 256 257 256 256 256 256 256 256 256 257 257 257 257 257 257 257 257 257 257 257 257 257 257 257 257 257 257 257 257 257 257 257 257 257 257 257 256 256 256 256 257 257 257 257 257 257 257 257 257 257 257 257 257 257 256 256 256 256 257 257 257 257 257 257 257 257 257 257 257 257 257 257 257 257 257 257 257 257 257 257 257 257 257 257 257 258 257 257 257 257 258 258 258 257 257 257 257 258 257 257 257 257 257 257 258 257 257 257 257 257 257 257 257 257 257 258 257 257 256 256 256 256 256 256 256 256 256 256 257 256 256 256 256 256 256 256 257 257 257 257 257 257 257 258 257 257 257 257 257 257 257 257 258 258 258 258 258 258 257 257 257 257 257 257 257 256 256 255 255 255 255 255 255 255 255 255 255 255 255 256 255 256 256 256 256 258 258 258 259 259 259 259 259 259 258 258 259 259 260 260 260 260 259 259 259 260 260 260 260 260 260 260 260 260 260 260 260 260 259 260 259 260 259 259 259 259 259 259 259 261 260 260 260 260 259 259 259 259 258 257 257 257 257 258 257 259 259 259 258 257 256 256 256 255 255 256 256 256 256 256 257 257 257 257 257 257 257 257 257 256 256 256 256 256 256 256 256 256 257 256 256 256 256 256 256 256 256 256 256 256 256 256 256 257 257 257 257 257 257 257 257 257 257 257 257 257 257 257 257 257 257 257 257 257 257 258 257 257 257 257 257 256 256 256 257 257 257 257 257 257 257 257 257 257 257 257 257 257 256 256 256 256 257 257 257 257 257 257 257 257 257 257 257 257 257 257 257 257 257 257 257 257 257 257 257 257 257 257 257 258 258 258 258 257 257 258 258 258 257 257 257 257 257 257 257 257 257 257 257 258 257 257 257 257 257 257 257 257 257 257 257 257 256 256 256 256 256 256 256 256 256 256 257 257 256 256 256 256 256 256 257 257 257 257 257 257 257 257 257 257 257 257 257 257 258 258 258 258 258 258 258 258 257 257 257 256 257 257 257 256 256 255 255 255 255 255 255 255 255 255 255 255 255 255 255 255 255 256 256 258 258 258 259 259 259 260 259 259 259 258 259 259 259 259 259 259 260 259 260 260 261 260 260 260 260 259 259 259 259 259 259 259 259 260 260 259 259 259 258 259 259 260 261 261 261 260 259 258 257 257 258 258 258 257 256 257 257 257 258 259 258 256 255 255 255 255 255 256 256 256 256 256 257 257 257 257 257 257 257 257 257 256 256 256 256 256 256 256 256 256 257 257 256 257 256 256 256 256 256 256 256 256 256 257 257 257 257 257 257 257 257 257 257 257 257 257 257 257 257 257 257 257 257 257 257 257 258 257 257 257 257 257 256 256 256 256 256 257 257 257 257 257 257 257 257 257 257 257 257 257 256 256 256 256 257 257 257 257 257 257 257 257 257 257 257 257 257 257 257 257 257 257 257 257 257 257 257 257 257 257 257 257 258 258 258 258 258 258 258 257 257 257 257 257 257 257 257 257 257 257 258 258 257 257 257 257 257 257 257 257 257 257 257 257 256 256 256 256 256 256 256 256 256 256 257 257 256 256 256 256 256 256 257 257 256 256 257 256 256 256 257 257 257 257 257 257 258 258 258 258 258 257 257 257 257 256 257 256 257 257 256 256 255 255 255 255 255 255 255 255 255 255 255 255 255 255 255 255 255 255 255 257 258 258 258 259 259 259 260 260 259 259 259 259 259 259 259 260 260 260 260 261 261 260 260 260 260 259 259 259 259 258 258 258 259 259 260 259 259 258 258 259 259 260 260 260 261 261 260 258 258 259 259 260 259 258 258 257 256 256 257 258 259 258 257 256 256 256 255 256 256 256 256 256 257 257 257 257 257 257 257 257 257 257 256 256 256 256 256 256 256 256 256 256 257 257 257 257 257 257 256 256 256 256 256 257 257 257 257 257 257 257 257 257 257 257 257 257 257 257 257 257 257 257 257 257 257 257 258 258 257 257 257 257 256 256 256 256 256 256 256 257 257 257 257 257 257 257 257 257 257 257 257 257 256 256 256 257 257 257 257 257 257 257 257 257 257 257 257 257 257 257 257 257 257 257 257 257 257 257 257 257 257 257 257 258 257 257 258 257 257 258 258 258 257 257 257 257 258 258 257 257 257 258 258 257 257 257 257 257 257 257 257 257 257 257 257 257 256 256 256 256 256 256 256 256 256 257 257 256 256 256 256 256 256 256 256 256 256 256 256 256 256 257 256 257 257 257 257 258 258 258 257 257 256 256 256 256 256 256 256 255 256 255 255 255 255 255 255 255 255 255 255 255 255 255 255 255 256 256 256 256 256 255 257 257 257 258 258 259 259 259 259 260 259 260 259 259 260 260 260 260 260 260 260 260 260 260 259 259 260 260 259 260 259 259 258 258 259 259 258 258 258 259 259 259 260 260 260 259 259 258 259 260 261 261 261 260 259 258 257 256 256 256 256 257 257 257 256 256 256 256 256 256 256 256 257 257 257 257 257 257 257 257 257 257 257 256 256 256 256 256 256 256 256 256 256 256 257 257 257 257 256 256 256 256 256 256 257 257 257 257 257 257 257 257 257 257 257 257 257 257 257 257 257 257 257 257 257 257 257 257 257 257 257 257 257 256 256 256 256 256 256 256 256 257 257 257 257 257 257 257 257 257 257 257 257 256 256 256 257 257 257 257 257 257 257 257 257 257 257 257 257 257 257 257 257 257 257 257 257 257 257 257 257 257 257 258 258 257 257 257 257 257 258 258 258 258 257 257 257 257 258 257 257 257 257 258 257 257 257 257 257 257 257 257 257 257 257 257 257 257 256 256 256 256 256 256 256 256 256 256 256 256 256 256 256 256 256 256 256 257 256 256 256 256 256 256 257 257 257 257 257 258 257 257 257 256 256 256 256 256 256 256 255 255 255 255 255 255 255 255 255 255 255 255 255 256 256 256 255 256 256 256 256 257 256 258 257 257 257 258 258 258 258 259 259 260 260 259 259 259 259 260 260 261 261 261 261 260 260 260 260 260 260 260 260 259 258 258 258 259 259 258 258 259 259 260 260 260 260 259 259 261 261 260 259 259 260 260 260 259 259 259 259 258 258 257 257 257 256 256 255 256 256 256 256 256 256 256 256 257 257 257 257 257 257 257 257 257 257 257 257 256 256 256 256 256 256 256 256 256 256 256 256 257 257 257 257 256 256 256 256 257 257 257 257 257 257 257 257 257 257 257 257 257 257 257 257 257 257 257 257 257 257 257 257 257 257 257 257 257 257 256 257 257 257 256 256 256 256 257 257 257 257 257 257 257 257 257 257 257 256 256 256 256 257 257 257 257 257 257 257 257 257 257 257 257 257 257 257 257 257 257 257 257 257 257 257 257 257 257 257 257 257 257 257 257 257 258 258 258 258 257 258 257 257 257 257 258 258 258 257 258 258 257 257 257 258 257 257 257 257 257 257 257 257 257 257 256 256 256 256 256 256 256 256 256 256 256 256 256 256 256 256 256 257 257 256 256 256 256 256 256 257 257 257 257 257 257 257 257 256 256 256 256 256 256 256 256 256 256 256 256 256 255 255 255 256 256 255 255 255 255 256 256 256 256 256 256 257 257 257 258 257 258 258 258 258 258 259 260 259 260 260 260 259 260 259 259 260 260 260 260 260 261 260 260 260 260 261 260 260 259 259 258 258 258 258 258 258 259 259 259 259 259 259 259 258 258 261 260 259 260 260 261 260 260 259 258 258 258 257 257 257 257 257 257 256 256 256 256 256 256 256 256 257 257 257 257 257 257 257 257 257 257 257 257 257 256 256 256 256 256 256 256 256 256 256 256 256 256 257 257 256 256 256 256 256 257 257 257 257 257 257 257 257 257 257 257 257 257 257 257 257 257 257 257 257 257 257 257 257 257 257 257 257 257 257 257 257 257 257 256 256 256 256 256 257 257 257 257 257 257 257 257 257 257 256 256 256 256 257 257 257 257 257 257 257 257 257 257 257 257 257 257 257 257 257 257 257 257 257 257 257 257 257 257 257 257 257 257 258 257 258 258 257 258 257 257 258 257 257 257 257 258 258 258 258 258 258 257 257 258 257 257 257 257 257 257 257 257 257 257 256 256 256 256 256 256 256 256 256 256 257 256 257 257 257 257 256 256 256 256 256 256 256 256 257 257 257 256 257 257 257 257 256 256 256 256 256 256 256 256 256 256 256 256 256 256 256 256 256 256 256 256 256 256 255 255 255 255 256 256 256 256 257 257 257 258 258 258 259 259 258 258 259 259 259 260 260 260 260 259 260 260 261 260 260 260 259 260 260 260 260 261 261 261 260 259 259 258 258 259 259 258 257 257 258 258 258 259 258 259 259 258 258 258 261 261 261 261 262 261 260 259 259 258 258 258 258 258 258 257 256 256 256 256 256 256 256 256 256 257 257 257 257 257 257 257 257 257 257 257 257 257 256 257 257 257 256 256 256 256 256 256 256 256 256 256 257 257 257 256 256 256 257 257 257 257 257 257 257 257 257 257 257 257 257 257 257 257 257 257 257 257 257 257 257 257 257 257 257 257 257 257 257 257 257 257 257 257 256 256 256 256 256 257 257 257 257 257 257 257 257 256 256 256 257 257 257 257 257 257 257 257 257 257 257 257 257 257 257 257 257 257 257 257 257 257 257 257 257 257 257 257 257 257 257 258 257 257 257 257 257 257 257 258 257 257 257 257 257 258 258 258 258 257 257 257 257 257 257 258 258 258 257 257 257 257 257 257 256 256 256 256 256 256 256 256 256 256 257 256 256 256 256 256 256 256 256 256 257 257 257 257 257 257 257 256 256 257 257 256 256 256 256 256 256 256 256 256 256 256 256 256 256 256 256 256 256 256 256 256 256 256 256 256 256 255 256 256 256 256 257 257 258 258 258 259 260 259 259 258 259 259 259 259 260 260 260 260 260 261 261 260 260 259 259 259 260 260 261 260 260 260 259 259 259 259 259 259 259 258 257 257 257 258 258 258 258 258 258 258 258 258 262 262 262 262 262 261 260 259 259 259 258 259 259 258 257 257 256 256 255 256 256 256 256 256 257 257 257 257 257 257 257 257 257 257 257 257 257 257 257 257 256 256 256 256 256 256 257 257 257 256 256 256 257 256 256 256 256 257 257 257 257 257 257 257 257 257 257 257 257 257 257 257 257 257 257 257 257 257 257 257 257 257 257 258 257 257 257 257 257 257 257 257 257 257 256 256 256 256 257 257 257 257 257 257 257 257 257 256 256 257 257 257 257 257 257 257 257 257 257 257 257 257 257 257 257 257 257 257 257 257 257 257 257 257 257 257 257 257 257 257 257 257 257 257 257 257 258 258 258 257 257 257 257 257 257 258 258 257 257 257 257 257 257 257 257 257 257 257 257 257 257 257 257 256 256 256 256 256 256 256 256 256 256 256 256 256 256 256 256 256 257 257 257 257 257 257 257 257 257 257 256 256 257 256 256 256 256 256 256 256 256 256 256 256 256 256 256 256 256 256 256 256 256 256 256 256 256 256 257 257 256 255 256 256 256 256 257 258 258 258 259 259 260 260 260 259 259 260 260 260 260 260 261 261 262 261 260 260 260 259 259 260 261 260 259 259 259 260 259 259 259 260 260 260 259 258 258 257 257 257 257 258 258 257 258 258 258 258 262 261 260 260 259 259 259 259 258 258 257 257 258 257 256 256 255 256 256 256 256 256 257 257 257 257 257 257 257 257 257 257 257 257 257 257 257 257 257 257 257 256 257 257 257 257 257 256 256 256 256 256 256 256 256 257 257 257 257 257 257 257 257 257 257 257 257 257 257 257 257 257 257 257 257 257 257 257 257 257 257 257 257 257 257 256 257 257 257 257 257 257 257 256 256 256 256 256 257 257 257 257 257 257 256 256 257 257 257 257 257 257 257 257 257 257 257 257 257 257 257 257 257 257 257 257 257 257 257 257 257 257 257 257 257 257 257 257 257 257 257 257 257 257 258 258 258 257 257 257 257 257 258 258 258 257 257 257 257 257 257 257 257 257 257 257 257 257 257 257 257 256 256 256 256 256 256 256 256 256 256 256 256 256 256 256 257 257 257 257 257 257 257 257 257 257 257 257 257 256 256 256 256 256 256 256 256 256 256 256 256 256 256 256 256 256 256 256 256 256 256 256 256 256 256 256 256 256 256 256 255 255 256 256 256 258 258 258 259 259 259 259 259 260 259 260 260 260 260 261 261 260 260 260 259 260 260 260 259 260 260 260 259 259 259 259 259 259 259 260 260 259 259 259 259 259 258 258 257 258 258 257 257 258 258 258 258 258 261 260 260 260 260 259 258 257 256 257 257 257 256 255 256 256 256 256 256 256 257 257 257 257 257 257 257 257 257 257 257 257 257 257 257 257 257 257 257 256 256 256 256 256 256 256 256 256 256 256 256 256 257 257 256 257 257 257 257 257 257 257 257 257 257 257 257 257 257 257 257 257 257 257 257 257 257 257 257 257 257 257 257 257 257 257 257 257 257 257 256 256 256 256 256 257 257 257 257 257 257 257 257 257 257 257 257 257 257 257 257 257 257 257 257 257 257 257 257 257 257 257 257 257 257 257 257 257 257 257 257 257 257 257 257 257 258 258 257 257 257 257 258 258 258 257 257 257 257 257 257 257 257 258 258 257 257 257 257 257 257 257 257 257 257 257 257 257 256 256 256 256 256 256 256 256 256 256 256 256 257 257 257 257 257 257 257 257 257 257 257 257 257 256 256 256 256 256 256 256 256 256 256 256 256 256 256 256 256 256 256 256 256 256 256 256 256 256 256 256 256 256 256 256 257 256 256 256 256 255 256 256 258 258 259 259 258 259 258 259 259 260 260 259 259 259 260 261 260 260 260 260 259 259 259 259 260 260 259 259 259 259 259 259 258 259 260 259 259 258 258 259 258 258 258 258 257 258 257 258 258 258 257 258 258 258 258 261 261 260 259 259 258 257 256 256 256 256 256 256 256 256 256 256 256 256 257 257 257 257 257 257 257 257 257 257 257 257 257 257 257 256 256 257 257 256 256 256 256 256 256 256 256 256 256 256 256 256 257 256 256 256 256 257 257 257 257 257 257 257 257 257 257 257 257 257 257 257 257 257 257 257 257 257 257 257 257 257 257 257 257 257 257 257 257 257 256 256 256 256 256 257 257 257 257 257 257 257 257 257 257 257 257 257 257 257 257 257 257 257 257 257 257 257 257 257 257 257 257 257 257 257 257 257 257 257 257 257 257 258 258 258 258 258 258 257 258 258 258 257 257 257 257 257 257 257 257 258 257 257 257 257 257 257 257 257 257 257 257 257 257 257 257 257 256 256 256 256 256 256 256 256 256 256 256 256 256 257 256 257 257 257 257 256 256 256 256 256 256 256 256 256 256 256 256 256 256 256 256 256 256 256 256 256 256 256 256 256 256 256 256 256 256 256 256 257 257 257 256 256 257 257 256 256 256 256 256 257 257 258 258 258 258 258 259 259 259 259 259 259 259 260 261 261 261 261 261 260 260 260 259 259 259 259 259 259 258 258 258 259 259 260 260 259 258 258 258 258 258 257 258 257 258 257 257 258 257 257 258 258 258 258 258 261 260 260 259 259 258 257 256 256 255 255 256 256 256 256 256 256 256 256 257 257 257 257 257 257 257 257 257 257 257 256 256 257 256 256 257 256 256 256 256 256 256 256 256 256 256 256 256 256 256 256 257 256 256 256 256 256 256 257 257 257 257 257 257 257 257 257 257 257 257 257 257 257 257 257 257 257 257 257 257 257 257 257 257 257 257 257 257 257 257 256 256 256 256 257 257 257 257 257 257 257 257 257 257 257 257 257 257 257 257 257 257 257 257 257 257 257 257 257 257 257 257 257 257 257 257 257 257 257 257 257 257 258 258 258 258 258 258 258 258 258 258 257 257 257 257 257 257 257 257 257 257 257 257 257 257 257 257 257 257 257 257 257 257 257 257 257 256 256 256 256 256 256 256 256 256 256 256 256 256 256 256 256 256 257 257 256 256 256 256 256 256 256 256 256 256 256 256 256 256 256 256 256 256 256 256 256 256 256 256 256 256 256 256 256 256 256 256 256 256 257 257 257 257 257 257 257 257 257 257 256 256 257 256 256 256 256 257 258 257 257 257 257 257 258 259 259 259 258 258 258 258 258 258 258 258 258 258 258 258 257 257 257 257 258 258 258 257 256 256 256 256 256 256 256 256 255 255 256 256 256 256 256 256 256 257 260 260 259 258 258 257 257 256 256 255 255 256 256 256 256 256 256 257 257 257 257 257 257 257 257 257 257 257 257 256 256 256 256 257 257 256 256 256 256 256 256 256 256 256 256 256 257 256 257 257 257 257 256 256 256 256 256 256 257 257 256 257 257 257 257 257 257 257 257 257 257 257 257 257 257 257 257 257 257 257 257 257 257 257 257 257 257 257 257 257 256 256 256 256 257 257 257 257 258 257 257 257 257 257 257 257 257 257 257 257 257 257 257 257 257 257 257 257 257 257 257 257 257 257 257 257 257 257 257 257 257 257 257 258 258 258 258 258 258 258 257 257 257 257 257 257 257 257 258 258 257 257 257 257 257 257 257 257 257 257 257 257 257 257 257 257 257 256 256 256 256 256 256 256 257 257 257 256 256 256 256 256 256 257 257 256 256 256 256 256 256 256 256 256 256 256 256 256 256 256 256 256 256 256 256 256 256 256 256 256 256 256 256 256 256 256 256 256 256 256 256 257 257 257 257 257 257 257 257 257 257 257 257 258 257 257 257 257 257 257 257 257 258 258 259 259 258 258 258 258 259 259 258 258 258 259 259 259 258 258 258 257 257 257 257 257 256 257 256 256 257 257 257 256 256 255 255 256 256 256 256 256 256 256 256 256 260 259 259 258 257 257 256 256 256 255 255 256 256 256 256 256 257 257 257 257 257 257 257 257 257 257 257 257 256 256 256 256 256 256 256 256 256 256 256 256 256 256 256 256 256 256 256 256 257 257 257 257 257 257 256 256 257 257 257 256 256 256 257 257 257 257 257 257 257 257 257 257 257 257 257 257 257 257 257 257 257 257 257 257 257 257 257 257 257 257 256 256 256 257 257 257 257 257 257 257 257 257 257 257 257 257 257 257 257 257 257 257 257 257 257 257 257 257 257 257 257 257 257 257 257 257 257 257 257 257 257 257 258 258 258 258 258 258 258 258 257 257 257 257 257 257 257 258 257 257 257 257 257 257 257 257 257 257 257 257 257 257 257 257 257 257 256 256 256 256 256 257 257 257 257 256 256 256 256 256 256 256 257 257 256 256 256 256 256 256 256 256 256 256 256 256 256 256 256 256 256 256 256 256 256 256 256 256 256 256 256 256 256 256 256 256 257 257 257 257 257 257 258 258 258 258 258 258 257 257 257 257 258 257 257 257 257 257 257 257 257 257 258 259 259 259 258 258 258 259 259 259 258 258 259 259 259 258 258 258 258 258 258 257 257 257 258 257 257 257 257 257 257 256 256 255 256 256 256 256 256 256 256 256 256 259 259 258 258 257 257 256 256 256 255 255 256 256 256 256 256 256 257 257 257 257 257 257 257 257 257 257 257 256 256 256 256 256 256 256 256 256 256 256 256 256 256 256 256 256 256 256 256 256 256 256 257 257 257 257 257 257 257 257 257 256 256 257 257 257 257 257 257 257 257 257 257 257 257 257 257 257 257 257 257 257 257 257 257 257 257 257 257 257 257 257 257 257 257 257 257 257 257 257 257 257 257 257 257 257 257 257 257 257 257 257 257 257 257 258 257 257 257 257 257 257 257 257 257 257 257 257 257 257 257 257 257 257 257 257 258 258 258 258 258 257 257 257 257 258 258 257 257 257 257 257 257 257 257 257 257 257 257 257 257 257 257 257 257 256 256 256 256 256 256 256 257 257 257 256 256 256 256 256 256 256 256 256 256 256 256 256 256 256 256 256 256 256 256 256 256 256 256 256 256 256 256 256 256 256 256 256 256 256 256 256 256 256 256 256 256 256 256 256 257 257 258 258 258 258 258 258 258 258 258 258 258 257 258 258 257 257 258 257 257 257 258 259 259 259 259 259 259 259 259 259 259 258 258 259 259 258 258 258 257 257 257 257 257 257 258 259 258 258 257 257 256 256 256 256 255 255 256 256 256 256 256 256 256 258 257 257 256 256 255 255 255 256 256 256 256 256 256 256 257 257 257 257 257 257 257 257 257 257 257 256 256 256 256 256 256 256 256 256 256 256 256 256 256 256 256 256 256 256 256 256 256 256 257 257 257 257 257 257 257 258 257 257 257 257 257 257 257 257 258 257 257 257 257 257 257 257 257 257 257 257 256 257 257 257 257 257 258 258 258 257 257 257 257 257 257 257 257 257 257 257 257 257 257 257 257 257 257 257 257 257 257 257 257 257 258 258 257 258 257 257 257 257 257 257 257 257 258 258 257 257 258 258 258 258 258 257 257 258 258 258 258 258 257 257 257 257 258 258 257 257 257 257 257 257 257 257 257 257 257 257 257 257 257 257 257 257 257 256 256 256 256 256 257 257 257 257 256 256 256 256 256 256 256 256 256 256 256 256 256 256 256 257 256 256 256 256 256 256 256 256 256 256 256 256 256 256 256 256 256 256 256 256 256 256 256 256 256 256 257 257 257 257 258 258 258 258 258 258 258 258 259 259 259 258 258 258 257 257 257 258 258 258 259 259 259 259 259 259 259 260 259 259 259 259 259 259 259 259 258 258 258 258 258 258 257 258 258 258 258 258 258 257 256 256 256 256 256 256 256 256 256 256 256 256 257 257 256 256 256 255 255 255 255 255 256 256 256 256 256 256 257 257 257 257 257 257 257 257 257 257 257 256 256 256 256 256 256 256 256 256 256 256 256 256 256 256 256 256 256 256 256 256 256 256 257 257 257 257 257 257 257 257 257 257 257 257 257 257 257 257 257 257 257 257 257 257 257 257 257 257 257 257 257 256 256 257 257 257 257 257 258 258 258 257 257 257 257 256 257 257 257 257 257 257 257 257 257 257 257 257 257 257 257 257 258 258 258 258 258 257 257 257 257 257 257 257 257 257 257 258 258 258 258 258 258 258 258 258 258 258 258 258 258 258 258 257 257 257 257 258 258 257 257 257 257 257 257 257 257 257 257 257 257 257 257 257 257 257 257 256 256 256 256 257 257 257 257 257 257 256 256 256 256 256 256 256 256 256 256 256 256 257 257 256 256 256 256 256 256 256 256 256 256 256 256 256 256 256 256 256 256 256 256 256 256 256 257 256 256 256 256 256 257 258 258 258 257 258 259 259 259 259 258 259 259 259 259 258 258 259 258 258 259 259 259 260 259 258 259 259 259 259 259 259 259 259 259 259 259 258 258 258 258 259 258 258 258 258 258 258 258 258 257 257 256 256 256 256 256 256 256 256 256 256 257 257 256 256 256 256 256 256 256 256 256 256 256 256 256 256 256 256 257 256 256 256 257 257 257 257 257 256 256 256 256 256 256 256 256 256 256 256 256 256 256 256 256 256 256 256 256 256 256 256 256 257 257 257 257 256 257 257 257 257 257 257 257 257 257 257 257 257 257 257 257 257 257 257 257 257 257 257 257 257 257 257 257 257 257 257 257 257 257 257 257 257 257 257 257 257 257 257 257 257 257 257 257 257 257 257 257 257 257 258 258 258 258 258 258 258 258 257 257 257 257 257 257 257 257 257 258 257 258 258 258 258 258 258 258 258 258 258 258 257 257 257 257 257 257 258 258 257 257 257 257 257 257 257 258 258 258 257 257 257 257 257 258 257 257 257 256 256 256 257 257 257 257 257 257 257 257 257 256 257 256 256 256 256 256 256 257 256 256 256 256 256 256 256 256 256 256 256 256 256 256 256 256 256 256 256 256 256 257 256 256 256 257 257 256 256 257 257 257 258 259 258 257 258 258 258 258 259 259 259 259 259 259 259 259 259 259 260 259 259 259 259 259 258 259 259 259 259 259 259 259 260 259 259 259 258 258 258 258 259 259 258 258 258 258 258 257 257 257 257 256 256 256 256 257 257 256 256 256 256 256 257 257 257 256 256 255 255 256 256 256 256 256 256 257 256 256 256 256 257 256 256 256 257 257 257 257 256 256 256 256 256 256 256 256 256 256 256 256 256 256 256 256 256 256 256 256 256 256 256 256 256 257 256 256 256 257 257 257 257 257 257 257 257 257 257 257 257 257 257 257 257 257 257 257 257 257 257 257 257 257 257 257 257 258 257 257 257 257 257 258 258 257 257 257 257 257 257 257 257 257 257 257 257 257 257 257 257 257 257 258 258 258 258 258 257 258 258 258 258 258 257 257 257 257 257 257 257 257 258 258 258 258 258 258 258 258 258 258 258 258 257 257 257 257 257 257 258 257 257 257 257 257 257 257 258 258 257 257 257 257 257 257 257 257 256 256 256 257 257 257 257 257 257 257 257 257 257 256 256 256 256 256 256 256 257 256 256 256 256 256 256 256 256 256 256 256 256 256 256 256 256 256 256 256 256 256 256 257 257 257 256 257 257 257 257 257 257 257 258 258 258 257 257 257 257 257 258 259 259 259 259 258 259 259 259 259 259 259 259 258 259 259 258 259 259 258 258 258 259 259 260 259 259 259 258 258 258 258 259 259 258 258 259 258 258 258 258 257 257 256 257 256 256 257 257 256 256 256 256 256 257 255 255 255 255 256 256 256 256 256 256 256 256 256 256 256 256 256 256 256 256 256 257 257 256 256 256 256 256 256 256 256 256 256 256 256 256 256 256 256 256 256 256 256 256 256 256 256 256 256 256 256 256 256 257 257 257 257 257 257 256 256 257 256 256 257 257 257 257 257 257 257 257 257 256 257 257 257 257 257 257 257 257 257 257 257 257 258 258 257 257 257 257 257 257 257 257 257 257 257 257 257 257 257 258 257 257 258 258 258 258 258 257 257 258 258 258 258 258 257 257 257 257 257 258 258 258 258 258 258 258 258 258 258 258 258 258 258 258 257 257 258 257 257 257 257 257 257 257 257 258 257 258 257 257 257 257 257 257 256 256 256 256 256 256 257 257 256 256 257 257 257 257 256 257 256 257 256 256 256 256 257 257 256 256 256 256 256 256 256 256 256 256 256 256 256 256 256 256 256 256 256 256 256 256 256 257 257 257 257 257 257 257 257 257 257 257 258 258 257 257 258 257 257 258 258 259 259 259 258 258 259 259 259 258 259 259 259 258 259 258 259 259 258 258 259 259 259 259 260 259 259 259 258 259 259 259 259 259 259 260 259 259 258 257 256 256 256 256 257 257 257 257 257 257 256 256 256 255 255 255 256 256 256 256 256 256 256 256 256 256 256 256 256 256 256 256 256 256 257 257 256 256 256 256 256 256 256 256 256 256 256 256 256 256 256 256 256 256 256 256 256 256 256 256 256 256 256 256 256 257 257 257 257 257 257 257 256 257 257 256 256 256 257 257 256 256 257 257 257 257 257 256 257 257 257 257 257 257 257 257 257 257 257 257 258 258 257 257 257 257 257 257 257 257 257 257 257 257 257 257 257 257 257 257 258 258 258 258 257 258 258 258 258 258 258 258 258 258 258 258 258 257 258 258 257 258 258 258 258 258 258 258 258 257 257 258 258 258 258 257 257 257 257 257 257 257 257 257 257 257 257 257 257 257 257 257 257 257 257 257 256 257 257 257 257 257 257 257 257 257 257 257 256 256 256 256 257 257 256 257 257 257 257 256 256 256 256 256 256 256 257 257 256 256 256 256 256 257 257 257 256 256 257 257 257 257 257 257 257 257 257 257 257 257 257 257 258 258 258 258 259 259 259 259 259 259 258 258 259 259 258 259 259 259 258 259 258 258 258 258 258 258 258 259 259 259 259 260 259 259 259 260 259 259 259 260 260 259 259 258 257 257 257 257 256 257 257 257 257 256 256 256 256 256 255 255 256 256 256 256 256 256 256 256 256 256 256 256 256 256 256 256 256 257 256 256 257 256 256 256 256 256 256 256 256 256 256 256 256 256 256 256 256 256 256 256 256 256 256 256 256 256 256 256 256 256 256 256 257 257 257 257 257 257 257 257 256 256 256 256 256 256 256 257 257 257 257 257 256 257 257 257 257 257 257 257 257 257 257 257 258 258 258 258 258 257 257 256 257 257 257 257 257 257 257 257 257 257 257 257 257 257 257 258 258 258 258 258 258 258 258 258 258 258 258 258 258 257 257 258 258 257 257 258 258 258 258 257 258 257 257 257 258 258 258 257 257 257 257 257 257 257 257 257 257 257 257 257 258 257 257 258 258 257 257 257 257 256 256 256 256 256 257 257 257 257 257 257 257 256 256 256 257 257 257 257 257 257 257 257 257 256 256 257 256 256 256 257 257 256 256 256 256 256 257 257 257 257 257 257 257 257 257 257 257 257 257 257 257 257 257 257 257 258 258 258 257 258 259 259 258 259 259 259 258 258 258 258 259 259 259 259 258 258 258 258 259 259 259 259 258 258 259 259 260 259 259 259 259 259 259 259 259 259 259 258 258 258 258 257 257 257 256 256 256 256 256 256 256 256 256 255 255 255 255 255 255 256 256 256 256 256 256 256 256 256 256 256 256 256 256 256 257 257 256 256 256 256 256 256 256 256 256 256 256 256 256 256 256 256 256 256 256 256 256 256 256 256 256 256 256 256 256 256 256 256 256 256 257 257 257 257 257 257 257 257 257 257 257 256 256 256 257 257 257 257 257 257 257 257 257 257 257 257 256 257 257 257 258 258 258 258 257 257 257 257 257 257 257 257 257 257 257 257 257 257 257 257 257 257 257 257 258 258 258 258 258 258 258 258 258 258 258 258 258 257 258 258 258 257 257 257 258 258 258 257 258 257 257 257 257 258 258 258 257 257 257 257 257 258 258 258 258 257 257 257 257 257 257 258 258 258 257 257 256 256 256 256 257 257 257 257 257 257 257 257 257 256 256 257 257 257 257 257 257 257 257 257 257 257 257 257 256 256 256 257 257 257 256 256 256 256 256 257 257 257 257 257 257 257 257 257 257 257 257 257 257 257 257 257 257 257 257 257 257 258 258 258 257 258 258 258 258 258 258 258 258 258 258 258 259 259 259 258 258 259 259 259 259 259 259 259 260 259 259 259 259 259 258 259 259 258 258 258 258 258 258 257 256 256 256 256 257 256 257 256 256 257 256 256 255 256 256 255 255 255 256 256 256 256 256 256 256 256 256 256 256 256 256 256 257 257 256 256 256 256 256 256 256 256 256 256 256 256 256 256 256 256 256 256 256 256 256 256 256 256 256 256 256 256 256 256 256 256 256 257 257 257 257 257 257 257 257 257 257 257 256 256 256 256 257 257 256 256 257 257 257 257 256 256 256 256 256 257 257 257 257 257 257 257 257 257 257 258 257 257 257 257 257 257 257 257 257 257 257 257 257 257 258 258 258 258 258 258 258 258 258 258 258 258 258 258 257 258 258 258 257 257 257 257 258 257 257 257 258 258 257 257 257 257 257 258 257 257 257 258 258 258 258 257 257 257 257 257 257 257 257 258 257 257 257 257 256 256 257 257 257 257 257 257 257 257 257 257 257 257 257 257 257 257 257 257 257 257 257 257 257 257 257 256 257 257 257 257 257 257 256 256 256 256 256 256 256 257 257 257 257 257 257 257 257 257 257 257 257 257 257 257 257 257 257 257 258 258 257 257 257 257 257 258 258 258 259 259 259 259 259 259 259 259 259 258 258 259 259 259 258 259 259 260 260 259 259 259 258 258 258 258 258 258 258 258 258 258 258 257 256 256 257 257 257 257 256 256 256 256 255 256 255 255 255 256 256 256 256 256 256 256 256 256 256 256 256 257 257 256 256 256 256 256 256 256 256 256 256 256 256 256 256 256 256 256 256 256 256 256 256 256 256 256 256 256 256 256 256 256 256 256 256 257 257 257 257 257 257 257 257 257 257 257 256 256 256 256 257 256 256 256 257 257 256 257 257 256 256 256 257 257 257 257 257 257 258 258 258 258 257 257 257 257 257 257 257 257 257 257 257 258 258 258 258 258 258 258 258 258 258 258 258 258 258 258 258 258 258 258 258 258 258 257 257 258 257 258 257 258 257 258 257 257 257 257 257 258 257 257 257 257 257 257 257 257 257 257 257 257 257 257 257 257 258 258 257 257 257 256 256 257 257 257 257 257 257 256 256 257 257 257 257 257 257 257 257 257 257 257 257 257 257 257 257 257 257 257 257 257 257 257 257 257 257 256 257 257 257 257 257 257 257 257 257 256 256 256 256 256 256 256 256 257 257 257 256 257 257 258 257 257 257 257 257 258 258 258 258 258 259 259 259 259 259 259 259 259 259 258 258 259 259 259 259 259 260 259 259 259 259 259 259 258 259 258 258 258 257 258 258 257 256 256 257 257 257 256 256 256 256 255 255 255 256 256 256 256 256 256 256 256 256 256 256 256 256 257 256 256 256 256 256 256 256 256 256 256 256 256 256 256 256 256 256 256 256 256 256 256 256 256 256 256 256 256 256 256 256 256 256 256 256 256 256 257 257 257 257 257 257 256 257 257 256 256 256 257 256 256 256 257 257 257 256 257 257 256 257 257 257 257 257 257 257 258 258 258 258 258 258 258 258 258 257 257 257 257 257 257 257 258 258 258 258 258 258 258 258 258 258 258 258 258 258 258 258 258 258 258 258 257 257 258 258 258 258 258 258 258 258 258 258 258 258 258 258 257 257 257 257 257 257 257 257 257 257 257 257 257 257 257 257 258 258 257 257 257 257 256 256 257 258 257 257 257 256 256 257 257 257 257 257 257 257 257 257 257 257 257 257 257 257 257 258 258 258 257 257 256 257 256 257 256 256 256 256 257 257 257 257 257 257 256 256 256 256 256 256 256 256 257 257 257 256 256 256 257 258 257 256 257 257 258 258 259 259 259 258 259 260 260 259 259 259 259 259 259 259 258 258 259 259 260 259 260 260 260 260 260 259 259 259 259 259 259 259 258 257 257 257 257 257 258 258 257 257 256 256 255 256 255 255 256 256 256 256 256 256 256 256 256 256 256 256 256 256 256 256 256 256 256 256 256 256 256 256 256 256 256 256 256 256 256 256 256 256 256 256 256 256 256 256 256 257 256 256 257 257 257 256 256 256 256 257 257 257 257 257 256 257 257 256 257 257 257 256 256 256 256 256 256 256 257 257 257 257 257 257 257 258 257 258 258 258 258 258 258 258 257 258 258 258 257 257 257 257 257 257 257 258 258 258 258 258 258 258 258 258 258 258 258 258 258 258 258 258 258 258 257 258 258 258 258 258 258 258 258 258 258 258 258 258 258 258 258 258 257 257 257 258 258 257 257 257 258 258 258 258 257 258 258 258 258 258 257 257 257 257 257 258 257 257 257 257 257 257 257 257 257 257 257 257 257 257 257 257 257 257 257 257 257 258 258 257 257 256 256 256 256 257 256 257 257 257 257 257 257 257 257 257 256 256 256 257 257 257 257 257 257 257 257 257 257 256 256 257 257 257 258 258 258 258 259 259 259 259 259 260 259 259 260 259 259 259 260 259 259 258 259 260 260 260 259 259 259 259 259 258 258 258 258 258 258 258 257 257 257 258 259 257 257 256 257 256 256 256 255 256 256 256 256 256 256 256 256 256 256 256 256 256 256 256 256 256 256 256 256 256 256 256 256 256 256 256 256 256 256 256 256 256 256 256 256 256 256 256 256 256 256 256 256 257 257 257 257 256 257 257 256 257 256 257 257 256 256 257 257 257 257 257 256 256 256 256 256 256 256 257 257 257 257 257 257 258 258 258 258 258 258 258 257 257 257 258 258 257 257 258 258 257 257 257 257 257 257 258 258 258 258 258 258 258 258 258 258 258 258 258 258 258 258 258 258 258 258 258 258 258 258 258 258 258 258 258 258 258 258 258 258 258 257 257 257 257 258 258 257 257 257 257 257 257 258 258 258 258 258 258 258 257 257 257 257 258 257 257 257 257 257 257 257 257 257 257 257 257 257 257 257 257 257 257 257 257 257 258 258 257 257 257 257 257 257 256 257 256 257 257 257 257 257 257 257 257 256 256 257 257 257 257 257 257 257 257 257 257 257 257 257 256 256 257 258 258 258 258 258 258 258 259 260 260 259 259 259 259 259 259 259 260 260 259 259 259 260 259 259 258 259 259 258 257 257 257 257 257 257 257 257 258 258 257 256 256 256 256 256 256 256 256 256 256 256 256 256 256 256 256 257 256 256 257 256 256 256 256 256 256 256 256 256 256 256 256 256 256 256 256 256 256 256 256 256 256 256 256 256 256 256 256 256 256 256 257 257 257 257 257 257 257 257 256 257 257 257 257 257 257 257 257 257 257 257 256 256 257 256 256 257 256 257 257 257 257 257 258 258 258 258 258 258 257 257 257 257 258 259 258 257 258 258 258 258 257 257 257 257 257 257 258 258 258 258 258 258 258 258 258 258 258 258 258 258 258 258 258 258 258 258 258 258 258 258 258 258 258 258 258 258 258 258 258 257 258 258 257 258 258 258 257 257 257 257 258 258 258 258 258 258 258 258 258 257 257 257 257 257 257 257 257 257 257 257 257 257 257 257 257 257 257 257 257 257 257 257 257 257 258 257 257 257 257 257 257 256 257 257 257 257 257 258 257 257 257 256 257 257 257 257 258 257 258 258 257 258 257 257 257 257 257 257 257 257 257 257 257 257 258 258 258 258 259 259 260 260 259 259 259 259 260 260 260 259 259 259 259 259 259 259 258 258 259 258 258 258 257 258 257 257 257 258 258 256 256 256 256 256 256 256 256 256 256 256 256 256 256 256 256 257 256 256 256 257 256 256 256 256 256 256 256 256 256 256 256 256 256 256 256 256 256 256 256 256 256 256 256 256 256 256 256 256 256 256 257 257 257 257 257 257 257 257 257 257 257 257 257 257 257 257 257 257 257 257 257 257 257 257 257 257 257 257 257 257 257 257 257 257 257 257 258 258 258 258 258 258 258 258 259 258 258 258 257 257 257 257 257 257 257 257 257 257 257 258 258 258 258 258 258 258 258 258 258 258 258 258 258 258 258 258 258 258 258 258 258 258 258 258 258 258 258 258 258 258 258 258 258 258 258 258 258 257 257 257 257 257 258 258 258 258 258 258 258 258 258 258 257 257 257 257 257 257 257 257 257 257 257 257 257 257 257 257 257 257 257 257 257 257 257 257 257 257 257 257 257 257 257 257 257 257 257 257 257 256 256 256 257 257 257 257 258 258 258 258 258 258 258 258 258 258 258 257 257 257 257 257 257 258 258 257 258 258 259 259 259 260 260 259 259 259 259 259 260 259 259 258 259 259 258 258 258 258 258 258 257 258 258 258 258 258 258 258 256 256 256 256 256 256 256 256 256 256 256 256 256 256 256 256 256 256 257 257 257 256 256 256 256 256 256 256 256 256 256 256 256 256 256 256 256 256 256 256 256 256 256 256 256 256 256 256 256 256 257 257 257 257 257 257 257 257 257 257 257 257 257 257 257 257 257 257 257 257 257 257 257 257 257 257 257 257 257 257 257 256 257 257 257 258 258 258 259 258 258 257 257 258 258 258 257 258 258 257 257 257 257 257 257 257 257 257 257 257 257 258 258 258 258 258 258 258 258 258 258 258 258 258 258 258 258 258 258 258 258 258 258 258 258 258 258 258 258 258 258 258 258 258 258 258 258 258 258 258 257 257 257 257 257 258 258 258 258 258 258 258 258 258 257 257 257 257 257 257 257 257 257 257 257 257 257 257 257 257 257 257 257 257 257 257 258 257 257 257 256 257 257 257 257 258 257 257 257 256 256 257 257 257 257 258 258 259 259 259 259 258 258 258 258 258 258 258 257 257 257 258 258 258 258 258 258 259 259 260 260 259 259 259 259 259 258 258 258 258 258 258 258 258 258 258 258 258 258 258 259 257 257 256 256 256 256 256 256 256 257 257 257 256 256 256 256 256 256 256 257 257 256 256 256 256 256 256 256 256 256 256 256 257 257 256 256 256 256 256 256 256 256 256 256 256 256 256 256 256 257 257 257 257 257 257 257 257 257 257 257 257 257 257 257 257 257 257 257 257 257 257 257 257 257 257 257 257 257 257 257 257 257 257 257 257 258 259 259 259 259 258 258 258 257 258 258 257 258 258 258 258 257 257 257 257 257 258 257 257 257 257 258 258 258 258 258 258 258 258 258 258 258 258 258 258 258 258 258 258 258 258 258 258 258 258 258 258 258 258 258 257 258 258 258 258 258 258 258 258 258 257 257 257 257 257 257 258 258 258 258 258 258 258 258 258 257 257 257 257 257 257 257 257 257 257 257 257 257 257 257 257 257 257 257 257 257 258 257 257 257 257 257 257 257 257 257 257 257 256 256 256 257 257 257 257 258 258 258 259 259 259 258 258 258 258 257 257 257 257 257 258 258 258 258 258 258 259 259 259 259 259 259 259 259 259 259 258 258 258 257 257 257 257 257 257 256 256 256 256 256 257 257 256 256 256 256 256 256 256 256 256 256 256 256 257 257 257 256 256 256 256 256 256 256 256 256 256 256 256 256 256 257 256 256 257 257 257 257 257 257 257 257 257 257 257 257 257 257 257 257 257 257 257 257 257 257 257 257 257 257 257 256 257 257 257 257 258 258 259 260 259 258 259 259 258 259 258 257 258 258 259 259 258 258 257 258 257 257 257 257 257 257 257 258 258 258 258 258 258 258 258 258 258 258 258 258 258 258 258 258 258 258 258 258 258 258 258 258 258 258 257 257 257 258 257 258 258 258 258 258 258 257 257 257 257 257 257 258 258 258 258 258 258 258 258 258 257 257 257 257 257 257 257 257 257 257 257 257 257 257 257 257 257 257 257 257 258 257 257 257 257 257 257 257 257 256 256 257 257 257 258 258 258 259 259 259 259 258 258 258 258 258 257 257 257 257 258 258 258 258 259 259 259 259 259 257 256 256 256 256 256 256 256 256 256 256 256 256 256 256 256 256 256 256 256 256 256 257 257 256 256 256 256 256 256 256 256 256 256 256 256 256 256 256 257 257 257 257 257 257 257 257 257 257 257 257 257 257 257 257 257 257 257 257 257 257 257 257 257 257 256 257 257 257 258 258 258 258 259 260 260 260 260 260 259 259 258 258 259 259 259 259 258 258 258 258 257 257 257 257 257 257 257 258 258 258 258 258 258 258 258 258 258 258 258 258 258 258 258 258 258 258 258 258 258 258 258 258 258 258 258 258 258 258 258 258 258 258 258 258 258 258 258 257 257 257 257 258 258 258 258 258 258 258 258 258 257 257 257 257 257 257 257 257 257 257 257 257 257 257 257 257 257 257 257 257 258 258 258 257 257 257 256 256 256 256 257 257 258 259 257 258 259 259 258 259 259 258 258 258 258 257 257 258 258 257 257 257 256 256 256 256 256 257 257 257 256 256 256 256 256 256 256 256 256 256 256 256 256 256 256 256 256 256 256 256 256 256 256 256 256 257 257 256 257 257 257 257 257 257 257 257 257 257 257 257 257 257 257 257 257 257 257 257 257 257 257 257 257 257 257 257 257 258 259 258 259 259 260 259 259 259 260 260 259 259 259 259 259 259 258 258 258 258 257 257 257 257 257 257 257 258 258 258 258 258 258 258 258 258 258 258 258 258 257 258 258 258 258 258 258 258 258 257 258 258 258 258 258 258 258 258 258 258 258 258 258 258 258 258 258 257 257 257 257 257 258 258 258 258 258 258 257 258 257 257 257 257 257 257 257 257 257 258 258 258 257 257 257 257 257 257 257 257 258 258 258 257 257 257 258 257 258 258 259 258 258 258 257 257 256 256 256 256 257 257 257 256 255 255 256 256 256 256 256 256 256 256 256 256 256 256 256 256 256 256 256 256 256 256 256 256 256 256 256 257 257 257 257 257 257 257 257 257 257 257 257 257 257 257 256 256 256 256 256 256 256 256 256 257 257 258 257 257 257 258 259 260 259 258 258 258 259 259 260 260 259 258 258 258 258 258 258 257 257 257 257 257 257 257 257 258 258 258 258 258 258 258 258 258 258 258 258 258 258 258 257 258 258 258 257 258 258 257 258 258 258 258 258 258 258 258 258 257 257 257 258 258 258 258 258 258 257 257 257 257 257 258 258 258 258 257 257 258 257 257 257 257 257 257 257 257 257 258 258 258 257 257 257 257 257 257 258 258 257 257 257 257 257 256 256 256 256 256 257 256 256 256 255 255 255 255 256 256 256 256 256 256 256 256 256 256 256 256 256 256 256 256 256 256 256 256 256 256 256 257 257 257 257 257 257 257 257 257 257 257 257 257 256 256 256 256 256 256 256 256 257 257 257 257 258 258 258 258 258 259 260 259 259 258 258 258 259 259 260 259 258 258 258 258 258 258 258 258 258 257 258 257 257 257 258 258 258 258 258 258 258 257 258 258 258 258 258 258 257 258 258 258 258 258 258 258 257 258 258 258 258 258 258 258 258 257 257 257 257 258 258 258 258 258 258 257 257 257 257 257 258 258 258 258 258 258 258 258 258 257 257 257 257 257 257 257 258 258 258 257 257 257 258 258 258 258 257 257 256 256 257 257 257 257 256 256 256 256 256 255 255 256 256 256 256 256 256 256 256 256 256 257 257 256 256 256 256 256 256 256 257 257 257 257 257 257 257 257 257 257 257 257 257 256 256 256 256 256 256 257 256 256 257 257 257 257 257 257 257 258 259 259 259 259 260 260 259 259 258 258 258 258 259 259 259 258 258 258 258 258 257 258 258 258 258 258 258 258 257 258 258 258 258 258 258 258 257 258 258 258 258 258 258 258 258 258 258 258 258 257 258 258 258 258 258 258 258 258 258 258 258 257 258 258 258 258 258 258 257 257 257 257 257 258 258 258 258 257 257 257 257 257 257 257 257 257 257 258 258 258 258 257 257 257 257 258 258 258 258 258 257 257 257 256 256 256 256 255 255 255 255 256 255 256 256 256 256 257 257 257 256 256 256 256 256 256 257 257 257 257 257 257 257 257 257 257 257 257 257 257 257 257 257 257 257 257 258 258 258 258 258 257 258 259 258 258 259 260 260 260 260 260 259 259 259 259 259 258 258 259 259 259 258 258 258 258 258 258 257 257 257 257 257 257 257 257 257 257 257 258 258 258 258 257 257 258 258 258 258 258 258 258 258 258 258 258 258 258 258 258 258 258 258 258 259 258 258 259 259 258 258 257 257 258 258 258 258 258 258 257 257 257 257 257 257 257 257 257 257 257 258 258 258 257 257 257 258 257 258 258 258 258 257 257 257 256 256 255 255 255 256 256 255 255 256 256 256 257 256 256 256 256 256 256 256 257 257 257 257 257 257 257 257 257 257 257 257 257 257 256 256 257 258 258 258 259 259 259 259 260 259 258 259 259 259 259 259 260 259 259 260 260 259 258 258 258 258 258 258 258 258 258 258 257 257 257 257 257 257 257 257 257 257 257 257 257 257 257 257 257 257 257 258 258 257 258 258 258 258 258 258 258 258 258 258 258 258 258 258 258 258 258 258 258 258 259 259 259 258 257 257 258 258 258 258 258 258 258 258 258 258 258 258 257 257 257 257 257 257 257 257 258 258 258 258 258 259 258 258 257 257 256 255 255 256 257 256 255 255 256 257 257 256 256 256 256 256 256 256 257 257 257 257 257 257 257 257 257 257 257 257 257 257 256 257 256 257 258 258 258 259 259 260 260 261 260 259 260 260 259 259 259 259 259 259 259 260 259 259 259 258 258 258 258 258 258 258 258 258 257 257 257 257 258 257 258 258 258 257 257 257 257 257 257 257 257 257 257 258 257 258 258 258 258 258 258 258 258 258 258 258 258 258 258 258 258 258 258 259 258 259 259 258 258 258 258 258 258 257 257 258 257 257 257 257 257 258 258 257 257 258 257 257 257 257 257 257 257 256 256 256 257 257 257 256 256 257 257 256 256 257 257 257 257 257 257 257 257 257 257 257 257 257 257 256 257 257 257 257 257 257 257 258 258 259 260 261 261 260 261 261 260 259 259 259 258 258 259 259 259 259 259 259 258 258 258 258 258 258 258 258 258 258 258 258 259 258 258 259 258 258 257 257 257 257 257 257 257 257 257 257 257 257 257 258 258 258 259 258 258 258 258 258 258 258 258 258 259 259 259 259 259 258 257 257 257 258 258 257 258 258 258 258 257 257 257 257 257 257 257 256 256 256 256 256 256 256 256 257 257 257 257 257 257 257 257 257 257 257 257 257 256 256 257 257 257 258 258 259 258 258 259 259 260 261 261 261 261 261 261 260 260 259 259 259 258 259 259 259 259 258 258 258 259 259 259 259 259 259 259 259 258 258 259 260 259 259 258 258 257 257 257 257 257 257 257 257 257 257 257 257 257 257 258 258 258 258 258 258 257 258 258 258 258 258 260 260 258 258 259 259 260 259 258 258 257 257 257 257 256 256 256 256 256 256 256 256 257 257 257 257 257 257 257 257 257 257 257 257 257 257 256 257 257 257 257 258 258 259 259 258 259 259 260 260 260 260 260 260 260 259 259 259 260 260 259 259 259 259 259 258 259 259 259 259 259 259 260 259 260 259 259 259 260 260 259 259 259 258 258 258 258 258 258 257 257 257 257 257 257 257 257 258 258 258 258 258 259 258 258 258 258 258 259 260 260 260 259 258 257 256 256 256 256 256 256 256 256 256 257 257 257 257 257 257 257 257 257 257 257 257 257 257 257 257 257 258 258 257 258 258 259 259 259 259 260 261 261 260 259 259 259 259 259 259 259 259 259 259 259 259 259 259 259 259 259 259 259 259 259 259 260 261 261 261 260 261 261 260 260 260 259 259 258 258 258 258 258 258 258 257 257 257 257 257 258 258 258 258 258 258 258 258 258 258 260 259 259 258 257 256 256 256 256 256 256 256 256 256 257 257 257 257 257 257 257 257 257 257 257 257 256 257 257 257 258 258 258 258 259 259 259 260 261 261 261 261 261 260 259 259 259 259 259 258 258 259 259 259 259 259 259 259 259 259 259 259 259 260 260 260 259 260 261 262 262 263 262 260 259 259 259 259 258 258 259 258 258 258 258 257 257 257 257 257 258 258 257 258 258 258 258 258 259 259 258 258 257 256 256 256 256 256 256 256 256 256 256 257 257 257 257 257 257 257 257 257 257 256 256 257 256 256 257 258 257 258 258 259 259 260 259 259 260 261 261 261 261 260 260 260 259 259 259 259 259 259 259 259 259 259 259 259 259 260 259 259 260 261 261 260 261 263 261 260 259 258 258 258 258 258 259 258 258 258 257 257 256 257 258 257 257 258 258 258 258 259 258 257 257 256 256 256 256 256 256 256 256 256 256 257 256 256 256 256 257 257 257 256 256 256 256 257 257 256 256 256 257 257 258 259 260 260 260 258 258 259 260 261 262 262 262 262 261 261 261 261 260 260 260 260 259 259 259 259 259 259 260 261 260 261 262 263 262 263 258 258 257 258 258 259 258 258 258 257 257 256 257 257 258 258 258 258 258 258 256 256 256 256 256 256 255 256 256 256 256 256 256 256 256 256 256 256 256 256 256 256 257 257 257 257 257 257 257 257 257 257 258 258 258 259 258 258 258 258 259 259 260 260 260 260 260 260 261 261 261 262 260 259 260 260 260 260 260 261 261 262 262 263 258 258 258 258 258 258 258 258 258 257 257 256 257 257 257 258 258 258 258 258 256 256 256 256 256 255 255 256 256 257 256 256 256 256 256 256 256 256 256 256 256 257 257 257 258 258 258 258 257 258 257 257 257 257 257 258 257 257 258 258 258 258 258 258 258 258 258 259 259 259 260 261 260 260 260 261 260 261 261 261 261 262 263 258 258 258 257 257 258 258 258 258 257 256 256 256 256 257 257 257 257 257 255 255 255 255 255 255 256 256 256 256 256 256 256 256 256 256 256 256 256 256 256 257 257 259 259 258 258 258 258 258 258 258 257 257 257 257 257 257 258 258 257 258 258 258 259 259 259 259 260 260 260 260 260 260 261 261 261 262 262 263 263 258 258 258 258 258 257 257 257 256 256 256 256 256 256 257 257 256 255 255 255 255 256 256 255 255 255 256 256 257 257 257 256 256 257 256 256 256 256 256 257 257 257 258 259 259 258 258 258 258 258 258 258 258 258 258 258 258 258 259 258 259 259 260 260 260 260 260 261 260 261 262 261 262 262 263 263 258 258 259 258 258 258 258 258 257 257 257 256 256 256 256 256 255 256 256 257 256 256 256 257 257 256 257 258 257 257 257 258 258 257 257 257 257 257 257 257 258 259 260 259 259 259 258 258 258 258 258 259 259 259 258 259 259 259 259 260 261 261 261 262 261 262 262 262 263 263 264 264 264 258 258 258 258 258 258 258 258 258 258 257 256 256 256 257 257 257 257 257 257 258 257 258 258 258 258 258 258 258 259 259 259 259 259 258 258 258 258 259 260 260 260 259 258 258 259 259 258 258 258 258 259 259 259 260 260 260 260 262 262 262 263 263 263 263 263 264 264 257 257 257 257 257 258 257 257 257 256 256 256 256 257 257 257 258 258 258 258 258 259 259 259 259 259 259 259 260 260 260 260 260 260 259 259 259 260 260 260 260 259 258 259 260 259 259 259 258 258 259 260 261 261 262 263 263 263 263 264 257 257 257 257 258 257 257 257 257 256 256 258 258 259 259 259 259 259 258 258 259 259 259 260 260 260 260 260 260 260 260 260 259 259 259 260 260 261 260 259 259 260 260 260 259 258 258 258 259 260 260 261 263 264 264 257 257 258 258 258 258 258 257 257 256 256 259 259 260 260 260 260 259 258 258 259 259 260 260 260 260 259 259 259 259 259 259 260 260 259 260 260 261 260 259 259 260 261 260 259 259 259 259 260 260 260 261 263 257 258 258 257 258 258 258 257 257 257 257 256 260 261 261 260 260 260 259 259 259 259 259 260 259 259 260 260 260 259 259 259 260 260 260 260 260 261 261 261 260 259 259 260 260 260 261 261 260 261 261 262 262 257 257 257 257 257 258 258 258 257 257 257 256 262 262 260 260 259 259 259 259 259 259 259 259 259 259 259 259 259 259 259 259 260 260 260 260 261 261 262 261 261 260 260 261 262 263 263 263 262 262 262 263 257 257 257 257 257 258 258 258 262 261 260 259 258 258 259 259 259 259 259 259 260 260 260 259 259 260 260 260 260 260 261 261 262 262 262 262 262 261 261 262 263 257 257 257 257 262 262 262 261 260 259 258 258 259 259 259 259 259 260 260 260 259 260 260 260 260 261 261 261 262 263 263 263 263 262 262 262 263 263 262 261 260 259 259 259 258 259 259 259 259 259 259 260 260 260 260 260 261 261 262 262 262 262 263 264 262 261 260 259 259 258 258 259 259 259 260 260 259 259 260 260 260 260 260 261 262 262 263 263 262 263 264 260 259 259 258 258 259 259 259 259 259 259 259 260 260 260 261 261 261 261 262 263 263 264 263 264 258 258 258 259 259 260 259 259 259 259 260 260 260 260 260 261 262 262 263 264 264 258 259 260 259 259 259 259 259 260 260 260 260 260 260 261 261 262 262 263 264 258 259 259 260 259 259 259 259 260 260 260 260 260 261 261 262 263 263 263 264 260 259 259 259 259 259 259 260 260 261 261 261 262 262 262 263 264 264 264 261 260 260 260 260 259 259 259 260 261 261 262 262 263 263 263 264 264 264 261 261 260 260 260 260 260 259 259 260 261 262 262 263 263 263 263 264 260 260 260 261 261 260 260 260 260 260 261 262 262 262 262 263 264 261 260 261 261 261 261 261 261 261 261 261 261 261 261 262 263 264 261 261 261 261 261 261 261 262 263 262 262 261 261 262 262 263 264 261 261 260 261 261 261 262 262 263 262 261 261 263 263 263 264 264 261 261 260 261 261 261 262 263 263 262 262 262 262 262 263 264 262 261 260 261 262 262 262 263 263 263 262 263 263 263 263 264 265 262 261 261 261 262 262 263 263 263 263 262 262 264 264 264 264 265 262 261 261 261 261 261 262 262 263 263 263 262 263 263 264 265 263 262 261 261 261 261 262 262 262 262 263 264 264 263 264 264 264 263 263 263 262 262 262 262 262 263 264 263 263 264 264 264 264 264 264 265 263 263 263 263 263 263 263 263 263 263 263 264 263 263 264 265 264 264 264 265 265 265 263 263 262 263 264 264 263 263 263 263 263 263 264 264 264 263 264 264 264 264 264 264 265 262 262 263 263 263 263 263 263 263 264 264 264 264 264 264 264 264 264 264 265 264 263 263 263 262 263 263 263 263 263 264 263 263 264 264 264 264 264 264 264 265 263 263 263 263 263 264 263 263 263 263 263 263 263 263 264 264 264 265 264 264 263 264 264 263 263 262 263 263 263 264 264 264 264 264 265 263 263 263 263 263 263 263 263 263 263 264 264 262 263 263 263 264 264 264 