58 58 58 58 58 58 58 58 59 59 59 59 59 59 59 58 58 58 58 58 58 58 58 58 58 56 56 56 56 56 56 56 55 55 55 55 55 55 59 59 59 59 59 59 59 59 59 59 59 58 58 58 58 58 58 58 58 58 58 58 58 56 56 56 56 56 56 56 56 56 56 56 56 55 55 55 55 55 59 59 59 59 59 59 59 59 59 59 59 59 59 58 58 58 58 58 58 58 58 58 58 58 58 57 56 56 56 56 56 56 56 56 56 56 56 56 56 56 56 56 55 55 55 55 55 55 55 55 60 60 60 60 59 59 59 59 59 59 59 59 59 59 59 59 59 59 59 58 58 58 58 58 58 58 58 58 58 58 58 57 57 57 57 57 57 56 56 56 56 56 56 56 56 56 56 56 56 56 56 56 56 56 56 55 55 55 55 55 55 55 55 55 55 55 55 55 55 55 60 60 60 60 60 60 59 59 59 59 59 59 59 59 59 59 59 59 59 59 58 58 58 58 58 58 58 58 58 58 58 58 58 58 57 57 57 57 57 57 57 57 57 57 57 56 56 56 56 56 56 56 56 56 56 56 56 56 56 56 56 56 56 56 56 56 55 55 55 55 55 55 55 55 55 55 55 55 55 55 60 60 60 60 60 60 59 59 59 59 59 59 59 59 59 59 59 59 59 59 58 58 58 58 58 58 58 58 58 58 58 58 58 58 58 57 57 57 57 57 57 57 57 57 57 57 57 57 57 57 57 56 56 56 56 56 56 56 56 56 56 56 56 56 56 56 56 56 56 56 56 56 56 55 55 55 55 55 55 55 55 55 55 55 55 55 60 60 60 60 60 60 60 59 59 59 59 59 59 59 59 59 59 59 59 59 59 59 58 58 58 58 58 58 58 58 58 58 58 58 58 58 57 57 57 57 57 57 57 57 57 57 57 57 57 57 57 57 57 56 56 56 56 56 56 56 56 56 56 56 56 56 56 56 56 56 56 56 56 56 56 56 56 56 55 55 55 55 55 55 55 55 55 60 60 60 60 60 60 60 60 60 60 60 59 59 59 59 59 59 59 59 59 59 59 59 59 59 58 58 58 58 58 58 58 58 58 58 58 58 58 58 58 58 57 57 57 57 57 57 57 57 57 57 57 57 57 57 57 57 56 56 56 56 56 56 56 56 56 56 56 56 56 56 56 56 56 56 56 56 56 56 56 56 56 56 56 56 56 55 55 55 55 55 55 60 60 60 60 60 60 60 60 60 60 60 60 60 60 59 59 59 59 59 59 59 59 59 59 59 59 59 59 59 58 58 58 58 58 58 58 58 58 58 58 58 58 58 58 57 57 57 57 57 57 57 57 57 57 57 57 57 57 57 57 57 57 56 56 56 56 56 56 56 56 56 56 56 56 56 56 56 56 56 56 56 56 56 56 56 56 56 56 56 56 56 56 56 61 61 61 60 60 60 60 60 60 60 60 60 60 60 60 60 60 60 60 59 59 59 59 59 59 59 59 59 59 59 59 59 59 58 58 58 58 58 58 58 58 58 58 58 58 58 58 58 58 57 57 57 57 57 57 57 57 57 57 57 57 57 57 57 57 57 57 57 56 56 56 56 56 56 56 56 56 56 56 56 56 56 56 56 56 56 56 56 56 56 56 56 56 56 56 56 56 56 61 61 61 61 60 60 60 60 60 60 60 60 60 60 60 60 60 60 60 60 59 59 59 59 59 59 59 59 59 59 59 59 59 59 59 59 58 58 58 58 58 58 58 58 58 58 58 58 58 58 57 57 57 57 57 57 57 57 57 57 57 57 57 57 57 57 57 57 57 57 56 56 56 56 56 56 56 56 56 56 56 56 56 56 56 56 56 56 56 56 56 56 56 56 56 56 56 56 56 56 61 61 61 61 61 61 61 60 60 60 60 60 60 60 60 60 60 60 60 60 60 60 60 59 59 59 59 59 59 59 59 59 59 59 59 59 59 59 59 58 58 58 58 58 58 58 58 58 58 58 58 58 58 57 57 57 57 57 57 57 57 57 57 57 57 57 57 57 57 57 57 57 57 57 57 56 56 56 56 56 56 56 56 56 56 56 56 56 56 56 56 56 56 56 56 56 56 56 56 56 56 56 61 61 61 61 61 61 61 61 61 60 60 60 60 60 60 60 60 60 60 60 60 60 60 60 60 59 59 59 59 59 59 59 59 59 59 59 59 59 59 59 59 59 58 58 58 58 58 58 58 58 58 58 58 58 58 58 58 57 57 57 57 57 57 57 57 57 57 57 57 57 57 57 57 57 57 57 57 57 57 57 56 56 56 56 56 56 56 56 56 56 56 56 56 56 56 56 56 56 56 56 56 56 56 61 61 61 61 61 61 61 61 61 61 61 61 60 60 60 60 60 60 60 60 60 60 60 60 60 60 60 60 60 60 59 59 59 59 59 59 59 59 59 59 59 59 59 59 59 58 58 58 58 58 58 58 58 58 58 58 58 58 58 58 58 57 57 57 57 57 57 57 57 57 57 57 57 57 57 57 57 57 57 57 57 57 57 57 57 57 57 56 56 56 56 56 56 56 56 56 56 56 56 56 56 56 56 56 56 56 56 62 61 61 61 61 61 61 61 61 61 61 61 61 61 61 60 60 60 60 60 60 60 60 60 60 60 60 60 60 60 60 60 59 59 59 59 59 59 59 59 59 59 59 59 59 59 59 59 58 58 58 58 58 58 58 58 58 58 58 58 58 58 58 58 58 58 57 57 57 57 57 57 57 57 57 57 57 57 57 57 57 57 57 57 57 57 57 57 57 57 57 57 57 56 56 56 56 56 56 56 56 56 56 56 56 56 56 56 56 62 62 62 62 62 62 61 61 61 61 61 61 61 61 61 61 61 61 61 61 61 60 60 60 60 60 60 60 60 60 60 60 60 60 60 60 60 60 59 59 59 59 59 59 59 59 59 59 59 59 59 59 59 59 58 58 58 58 58 58 58 58 58 58 58 58 58 58 58 58 58 58 57 57 57 57 57 57 57 57 57 57 57 57 57 57 57 57 57 57 57 57 57 57 57 57 57 57 57 57 57 57 57 56 57 56 56 56 56 56 56 56 56 56 64 64 64 62 62 62 62 62 62 62 62 62 62 62 62 62 61 61 61 61 61 61 61 61 61 61 61 61 61 61 61 60 61 60 60 60 60 60 60 60 60 60 60 60 60 60 60 60 60 59 59 59 59 59 59 59 59 59 59 59 59 59 59 59 59 59 58 58 58 58 58 58 58 58 58 58 58 58 58 58 58 58 58 58 57 57 57 57 57 57 57 57 57 57 57 57 57 57 57 57 57 57 57 57 57 57 57 57 57 57 57 57 57 57 57 57 57 57 57 57 57 56 56 64 64 64 64 64 64 63 63 63 62 62 62 62 62 62 62 62 62 62 62 62 62 62 61 61 61 61 61 61 61 61 61 61 61 61 61 61 61 61 61 60 60 60 60 60 60 60 60 60 60 60 60 60 60 60 60 60 59 59 59 59 59 59 59 59 59 59 59 59 59 59 59 59 59 58 58 58 58 58 58 58 58 58 58 58 58 58 58 58 58 58 58 58 57 57 57 57 57 57 57 57 57 57 57 57 57 57 57 57 57 57 57 57 57 57 57 57 57 57 57 57 57 57 57 57 57 57 57 57 65 64 64 64 64 64 64 63 63 63 63 63 63 63 62 62 62 62 62 62 62 62 62 62 62 62 62 62 62 61 61 61 61 61 61 61 61 61 61 61 61 61 61 61 61 61 60 60 60 60 60 60 60 60 60 60 60 60 60 60 60 60 60 59 59 59 59 59 59 59 59 59 59 59 59 59 59 59 59 58 58 58 58 58 58 58 58 58 58 58 58 58 58 58 58 58 58 58 58 58 58 57 58 57 57 57 57 57 57 57 57 57 57 57 57 57 57 57 57 57 57 57 57 57 57 57 57 57 57 57 57 57 57 57 65 65 65 64 64 64 64 64 63 63 63 63 63 63 63 63 63 62 62 62 62 62 62 62 62 62 62 62 62 62 62 62 61 61 61 61 61 61 61 61 61 61 61 61 61 61 61 61 61 60 60 60 60 60 60 60 60 60 60 60 60 60 60 60 60 60 60 59 59 59 59 59 59 59 59 59 59 59 59 59 59 59 59 58 58 58 58 58 58 58 58 58 58 58 58 58 58 58 58 58 58 58 58 58 58 58 58 58 57 57 57 57 57 57 57 57 57 57 57 57 57 57 57 57 57 57 57 57 57 57 57 57 57 57 57 57 57 65 65 65 65 65 65 64 64 64 64 63 63 63 63 63 63 63 63 63 62 62 62 62 62 62 62 62 62 62 62 62 62 62 62 62 61 61 61 61 61 61 61 61 61 61 61 61 61 61 61 61 61 60 60 60 60 60 60 60 60 60 60 60 60 60 60 60 60 60 60 59 59 59 59 59 59 59 59 59 59 59 59 59 59 59 59 59 58 58 58 58 58 58 58 58 58 58 58 58 58 58 58 58 58 58 58 58 58 58 58 58 58 58 58 58 57 57 57 57 57 57 57 57 57 57 57 57 57 57 57 57 57 57 57 57 57 57 65 65 65 65 65 65 65 64 64 64 64 64 64 64 64 64 64 63 63 63 63 63 63 63 63 63 63 63 63 63 62 62 62 62 62 62 62 62 62 62 62 62 62 62 61 61 61 61 61 61 61 61 61 61 61 61 61 61 61 61 61 61 61 61 60 60 60 60 60 60 60 60 60 60 60 60 60 60 60 60 60 59 59 59 59 59 59 59 59 59 59 59 59 59 59 59 59 59 58 58 58 58 58 58 58 58 58 58 58 58 58 58 58 58 58 58 58 58 58 58 58 58 58 58 58 58 58 57 57 57 57 57 57 57 57 57 57 57 57 57 57 57 57 57 57 57 57 65 65 65 65 65 65 64 64 64 64 64 64 64 64 64 64 64 64 64 64 64 64 64 63 63 63 63 63 63 63 63 63 63 63 63 63 63 63 62 62 62 62 62 62 62 62 62 62 62 62 62 62 62 61 61 61 61 61 61 61 61 61 61 61 61 61 61 61 61 61 61 61 60 60 60 60 60 60 60 60 60 60 60 60 60 60 60 60 60 60 59 59 59 59 59 59 59 59 59 59 59 59 59 59 59 59 59 58 58 58 58 58 58 58 58 58 58 58 58 58 58 58 58 58 58 58 58 58 58 58 58 58 58 58 58 58 58 58 57 57 57 57 57 57 57 57 57 57 57 57 57 57 57 57 57 65 65 65 65 65 65 65 65 64 64 64 64 64 64 64 64 64 64 64 64 64 64 64 64 63 63 63 63 63 63 63 63 63 63 63 63 63 63 63 63 62 62 62 62 62 62 62 62 62 62 62 62 62 62 62 61 61 61 61 61 61 61 61 61 61 61 61 61 61 61 61 61 61 61 60 60 60 60 60 60 60 60 60 60 60 60 60 60 60 60 60 60 60 59 59 59 59 59 59 59 59 59 59 59 59 59 59 59 59 58 58 58 58 58 58 58 58 58 58 58 58 58 58 58 58 58 58 58 58 58 58 58 58 58 58 58 58 58 58 58 58 58 58 57 57 57 57 57 57 57 57 57 57 57 57 57 57 65 65 65 65 65 65 65 65 64 64 64 64 64 64 64 64 64 64 64 64 64 64 64 64 64 63 63 63 63 63 63 63 63 63 63 63 63 63 63 63 63 62 62 62 62 62 62 62 62 62 62 62 62 62 62 62 61 61 61 61 61 61 61 61 61 61 61 61 61 61 61 61 61 61 61 61 60 60 60 60 60 60 60 60 60 60 60 60 60 60 60 60 60 60 60 59 59 59 59 59 59 59 59 59 59 59 59 59 59 59 59 59 58 58 58 58 58 58 58 58 58 58 58 58 58 58 58 58 58 58 58 58 58 58 58 58 58 58 58 58 58 58 58 58 58 58 58 58 58 58 58 57 57 57 57 57 57 57 57 66 66 65 65 65 65 65 65 65 65 65 65 65 65 65 65 64 64 64 64 64 64 64 64 64 64 64 64 64 64 64 64 64 63 63 63 63 63 63 63 63 63 63 63 63 63 63 63 63 62 62 62 62 62 62 62 62 62 62 62 62 62 62 62 61 61 61 61 61 61 61 61 61 61 61 61 61 61 61 61 61 61 61 61 61 60 60 60 60 60 60 60 60 60 60 60 60 60 60 60 60 60 60 60 59 59 59 59 59 59 59 59 59 59 59 59 59 59 59 59 59 59 59 59 59 58 58 58 58 58 58 58 58 58 58 58 58 58 58 58 58 58 58 58 58 58 58 58 58 58 58 58 58 58 58 58 58 58 58 58 58 58 58 58 57 57 57 57 58 58 58 58 58 58 66 66 66 66 66 65 65 65 65 65 65 65 65 65 65 65 65 65 65 64 64 64 64 64 64 64 64 64 64 64 64 64 64 64 64 64 64 63 63 63 63 63 63 63 63 63 63 63 63 63 63 63 63 62 62 62 62 62 62 62 62 62 62 62 62 62 62 62 61 61 62 61 61 61 61 61 61 61 61 61 61 61 61 61 61 61 61 61 61 60 60 60 60 60 60 60 60 60 60 60 60 60 60 60 60 60 60 60 60 59 59 59 59 59 59 59 59 59 59 59 59 59 59 59 59 59 59 59 59 59 59 59 58 58 58 58 58 58 58 58 58 58 58 58 58 58 58 58 58 58 58 58 58 58 58 58 58 58 58 58 58 58 58 58 58 58 58 58 58 58 58 58 58 58 58 58 58 58 66 66 66 66 66 66 65 65 65 65 65 65 65 65 65 65 65 65 65 65 65 65 64 64 64 64 64 64 64 64 64 64 64 64 64 64 64 64 64 63 63 63 63 63 63 63 63 63 63 63 63 63 63 63 62 62 62 62 62 62 62 62 62 62 62 62 62 62 62 61 62 62 61 61 61 61 61 61 61 61 61 61 61 61 61 61 61 61 61 61 60 60 60 60 60 60 60 60 60 60 60 60 60 60 60 60 60 60 60 60 60 59 59 59 59 59 59 59 59 59 59 59 59 59 59 59 59 59 59 59 59 59 59 59 59 58 58 58 58 58 58 58 58 58 58 58 58 58 58 58 58 58 58 58 58 58 58 58 58 58 58 58 58 58 58 58 58 58 58 58 58 58 58 58 58 58 58 58 66 66 66 66 66 66 66 65 65 65 65 65 65 65 65 65 65 65 65 65 65 65 65 64 64 64 64 64 64 64 64 64 64 64 64 64 64 64 64 64 63 63 63 63 63 63 63 63 63 63 63 63 63 63 63 62 62 62 62 62 62 62 62 62 62 62 62 62 62 62 62 62 62 62 62 61 61 61 61 61 61 61 61 61 61 61 61 61 61 61 61 61 61 61 60 60 60 60 60 60 60 60 60 60 60 60 60 60 60 60 60 60 60 59 59 59 59 59 59 59 59 59 59 59 59 59 59 59 59 59 59 59 59 59 59 59 59 59 58 58 58 58 58 58 58 58 58 58 58 58 58 58 58 58 58 58 58 58 58 58 58 58 58 58 58 58 58 58 58 58 58 58 58 58 58 58 58 58 58 67 67 67 67 66 66 66 66 66 66 66 66 66 66 65 65 65 65 65 65 65 65 65 65 65 65 65 65 65 65 64 64 64 64 64 64 64 64 64 64 64 64 64 64 64 64 64 63 63 63 63 63 63 63 63 63 63 63 63 63 63 63 63 62 62 62 62 62 62 62 62 62 62 62 62 62 62 62 62 62 62 62 62 61 61 61 61 61 61 61 61 61 61 61 61 61 61 61 61 61 61 61 61 60 60 60 60 60 60 60 60 60 60 60 60 60 60 60 60 60 60 60 59 59 59 59 59 59 59 59 59 59 59 59 59 59 59 59 59 59 59 59 59 59 59 59 59 59 59 58 58 58 58 58 58 58 58 58 58 58 58 58 58 58 58 58 58 58 58 58 58 58 58 58 58 58 58 58 58 58 58 58 58 58 58 67 67 67 67 67 67 67 67 66 66 66 66 66 66 66 66 66 66 66 66 66 66 66 65 65 65 65 65 65 65 65 65 65 65 65 65 65 65 65 64 64 64 64 64 64 64 64 64 64 64 64 64 64 64 64 64 63 63 63 63 63 63 63 63 63 63 63 63 63 63 63 63 62 62 62 62 62 62 62 62 62 62 62 62 62 62 62 62 62 62 62 62 62 61 61 61 61 61 61 61 61 61 61 61 61 61 61 61 61 61 61 61 60 60 60 60 60 60 60 60 60 60 60 60 60 60 60 60 60 60 60 60 60 59 59 59 59 59 59 59 59 59 59 59 59 59 59 59 59 59 59 59 59 59 59 59 59 59 59 59 59 59 59 58 58 58 58 58 58 58 58 58 58 58 58 58 58 58 58 58 58 58 58 58 58 58 58 58 58 58 58 58 58 58 68 67 67 67 67 67 67 67 67 67 67 67 66 66 66 66 66 66 66 66 66 66 66 66 66 66 66 65 65 65 65 65 65 65 65 65 65 65 65 65 65 65 65 65 64 64 64 64 64 64 64 64 64 64 64 64 64 64 64 64 64 63 63 63 63 63 63 63 63 63 63 63 63 63 63 63 62 62 62 62 62 62 62 62 62 62 62 62 62 62 62 62 62 62 62 62 62 62 61 61 61 61 61 61 61 61 61 61 61 61 61 61 61 61 61 61 61 60 60 60 60 60 60 60 60 60 60 60 60 60 60 60 60 60 60 60 60 60 59 59 59 59 59 59 59 59 59 59 59 59 59 59 59 59 59 59 59 59 59 59 59 59 59 59 59 59 59 59 59 59 59 58 58 58 58 58 58 58 58 58 58 58 58 58 58 58 58 58 58 58 58 58 58 58 58 58 58 68 67 67 67 67 67 67 67 67 67 67 67 67 67 67 67 66 66 66 66 66 66 66 66 66 66 66 66 66 66 66 66 65 65 65 65 65 65 65 65 65 65 65 65 65 65 65 65 65 64 64 64 64 64 64 64 64 64 64 64 64 64 64 64 64 64 63 63 63 63 63 63 63 63 63 63 63 63 63 63 63 63 62 62 62 62 62 62 62 62 62 62 62 62 62 62 62 62 62 62 62 62 62 62 61 61 61 61 61 61 61 61 61 61 61 61 61 61 61 61 61 61 61 61 60 60 60 60 60 60 60 60 60 60 60 60 60 60 60 60 60 60 60 60 60 59 59 60 59 59 59 59 59 59 59 59 59 59 59 59 59 59 59 59 59 59 59 59 59 59 59 59 59 59 59 59 59 59 59 59 58 58 58 58 58 58 58 58 58 58 58 59 59 59 59 58 58 58 58 58 58 58 58 58 58 68 67 67 67 67 67 67 67 67 67 67 67 67 67 67 67 67 67 66 66 66 66 66 66 66 66 66 66 66 66 66 66 66 66 65 65 65 65 65 65 65 65 65 65 65 65 65 65 65 65 64 64 64 64 64 64 64 64 64 64 64 64 64 64 64 64 64 63 63 63 63 63 63 63 63 63 63 63 63 63 63 63 63 62 62 62 62 62 62 62 62 62 62 62 62 62 62 62 62 62 62 62 62 62 62 62 61 61 61 61 61 61 61 61 61 61 61 61 61 61 61 61 61 61 61 61 60 60 60 60 60 60 60 60 60 60 60 60 60 60 60 60 60 60 60 60 60 60 60 60 60 59 59 59 59 59 59 59 59 59 59 59 59 59 59 59 59 59 59 59 59 59 59 59 59 59 59 59 59 59 59 59 59 59 59 59 58 58 58 58 58 59 59 59 59 59 59 59 59 59 59 59 59 59 58 58 58 58 68 68 67 67 67 67 67 67 67 67 67 67 67 67 67 67 67 67 67 66 66 66 66 66 66 66 66 66 66 66 66 66 66 66 66 65 65 65 65 65 65 65 65 65 65 65 65 65 65 65 65 64 64 64 64 64 64 64 64 64 64 64 64 64 64 64 64 64 63 63 63 63 63 63 63 63 63 63 63 63 63 63 63 63 62 62 62 62 62 62 62 62 62 62 62 62 62 62 62 62 62 62 62 62 62 62 62 62 61 61 61 61 61 61 61 61 61 61 61 61 61 61 61 61 61 61 61 61 61 60 60 60 60 60 60 60 60 60 60 60 60 60 60 60 60 60 60 60 60 60 60 60 60 59 59 59 59 59 59 59 59 59 59 59 59 59 59 59 59 59 59 59 59 59 59 59 59 59 59 59 59 59 59 59 59 59 59 59 59 59 59 59 59 59 59 59 59 59 59 59 59 59 59 59 59 59 59 59 59 59 68 68 67 67 67 67 67 67 67 67 67 67 67 67 67 67 67 67 67 66 66 66 66 66 66 66 66 66 66 66 66 66 66 66 65 65 65 65 65 65 65 65 65 65 65 65 65 65 65 65 65 65 64 64 64 64 64 64 64 64 64 64 64 64 64 64 64 64 63 63 63 63 63 63 63 63 63 63 63 63 63 63 63 63 63 62 62 62 62 62 62 62 62 62 62 62 62 62 62 62 62 62 62 62 62 62 62 62 62 61 61 61 61 61 61 61 61 61 61 61 61 61 61 61 61 61 61 61 61 61 60 60 60 60 60 60 60 60 60 60 60 60 60 60 60 60 60 60 60 60 60 60 60 60 60 59 59 59 59 59 59 59 59 59 59 59 59 59 59 59 59 59 59 59 59 59 59 59 59 59 59 59 59 59 59 59 59 59 59 59 59 59 59 59 59 59 59 59 59 59 59 59 59 59 59 59 59 59 59 68 68 67 67 67 67 67 67 67 67 67 67 67 67 67 67 67 67 67 66 66 66 66 66 66 66 66 66 66 66 66 66 66 66 66 65 65 65 65 65 65 65 65 65 65 65 65 65 65 65 65 65 65 64 64 64 64 64 64 64 64 64 64 64 64 64 64 64 64 63 63 63 63 63 63 63 63 63 63 63 63 63 63 63 63 63 62 62 62 62 62 62 62 62 62 62 62 62 62 62 62 62 62 62 62 62 62 62 62 62 62 61 61 61 61 61 61 61 61 61 61 61 61 61 61 61 61 61 61 61 61 61 61 60 60 60 60 60 60 60 60 60 60 60 60 60 60 60 60 60 60 60 60 60 60 60 60 60 60 60 59 59 59 59 59 59 59 59 59 59 59 59 59 59 59 59 59 59 59 59 59 59 59 59 59 59 59 59 59 59 59 59 59 59 59 59 59 59 59 59 59 59 59 59 59 59 59 59 59 59 68 67 67 67 67 67 67 67 67 67 67 67 67 67 67 67 67 67 66 66 66 66 66 66 66 66 66 66 66 66 66 66 66 66 65 65 65 65 65 65 65 65 65 65 65 65 65 65 65 65 65 65 64 64 64 64 64 64 64 64 64 64 64 64 64 64 64 64 64 63 63 63 63 63 63 63 63 63 63 63 63 63 63 63 63 62 62 62 63 63 62 62 62 62 62 62 62 62 62 62 62 62 62 62 62 62 62 62 62 62 62 61 61 61 61 61 61 61 61 61 61 61 61 61 61 61 61 61 61 61 61 61 61 60 60 60 60 60 60 60 60 60 60 60 60 60 60 60 60 60 60 60 60 60 60 60 60 60 60 60 60 60 59 59 59 59 59 59 59 59 59 59 59 59 59 59 59 59 59 59 59 59 59 59 59 59 59 59 59 59 59 59 59 59 59 59 59 59 59 59 59 59 59 59 59 59 59 59 59 59 59 59 67 67 67 67 67 67 67 67 67 67 67 67 67 67 67 67 67 67 66 66 66 66 66 66 66 66 66 66 66 66 66 66 66 66 65 65 65 65 65 65 65 65 65 65 65 65 65 65 65 65 65 65 64 64 64 64 64 64 64 64 64 64 64 64 64 64 64 64 64 63 63 63 63 63 63 63 63 63 63 63 63 63 63 63 63 63 62 63 63 63 62 62 62 62 62 62 62 62 62 62 62 62 62 62 62 62 62 62 62 62 62 62 61 61 61 61 61 61 61 61 61 61 61 61 61 61 61 61 61 61 61 61 61 61 61 60 60 60 60 60 60 60 60 60 60 60 60 60 60 60 60 60 60 60 60 60 60 60 60 60 60 60 60 60 59 59 59 59 59 59 59 59 59 59 59 59 59 59 59 59 59 59 59 59 59 59 59 59 59 59 59 59 59 59 59 59 59 59 59 59 59 59 59 59 59 59 59 59 59 59 59 59 67 67 67 67 67 67 67 67 67 67 67 67 67 67 67 67 67 67 67 66 66 66 66 66 66 66 66 66 66 66 66 66 66 66 66 65 65 65 65 65 65 65 65 65 65 65 65 65 65 65 65 65 65 64 64 64 64 64 64 64 64 64 64 64 64 64 64 64 64 64 63 63 63 63 63 63 63 63 63 63 63 63 63 63 63 63 63 63 63 63 63 63 62 62 62 62 62 62 62 62 62 62 62 62 62 62 62 62 62 62 62 62 62 62 61 61 61 61 61 61 61 61 61 61 61 61 61 61 61 61 61 61 61 61 61 61 61 61 60 60 60 60 60 60 60 60 60 60 60 60 60 60 60 60 60 60 60 60 60 60 60 60 60 60 60 60 60 60 60 60 60 59 59 59 59 59 59 59 59 59 59 59 59 59 59 59 59 59 59 59 59 59 59 59 59 59 59 59 59 59 59 59 59 59 59 59 59 59 59 59 59 59 59 68 68 68 67 67 67 67 67 67 67 67 67 67 67 67 67 67 67 67 67 66 66 66 66 66 66 66 66 66 66 66 66 66 66 66 66 65 65 65 65 65 65 65 65 65 65 65 65 65 65 65 65 65 64 64 64 64 64 64 64 64 64 64 64 64 64 64 64 64 64 64 63 63 63 63 63 63 63 63 63 63 63 63 63 63 63 63 63 63 63 63 63 63 63 62 62 62 62 62 62 62 62 62 62 62 62 62 62 62 62 62 62 62 62 62 62 61 61 61 61 61 61 61 61 61 61 61 61 61 61 61 61 61 61 61 61 61 61 61 61 60 60 60 60 60 60 60 60 60 60 60 60 60 60 60 60 60 60 60 60 60 60 60 60 60 60 60 60 60 60 60 60 60 60 59 59 59 59 59 59 59 59 59 59 59 59 59 60 60 60 59 59 59 59 59 59 59 59 59 59 59 59 59 59 59 59 59 59 59 59 59 59 59 59 59 68 68 68 68 68 68 68 68 68 67 67 67 67 67 67 67 67 67 67 67 67 67 67 67 67 66 66 66 66 66 66 66 66 66 66 66 66 66 65 65 65 65 65 65 65 65 65 65 65 65 65 65 65 65 65 64 64 64 64 64 64 64 64 64 64 64 64 64 64 64 64 64 64 63 63 63 63 63 63 63 63 63 63 63 63 63 63 63 63 63 63 63 63 63 63 63 63 63 63 62 62 62 62 62 62 62 62 62 62 62 62 62 62 62 62 62 62 62 62 62 62 61 61 61 61 61 61 61 61 61 61 61 61 61 61 61 61 61 61 60 60 60 60 60 60 60 60 60 60 60 60 60 60 60 60 60 60 60 60 60 60 60 60 60 60 60 60 60 60 60 60 60 59 59 59 59 59 59 59 59 59 59 59 59 59 59 59 60 60 60 59 59 59 59 59 59 59 59 59 59 59 59 59 59 59 59 59 59 59 59 59 59 59 59 59 59 68 68 68 68 68 68 68 68 68 68 68 68 67 67 67 67 67 67 67 67 67 67 67 67 67 67 67 66 66 66 66 66 66 66 66 66 66 66 66 66 66 65 65 65 65 65 65 65 65 65 65 65 65 65 65 65 65 64 64 64 64 64 64 64 64 64 64 64 64 64 64 64 64 64 64 63 63 63 63 63 63 63 63 63 63 63 63 63 63 63 63 63 63 63 63 63 63 63 63 63 63 63 62 62 62 62 62 62 62 62 62 62 62 62 62 62 62 62 62 62 62 62 62 62 62 61 61 61 61 61 61 61 61 61 61 61 61 61 61 61 61 61 60 61 61 60 60 60 60 60 60 60 60 60 60 60 60 60 60 60 60 60 60 60 60 60 60 60 60 60 60 60 60 60 60 60 60 59 60 59 59 59 59 59 59 59 59 59 60 60 60 60 60 60 60 59 59 60 59 59 59 59 59 59 59 59 59 59 59 59 59 59 59 59 59 59 59 68 68 68 68 68 68 68 68 68 68 68 68 68 67 67 67 67 67 67 67 67 67 67 67 67 67 67 67 66 66 66 66 66 66 66 66 66 66 66 66 66 66 65 65 65 65 65 65 65 65 65 65 65 65 65 65 65 65 65 64 64 64 64 64 64 64 64 64 64 64 64 64 64 64 64 64 64 63 63 63 63 63 63 63 63 63 63 63 63 63 63 63 63 63 63 63 63 63 63 63 63 63 63 63 62 62 62 62 62 62 62 62 62 62 62 62 62 62 62 62 62 62 62 62 62 62 62 62 61 61 61 61 61 61 61 61 61 61 61 61 61 61 61 61 61 61 61 61 60 60 60 60 60 60 60 60 60 60 60 60 60 60 60 60 60 60 60 60 60 60 60 60 60 60 60 60 60 60 60 60 60 60 60 60 59 59 59 59 60 60 60 60 60 60 60 60 60 60 60 60 60 60 60 60 60 59 59 59 59 59 59 59 59 59 59 59 68 68 68 68 68 68 68 68 68 68 68 68 68 68 67 67 67 67 67 67 67 67 67 67 67 67 67 67 67 66 66 66 66 66 66 66 66 66 66 66 66 66 66 65 65 65 65 65 65 65 65 65 65 65 65 65 65 65 65 65 64 64 64 64 64 64 64 64 64 64 64 64 64 64 64 64 64 64 64 63 63 63 63 63 63 63 63 63 63 63 63 63 63 63 63 63 63 63 63 63 63 63 63 63 63 63 62 62 62 62 62 62 62 62 62 62 62 62 62 62 62 62 62 62 62 62 62 62 62 62 61 61 61 61 61 61 61 61 61 61 61 61 61 61 61 61 61 61 61 61 61 60 60 60 60 60 60 60 60 60 60 60 60 60 60 60 60 60 60 60 60 60 60 60 60 60 60 60 60 60 60 60 60 60 60 60 60 60 60 60 60 60 60 60 60 60 60 60 60 60 60 60 60 60 60 60 60 60 60 60 60 60 60 60 59 59 59 68 68 68 68 68 68 68 68 68 68 68 68 68 68 67 67 67 67 67 67 67 67 67 67 67 67 67 67 67 67 66 66 66 66 66 66 66 66 66 66 66 66 66 66 65 65 65 65 65 65 65 65 65 65 65 65 65 65 65 65 65 65 64 64 64 64 64 64 64 64 64 64 64 64 64 64 64 64 64 64 63 63 63 63 63 63 63 63 63 63 63 63 63 63 63 63 63 63 63 63 63 63 63 63 63 63 63 63 62 62 62 62 62 62 62 62 62 62 62 62 62 62 62 62 62 62 62 62 62 62 62 62 62 61 61 61 61 61 61 61 61 61 61 61 61 61 61 61 61 61 61 61 61 61 61 60 60 60 60 60 60 60 60 60 60 60 60 60 60 60 60 60 60 60 60 60 60 60 60 60 60 60 60 60 60 60 60 60 60 60 60 60 60 60 60 60 60 60 60 60 60 60 60 60 60 60 60 60 60 60 60 60 60 60 60 60 60 60 68 68 68 68 68 68 68 68 68 68 68 68 68 68 67 67 67 67 67 67 67 67 67 67 67 67 67 67 67 66 66 66 66 66 66 66 66 66 66 66 66 66 66 65 65 65 65 65 65 65 65 65 65 65 65 65 65 65 65 65 65 65 64 64 64 64 64 64 64 64 64 64 64 64 64 64 64 64 64 64 64 63 63 63 63 63 63 63 63 63 63 63 63 63 63 63 63 63 63 63 63 63 63 63 63 63 63 63 63 62 62 62 62 62 62 62 62 62 62 62 62 62 62 62 62 62 62 62 62 62 62 62 62 62 61 62 61 61 61 61 61 61 61 61 61 61 61 61 61 61 61 61 61 61 61 61 60 60 60 60 60 60 60 60 60 60 60 60 60 60 60 60 60 60 60 60 60 60 60 60 60 60 60 60 60 60 60 60 60 60 60 60 60 60 60 60 60 60 60 60 60 60 60 60 60 60 60 60 60 60 60 60 60 60 60 60 60 60 60 68 68 68 68 68 68 68 68 68 68 68 68 67 67 67 67 67 67 67 67 67 67 67 67 67 67 67 66 66 66 66 66 66 66 66 66 66 66 66 66 66 66 65 65 65 65 65 65 65 65 65 65 65 65 65 65 65 65 65 65 65 64 64 64 64 64 64 64 64 64 64 64 64 64 64 64 64 64 64 63 63 63 63 63 63 63 63 63 63 63 63 63 63 63 63 63 63 63 63 63 63 63 63 63 63 63 63 63 62 62 62 62 62 62 62 62 62 62 62 62 62 62 62 62 62 62 62 62 62 62 62 62 62 62 61 61 61 61 61 61 61 61 61 61 61 61 61 61 61 61 61 61 61 61 61 61 61 61 61 60 60 60 60 60 60 60 60 60 60 60 60 60 60 60 60 60 60 60 60 60 60 60 60 60 60 60 60 60 60 60 60 60 60 60 60 60 60 60 60 60 60 60 60 60 60 60 60 60 60 60 60 60 60 60 60 60 60 60 60 60 68 68 68 68 68 68 68 68 68 68 68 67 67 67 67 67 67 67 67 67 67 67 67 67 67 67 67 66 66 66 66 66 66 66 66 66 66 66 66 66 66 66 65 65 65 65 65 65 65 65 65 65 65 65 65 65 65 65 65 65 65 64 64 64 64 64 64 64 64 64 64 64 64 64 64 64 64 64 64 64 63 63 63 63 63 63 63 63 63 63 63 63 63 63 63 63 63 63 63 63 63 63 63 63 63 63 63 63 63 63 62 62 62 62 62 62 62 62 62 62 62 62 62 62 62 62 62 62 62 62 62 62 62 61 61 61 61 61 61 61 61 61 61 61 61 61 61 61 61 61 61 61 61 61 61 61 61 61 61 61 61 61 61 60 60 60 60 60 60 60 60 60 60 60 60 60 60 60 60 60 60 60 60 60 60 60 60 60 60 60 60 60 60 60 60 60 60 60 60 60 60 60 60 60 60 60 60 60 60 60 60 60 60 60 60 60 60 60 60 60 60 60 68 68 68 68 68 68 68 68 68 68 68 68 67 67 67 67 67 67 67 67 67 67 67 67 67 67 67 67 66 66 66 66 66 66 66 66 66 66 66 66 66 66 66 65 65 65 65 65 65 65 65 65 65 65 65 65 65 65 65 65 65 65 65 64 64 64 64 64 64 64 64 64 64 64 64 64 64 64 64 64 64 63 63 63 63 63 63 64 63 63 63 63 63 63 63 63 63 63 63 63 63 63 63 63 63 63 63 63 63 63 63 63 63 62 62 62 62 62 62 62 62 62 62 62 62 62 62 62 62 62 62 62 62 61 61 61 61 61 61 61 61 61 61 61 61 61 61 61 61 61 61 61 61 61 61 61 61 61 61 61 61 61 61 61 61 61 61 61 60 60 60 60 60 60 60 60 60 60 60 60 60 60 60 60 60 60 60 60 60 60 60 60 60 60 60 60 60 60 60 60 60 60 60 60 60 60 60 60 60 60 60 60 60 60 60 60 60 60 60 60 60 68 68 68 68 68 68 68 68 68 68 68 68 68 67 67 67 67 67 67 67 67 67 67 67 67 67 67 67 66 66 66 66 66 66 66 66 66 66 66 66 66 66 66 66 66 65 65 65 65 65 65 65 65 65 65 65 65 65 65 65 65 65 65 65 64 64 64 64 64 64 64 64 64 64 64 64 64 64 64 64 64 64 64 64 64 64 64 64 64 64 64 63 63 63 63 63 63 63 63 63 63 63 63 63 63 63 63 63 63 63 63 63 63 63 63 63 62 62 62 62 62 62 62 62 62 62 62 62 62 62 62 62 62 62 62 62 62 61 61 61 61 61 61 61 61 61 61 61 61 61 61 61 61 61 61 61 61 61 61 61 61 61 61 61 61 61 61 61 61 61 61 61 60 60 60 60 60 60 60 60 60 60 60 61 61 61 61 61 60 60 60 60 60 60 60 60 60 60 60 60 60 60 60 60 60 60 60 60 60 60 60 60 60 60 60 60 60 60 60 60 60 60 60 60 60 60 60 60 68 68 68 68 68 68 68 68 68 68 68 68 68 67 67 67 67 67 67 67 67 67 67 67 67 67 67 67 67 66 66 66 66 66 66 66 66 66 66 66 66 66 66 66 66 65 65 65 65 65 65 65 65 65 65 65 65 65 65 65 65 65 65 65 65 65 64 64 64 64 64 64 64 64 64 64 64 64 64 64 64 64 64 64 64 64 64 64 64 64 64 64 63 63 63 63 63 63 63 63 63 63 63 63 63 63 63 63 63 63 63 63 63 63 63 63 63 63 62 62 62 62 62 62 62 62 62 62 62 62 62 62 62 62 62 62 62 62 62 62 61 61 61 61 61 61 61 61 61 61 61 61 61 61 61 61 61 61 61 61 61 61 61 61 61 61 61 61 61 61 61 61 61 61 61 61 60 60 60 60 60 60 61 61 61 61 61 61 61 61 61 61 61 61 61 61 60 60 60 60 60 60 60 60 60 60 60 60 60 60 60 60 60 60 60 60 60 60 60 60 60 60 60 60 60 60 60 60 60 68 68 68 68 68 68 68 68 68 68 68 68 68 68 67 67 67 67 67 67 67 67 67 67 67 67 67 67 67 67 66 66 66 66 66 66 66 66 66 66 66 66 66 66 66 66 65 65 65 65 65 65 65 65 65 65 65 65 65 65 65 65 65 65 65 65 64 64 64 64 64 64 64 64 64 64 64 64 64 64 64 64 64 64 64 64 64 64 64 64 64 64 64 64 64 63 63 63 63 63 63 63 63 63 63 63 63 63 63 63 63 63 63 63 63 63 63 63 63 63 63 62 62 62 62 62 62 62 62 62 62 62 62 62 62 62 62 62 62 62 62 62 62 61 61 61 61 61 61 61 61 61 61 61 61 61 61 61 61 61 61 61 61 61 61 61 61 61 61 61 61 61 61 61 61 61 61 61 61 61 61 60 61 61 61 61 61 61 61 61 61 61 61 61 61 61 61 61 61 61 61 60 60 60 60 60 60 60 60 60 60 60 60 60 60 60 60 60 60 60 60 60 60 60 60 60 60 60 68 68 68 68 68 68 68 68 68 68 68 68 68 68 68 67 67 67 67 67 67 67 67 67 67 67 67 67 67 67 66 66 66 66 66 66 66 66 66 66 66 66 66 66 66 66 66 65 65 65 65 65 65 65 65 65 65 65 65 65 65 65 65 65 65 65 65 65 64 64 64 64 64 64 64 64 64 64 64 64 64 64 64 64 64 64 64 64 64 64 64 64 64 64 64 64 63 63 63 63 63 63 63 63 63 63 63 63 63 63 63 63 63 63 63 63 63 63 63 63 63 63 63 63 62 62 62 62 62 62 62 62 62 62 62 62 62 62 62 62 62 62 62 62 62 62 61 61 61 61 61 61 61 61 61 61 61 61 61 61 61 61 61 61 61 61 61 61 61 61 61 61 61 61 61 61 61 61 61 61 61 61 61 61 61 61 61 61 61 61 61 61 61 61 61 61 61 61 61 61 61 61 61 61 61 61 61 61 60 60 60 60 60 60 60 60 60 60 60 60 60 60 60 60 60 60 60 60 68 68 68 68 68 68 68 68 68 68 68 68 68 68 68 67 67 67 67 67 67 67 67 67 67 67 67 67 67 67 67 66 66 66 66 66 66 66 66 66 66 66 66 66 66 66 66 66 65 65 65 65 65 65 65 65 65 65 65 65 65 65 65 65 65 65 65 65 65 65 65 64 64 64 64 64 64 64 64 64 64 64 64 64 64 64 64 64 64 64 64 64 64 64 64 64 64 64 64 63 63 63 63 63 63 63 63 63 63 63 63 63 63 63 63 63 63 63 63 63 63 63 63 63 63 63 62 62 62 62 62 62 62 62 62 62 62 62 62 62 62 62 62 62 62 62 62 62 62 62 62 61 61 61 61 61 61 61 61 61 61 61 61 61 61 61 61 61 61 61 61 61 61 61 61 61 61 61 61 61 61 61 61 61 61 61 61 61 61 61 61 61 61 61 61 61 61 61 61 61 61 61 61 61 61 61 61 61 61 61 61 61 61 61 61 61 60 60 60 60 60 60 60 60 60 60 60 60 68 68 68 68 68 68 68 68 68 68 68 68 68 68 68 67 67 67 67 67 67 67 67 67 67 67 67 67 67 67 66 66 66 66 66 66 66 66 66 66 66 66 66 66 66 66 66 66 65 65 65 65 65 65 65 65 65 65 65 65 65 65 65 65 65 65 65 65 65 65 65 65 64 64 64 64 64 64 64 64 64 64 64 64 64 64 64 64 64 64 64 64 64 64 64 64 64 64 64 64 64 63 63 63 63 63 63 63 63 63 63 63 63 63 63 63 63 63 63 63 63 63 63 63 63 63 63 63 63 62 62 62 62 62 62 62 62 62 62 62 62 62 62 62 62 62 62 62 62 62 62 62 62 62 62 61 61 61 61 61 61 61 61 61 61 61 61 61 61 61 61 61 61 61 61 61 61 61 61 61 61 61 61 61 61 61 61 61 61 61 61 61 61 61 61 61 61 61 61 61 61 61 61 61 61 61 61 61 61 61 61 61 61 61 61 61 61 61 61 61 61 61 61 60 60 60 61 68 68 68 68 68 68 68 68 68 68 68 68 68 68 68 67 67 67 67 67 67 67 67 67 67 67 67 67 67 67 67 66 66 66 66 66 66 66 66 66 66 66 66 66 66 66 66 66 66 66 65 65 65 65 65 65 65 65 65 65 65 65 65 65 65 65 65 65 65 65 65 65 64 64 64 64 64 64 64 64 64 64 64 64 64 64 64 64 64 64 64 64 64 64 64 64 64 64 64 64 64 64 64 63 63 63 63 63 63 63 63 63 63 63 63 63 63 63 63 63 63 63 63 63 63 63 63 63 63 63 63 62 62 62 62 62 62 62 62 62 62 62 62 62 62 62 62 62 62 62 62 62 62 62 62 62 62 62 62 61 61 61 61 61 61 61 61 61 61 61 61 61 61 61 61 61 61 61 61 61 61 61 61 61 61 61 61 61 61 61 61 61 61 61 61 61 61 61 61 61 61 61 61 61 61 61 61 61 61 61 61 61 61 61 61 61 61 61 61 61 61 61 61 61 61 61 61 68 68 68 68 68 68 68 68 68 68 68 68 68 68 68 67 67 67 67 67 67 67 67 67 67 67 67 67 67 67 67 66 66 66 66 66 66 66 66 66 66 66 66 66 66 66 66 66 66 66 65 65 65 65 65 65 65 65 65 65 65 65 65 65 65 65 65 65 65 65 65 65 65 64 64 64 64 64 64 64 64 64 64 64 64 64 64 64 64 64 64 64 64 64 64 64 64 64 64 64 64 64 64 64 63 63 63 63 63 63 63 63 63 63 63 63 63 63 63 63 63 63 63 63 63 63 63 63 63 63 62 62 62 62 62 62 62 62 62 62 62 62 62 62 62 62 62 62 62 62 62 62 62 62 62 62 62 62 62 62 62 62 61 61 61 61 61 61 61 61 61 61 61 61 61 61 61 61 61 61 61 61 61 61 61 61 61 61 61 61 61 61 61 61 61 61 61 61 61 61 61 61 61 61 61 61 61 61 61 61 61 61 61 61 61 61 61 61 61 61 61 61 61 61 61 61 68 68 68 68 68 68 68 68 68 68 68 68 68 67 67 67 67 67 67 67 67 67 67 67 67 67 67 67 67 67 66 66 66 66 66 66 66 66 66 66 66 66 66 66 66 66 66 66 66 65 65 65 65 65 65 65 65 65 65 65 65 65 65 65 65 65 65 65 65 65 65 65 65 64 64 64 64 64 64 64 64 64 64 64 64 64 64 64 64 64 64 64 64 64 64 64 64 64 64 64 64 64 64 64 64 63 63 63 63 63 63 63 63 63 63 63 63 63 63 63 63 63 63 63 63 63 63 63 63 62 62 62 62 62 62 62 62 62 62 62 62 62 62 62 62 62 62 62 62 62 62 62 62 62 62 62 62 62 62 62 62 62 62 62 61 61 61 61 61 61 61 61 61 61 61 61 61 61 61 61 61 61 61 61 61 61 61 61 61 61 61 61 61 61 61 61 61 61 61 61 61 61 61 61 61 61 61 61 61 61 61 61 61 61 61 61 61 61 61 61 61 61 61 61 68 68 68 68 68 68 68 68 68 68 68 67 67 67 67 67 67 67 67 67 67 67 67 67 67 67 67 66 66 66 66 66 66 66 66 66 66 66 66 66 66 66 66 66 66 66 66 65 65 65 65 65 65 65 65 65 65 65 65 65 65 65 65 65 65 65 65 65 65 65 65 65 64 64 64 64 64 64 64 64 64 64 64 64 64 64 64 64 64 64 64 64 64 64 64 64 64 64 64 64 64 64 64 64 64 64 64 63 63 63 63 63 63 63 63 63 63 63 63 63 63 63 63 63 63 63 63 63 63 63 62 62 62 62 62 62 62 62 62 62 62 62 62 62 62 62 62 62 62 62 62 62 62 62 62 62 62 62 62 62 62 62 62 62 62 61 61 61 61 61 61 61 61 61 61 62 62 62 62 62 62 61 61 61 61 61 61 61 61 61 61 61 61 61 61 61 61 61 61 61 61 61 61 61 61 61 61 61 61 61 61 61 61 61 61 61 61 61 61 61 61 68 68 68 68 68 68 68 68 68 68 67 67 67 67 67 67 67 67 67 67 67 67 67 67 67 67 67 66 66 66 66 66 66 66 66 66 66 66 66 66 66 66 66 66 66 66 66 65 65 65 65 65 65 65 65 65 65 65 65 65 65 65 65 65 65 65 65 65 65 65 65 65 65 64 65 64 64 64 64 64 64 64 64 64 64 64 64 64 64 64 64 64 64 64 64 64 64 64 64 64 64 64 64 64 64 64 64 63 63 63 63 63 63 63 63 63 63 63 63 63 63 63 63 63 63 63 63 63 63 63 63 63 62 62 62 62 62 62 62 62 62 62 62 62 62 62 62 62 62 62 62 62 62 62 62 62 62 62 62 62 62 62 62 62 62 62 62 62 62 61 61 61 61 61 62 62 62 62 62 62 62 62 62 62 62 62 61 61 61 61 61 61 61 61 61 61 61 61 61 61 61 61 61 61 61 61 61 61 61 61 61 61 61 61 61 61 61 61 61 61 68 68 68 68 68 68 68 68 68 68 67 67 67 67 67 67 67 67 67 67 67 67 67 67 67 67 67 67 66 66 66 66 66 66 66 66 66 66 66 66 66 66 66 66 66 66 66 66 66 65 65 65 65 65 65 65 65 65 65 65 65 65 65 65 65 65 65 65 65 65 65 65 65 65 65 65 65 64 64 64 64 64 64 64 64 64 64 64 64 64 64 64 64 64 64 64 64 64 64 64 64 64 64 64 64 64 64 64 64 64 63 63 63 63 63 63 63 63 63 63 63 63 63 63 63 63 63 63 63 63 63 63 63 63 63 62 62 62 62 62 62 62 62 62 62 62 62 62 62 62 62 62 62 62 62 62 62 62 62 62 62 62 62 62 62 62 62 62 62 62 62 62 62 61 62 62 62 62 62 62 62 62 62 62 62 62 62 62 62 62 62 62 61 61 61 61 61 61 61 61 61 61 61 61 61 61 61 61 61 61 61 61 61 61 61 61 61 61 61 61 68 68 68 68 68 68 68 68 68 68 68 68 67 67 67 67 67 67 67 67 67 67 67 67 67 67 67 67 67 67 66 66 66 66 66 66 66 66 66 66 66 66 66 66 66 66 66 66 66 66 66 65 65 65 65 65 65 65 65 65 65 65 65 65 65 65 65 65 65 65 65 65 65 65 65 65 65 65 65 65 64 64 64 64 64 64 64 64 64 64 64 64 64 64 64 64 64 64 64 64 64 64 64 64 64 64 64 64 64 64 64 64 64 64 64 63 63 63 63 63 63 63 63 63 63 63 63 63 63 63 63 63 63 63 63 63 63 63 63 63 62 62 62 62 62 62 62 62 62 62 62 62 62 62 62 62 62 62 62 62 62 62 62 62 62 62 62 62 62 62 62 62 62 62 62 62 62 62 62 62 62 62 62 62 62 62 62 62 62 62 62 62 62 62 62 62 62 62 62 62 61 61 62 61 61 61 61 61 61 61 61 61 61 61 61 61 61 61 61 61 61 68 68 68 68 68 68 68 68 68 68 68 68 68 68 67 67 67 67 67 67 67 67 67 67 67 67 67 67 67 67 67 67 67 66 66 66 66 66 66 66 66 66 66 66 66 66 66 66 66 66 66 66 66 66 65 65 65 65 65 65 65 65 65 65 65 65 65 65 65 65 65 65 65 65 65 65 65 65 65 65 65 65 65 65 65 64 64 64 64 64 64 64 64 64 64 64 64 64 64 64 64 64 64 64 64 64 64 64 64 64 64 64 64 64 64 64 64 64 64 64 63 63 63 63 63 63 63 63 63 63 63 63 63 63 63 63 63 63 63 63 63 63 63 63 63 63 62 62 62 62 62 62 62 62 62 62 62 62 62 62 62 62 62 62 62 62 62 62 62 62 62 62 62 62 62 62 62 62 62 62 62 62 62 62 62 62 62 62 62 62 62 62 62 62 62 62 62 62 62 62 62 62 62 62 62 62 62 62 62 62 61 61 61 61 61 61 61 61 61 61 61 61 68 68 68 68 68 68 68 68 68 68 68 68 68 68 68 67 67 67 67 67 67 67 67 67 67 67 67 67 67 67 67 67 67 67 66 66 66 66 66 66 66 66 66 66 66 66 66 66 66 66 66 66 66 66 66 66 66 65 65 65 65 65 65 65 65 65 65 65 65 65 65 65 65 65 65 65 65 65 65 65 65 65 65 65 65 65 65 64 64 64 64 64 64 64 64 64 64 64 64 64 64 64 64 64 64 64 64 64 64 64 64 64 64 64 64 64 64 64 64 64 64 64 64 64 64 64 63 63 63 63 63 63 63 63 63 63 63 63 63 63 63 63 63 63 63 63 63 63 63 63 63 63 62 62 62 62 62 62 62 62 62 62 62 62 62 62 62 62 62 62 62 62 62 62 62 62 62 62 62 62 62 62 62 62 62 62 62 62 62 62 62 62 62 62 62 62 62 62 62 62 62 62 62 62 62 62 62 62 62 62 62 62 62 62 62 62 62 62 62 62 62 61 69 68 68 68 68 68 68 68 68 68 68 68 68 68 68 67 67 67 67 67 67 67 67 67 67 67 67 67 67 67 67 67 67 67 67 66 66 66 66 66 66 66 66 66 66 66 66 66 66 66 66 66 66 66 66 66 66 66 65 65 65 65 65 65 65 65 65 65 65 65 65 65 65 65 65 65 65 65 65 65 65 65 65 65 65 65 65 65 65 65 65 65 64 64 64 64 64 64 64 64 64 64 64 64 64 64 64 64 64 64 64 64 64 64 64 64 64 64 64 64 64 64 64 64 64 64 64 64 63 63 63 63 63 63 63 63 63 63 63 63 63 63 63 63 63 63 63 63 63 63 63 63 63 63 62 63 62 62 62 62 62 62 62 62 62 62 62 62 62 62 62 62 62 62 62 62 62 62 62 62 62 62 62 62 62 62 62 62 62 62 62 62 62 62 62 62 62 62 62 62 62 62 62 62 62 62 62 62 62 62 62 62 62 62 62 62 62 62 62 62 62 62 69 69 69 69 68 68 68 68 68 68 68 68 68 68 68 68 68 68 67 67 67 67 67 67 67 67 67 67 67 67 67 67 67 67 67 67 67 67 67 66 66 66 66 66 66 66 66 66 66 66 66 66 66 66 66 66 66 66 66 66 66 66 65 65 65 65 65 65 65 65 65 65 65 65 65 65 65 65 65 65 65 65 65 65 65 65 65 65 65 65 65 65 65 65 65 65 65 65 64 64 64 64 64 64 64 64 64 64 64 64 64 64 64 64 64 64 64 64 64 64 64 64 64 64 64 64 64 64 64 64 64 63 63 63 63 63 63 63 63 63 63 63 63 63 63 63 63 63 63 63 63 63 63 63 63 63 63 63 63 63 63 63 63 62 62 62 62 62 62 62 62 62 62 62 62 62 62 62 62 62 62 62 62 62 62 62 62 62 62 62 62 62 62 62 62 62 62 62 62 62 62 62 62 62 62 62 62 62 62 62 62 62 62 62 62 62 62 62 62 62 62 62 62 62 69 69 69 69 68 68 68 68 68 68 68 68 68 68 68 68 68 68 68 67 67 67 67 67 67 67 67 67 67 67 67 67 67 67 67 67 67 67 67 66 66 66 66 66 66 66 66 66 66 66 66 66 66 66 66 66 66 66 66 66 66 66 66 66 65 65 65 65 65 65 65 65 65 65 65 65 65 65 65 65 65 65 65 65 65 65 65 65 65 65 65 65 65 65 65 65 65 65 65 65 65 64 64 64 64 64 64 64 64 64 64 64 64 64 64 64 64 64 64 64 64 64 64 64 64 64 64 64 64 64 64 63 63 63 63 63 63 63 63 63 63 63 63 63 63 63 63 63 63 63 63 63 63 63 63 63 63 63 63 63 63 63 63 63 63 63 63 62 62 62 62 62 62 62 62 62 62 62 62 62 62 62 62 62 62 62 62 62 62 62 62 62 62 62 62 62 62 62 62 62 62 62 62 62 62 62 62 62 62 62 62 62 62 62 62 62 62 62 62 62 62 62 62 69 69 69 69 68 68 68 68 68 68 68 68 68 68 68 68 68 68 68 67 67 67 67 67 67 67 67 67 67 67 67 67 67 67 67 67 67 67 67 67 66 66 66 66 66 66 66 66 66 66 66 66 66 66 66 66 66 66 66 66 66 66 66 66 66 66 65 65 65 65 65 65 65 65 65 65 65 65 65 65 65 65 65 65 65 65 65 65 65 65 65 65 65 65 65 65 65 65 65 65 65 65 65 65 65 64 64 64 64 64 64 64 64 64 64 64 64 64 64 64 64 64 64 64 64 64 64 64 64 64 64 64 64 64 64 63 63 63 63 63 63 63 63 63 63 63 63 63 63 63 63 63 63 63 63 63 63 63 63 63 63 63 63 63 63 63 63 63 63 63 62 62 62 62 62 62 62 62 62 62 62 63 63 63 63 62 62 62 62 62 62 62 62 62 62 62 62 62 62 62 62 62 62 62 62 62 62 62 62 62 62 62 62 62 62 62 62 62 62 62 62 62 62 69 69 69 68 68 68 68 68 68 68 68 68 68 68 68 68 68 68 67 67 67 67 67 67 67 67 67 67 67 67 67 67 67 67 67 67 67 67 67 66 66 66 66 66 66 66 66 66 66 66 66 66 66 66 66 66 66 66 66 66 66 66 66 66 66 66 65 65 65 65 65 65 65 65 65 65 65 65 65 65 65 65 65 65 65 65 65 65 65 65 65 65 65 65 65 65 65 65 65 65 65 65 65 65 65 65 65 65 65 64 64 64 64 64 64 64 64 64 64 64 64 64 64 64 64 64 64 64 64 64 64 64 64 64 64 64 63 63 63 63 63 63 63 63 63 63 63 63 63 63 63 63 63 63 63 63 63 63 63 63 63 63 63 63 63 63 63 63 63 63 63 63 63 63 62 62 62 62 62 62 63 63 63 63 63 63 63 63 63 63 62 62 62 62 62 62 62 62 62 62 62 62 62 62 62 62 62 62 62 62 62 62 62 62 62 62 62 62 62 62 62 62 69 69 69 69 69 68 68 68 68 68 68 68 68 68 68 68 68 68 68 68 67 67 67 67 67 67 67 67 67 67 67 67 67 67 67 67 67 67 67 67 67 67 66 66 66 66 66 66 66 66 66 66 66 66 66 66 66 66 66 66 66 66 66 66 66 66 66 66 66 66 65 65 65 65 65 65 65 65 65 65 65 65 65 65 65 65 65 65 65 65 65 65 65 65 65 65 65 65 65 65 65 65 65 65 65 65 65 65 65 65 65 65 65 65 64 64 64 64 64 64 64 64 64 64 64 64 64 64 64 64 64 64 64 64 64 64 64 64 64 64 64 64 63 63 63 63 63 63 63 63 63 63 63 63 63 63 63 63 63 63 63 63 63 63 63 63 63 63 63 63 63 63 63 63 63 63 63 63 63 63 62 62 63 63 63 63 63 63 63 63 63 63 63 63 63 63 63 63 62 62 62 62 62 62 62 62 62 62 62 62 62 62 62 62 62 62 62 62 62 62 62 62 62 62 62 69 69 69 69 69 68 68 68 68 68 68 68 68 68 68 68 68 68 68 68 68 67 67 67 67 67 67 67 67 67 67 67 67 67 67 67 67 67 67 67 67 67 67 67 66 66 66 66 66 66 66 66 66 66 66 66 66 66 66 66 66 66 66 66 66 66 66 66 66 66 66 66 66 65 65 65 65 65 65 65 65 65 65 65 65 65 65 65 65 65 65 65 65 65 65 65 65 65 65 65 65 65 65 65 65 65 65 65 65 65 65 65 65 65 65 65 65 65 64 64 64 64 64 64 64 64 64 64 64 64 64 64 64 64 64 64 64 64 64 64 64 64 64 64 64 64 63 63 63 63 63 63 63 63 63 63 63 63 63 63 63 63 63 63 63 63 63 63 63 63 63 63 63 63 63 63 63 63 63 63 63 63 63 63 63 63 63 63 63 63 63 63 63 63 63 63 63 63 63 63 63 63 63 63 63 62 62 62 62 62 62 62 62 62 62 62 62 62 62 62 62 62 62 62 62 62 62 62 62 69 69 69 69 69 68 68 68 68 68 68 68 68 68 68 68 68 68 68 68 67 67 67 67 67 67 67 67 67 67 67 67 67 67 67 67 67 67 67 67 67 67 67 67 66 66 66 66 66 66 66 66 66 66 66 66 66 66 66 66 66 66 66 66 66 66 66 66 66 66 66 66 66 66 66 65 65 65 65 65 65 65 65 65 65 65 65 65 65 65 65 65 65 65 65 65 65 65 65 65 65 65 65 65 65 65 65 65 65 65 65 65 65 65 65 65 65 65 65 65 65 65 64 64 64 64 64 64 64 64 64 64 64 64 64 64 64 64 64 64 64 64 64 64 64 64 64 64 64 64 63 63 63 63 63 63 63 63 63 63 63 63 63 63 63 63 63 63 63 63 63 63 63 63 63 63 63 63 63 63 63 63 63 63 63 63 63 63 63 63 63 63 63 63 63 63 63 63 63 63 63 63 63 63 63 63 63 63 63 63 63 63 62 62 62 62 62 62 62 62 62 62 62 62 62 62 62 62 62 62 69 69 69 69 69 68 68 68 68 68 68 68 68 68 68 68 68 68 68 68 67 67 67 67 67 67 67 67 67 67 67 67 67 67 67 67 67 67 67 67 67 67 67 67 67 66 66 66 66 66 66 66 66 66 66 66 66 66 66 66 66 66 66 66 66 66 66 66 66 66 66 66 66 66 66 66 65 65 65 65 65 65 65 65 65 65 65 65 65 65 65 65 65 65 65 65 65 65 65 65 65 65 65 65 65 65 65 65 65 65 65 65 65 65 65 65 65 65 65 65 65 65 65 65 65 65 64 64 64 64 64 64 64 64 64 64 64 64 64 64 64 64 64 64 64 64 64 64 64 64 64 64 64 64 64 63 63 63 63 63 63 63 63 63 63 63 63 63 63 63 63 63 63 63 63 63 63 63 63 63 63 63 63 63 63 63 63 63 63 63 63 63 63 63 63 63 63 63 63 63 63 63 63 63 63 63 63 63 63 63 63 63 63 63 63 63 63 63 63 62 62 62 62 62 62 62 62 62 62 62 62 69 69 68 68 68 68 68 68 68 68 68 68 68 68 68 67 67 67 67 67 67 67 67 67 67 67 67 67 67 67 67 67 67 67 67 67 67 67 67 67 66 66 66 66 66 66 66 66 66 66 66 66 66 66 66 66 66 66 66 66 66 66 66 66 66 66 66 66 66 66 66 66 66 66 65 65 65 65 65 65 65 65 65 65 65 65 65 65 65 65 65 65 65 65 65 65 65 65 65 65 65 65 65 65 65 65 65 65 65 65 65 65 65 65 65 65 65 65 65 65 65 65 65 65 64 64 64 64 64 64 64 64 64 64 64 64 64 64 64 64 64 64 64 64 64 64 64 64 64 64 64 64 64 63 63 63 63 63 63 63 63 63 63 63 63 63 63 63 63 63 63 63 63 63 63 63 63 63 63 63 63 63 63 63 63 63 63 63 63 63 63 63 63 63 63 63 63 63 63 63 63 63 63 63 63 63 63 63 63 63 63 63 63 63 63 63 63 63 63 63 63 63 63 63 63 62 62 68 68 68 68 68 68 68 68 68 67 67 67 67 67 67 67 67 67 67 67 67 67 67 67 67 67 67 67 67 67 67 67 67 67 67 67 67 67 66 66 66 66 66 66 66 66 66 66 66 66 66 66 66 66 66 66 66 66 66 66 66 66 66 66 66 66 66 66 66 66 66 66 66 66 65 65 65 65 65 65 65 65 65 65 65 65 65 65 65 65 65 65 65 65 65 65 65 65 65 65 65 65 65 65 65 65 65 65 65 65 65 65 65 65 65 65 65 65 65 65 65 65 65 65 64 64 64 64 64 64 64 64 64 64 64 64 64 64 64 64 64 64 64 64 64 64 64 64 64 64 64 64 64 63 63 63 63 63 63 63 63 63 63 63 63 63 63 63 63 63 63 63 63 63 63 63 63 63 63 63 63 63 63 63 63 63 63 63 63 63 63 63 63 63 63 63 63 63 63 63 63 63 63 63 63 63 63 63 63 63 63 63 63 63 63 63 63 63 63 63 63 63 63 63 68 68 68 68 68 67 67 67 67 67 67 67 67 67 67 67 67 67 67 67 67 67 67 67 67 67 67 67 67 67 67 67 67 67 66 66 66 66 66 66 66 66 66 66 66 66 66 66 66 66 66 66 66 66 66 66 66 66 66 66 66 66 66 66 66 66 66 66 66 66 66 65 65 65 65 65 65 65 65 65 65 65 65 65 65 65 65 65 65 65 65 65 65 65 65 65 65 65 65 65 65 65 65 65 65 65 65 65 65 65 65 65 65 65 65 65 65 65 65 65 65 64 64 64 64 64 64 64 64 64 64 64 64 64 64 64 64 64 64 64 64 64 64 64 64 64 64 64 64 64 64 64 64 63 63 63 63 63 63 63 63 63 63 63 63 63 63 63 63 63 63 63 63 63 63 63 63 63 63 63 63 63 63 63 63 63 63 63 63 63 63 63 63 63 63 63 63 63 63 63 63 63 63 63 63 63 63 63 63 63 63 63 63 63 63 63 63 63 63 63 63 67 67 67 67 67 67 67 67 67 67 67 67 67 67 67 67 67 67 67 67 67 67 67 67 66 66 66 66 66 66 66 66 66 66 66 66 66 66 66 66 66 66 66 66 66 66 66 66 66 66 66 66 66 66 66 66 66 66 66 66 66 66 66 65 65 65 65 65 65 65 65 65 65 65 65 65 65 65 65 65 65 65 65 65 65 65 65 65 65 65 65 65 65 65 65 65 65 65 65 65 65 65 65 65 65 65 65 65 65 65 65 64 64 64 64 64 64 64 64 64 64 64 64 64 64 64 64 64 64 64 64 64 64 64 64 64 64 64 64 64 64 64 64 64 64 64 64 63 63 63 63 63 63 63 63 63 63 63 63 63 63 63 64 63 63 63 63 63 63 63 63 63 63 63 63 63 63 63 63 63 63 63 63 63 63 63 63 63 63 63 63 63 63 63 63 63 63 63 63 63 63 63 63 63 63 63 63 63 63 63 67 67 67 67 67 67 67 67 67 67 67 67 67 67 67 67 67 67 67 67 67 67 67 66 66 66 66 66 66 66 66 66 66 66 66 66 66 66 66 66 66 66 66 66 66 66 66 66 66 66 66 66 66 66 66 66 66 66 66 66 66 66 66 66 66 66 66 65 65 65 65 65 65 65 65 65 65 65 65 65 65 65 65 65 65 65 65 65 65 65 65 65 65 65 65 65 65 65 65 65 65 65 65 65 65 65 65 65 65 65 65 65 65 64 64 64 64 64 64 64 64 64 64 64 64 64 64 64 64 64 64 64 64 64 64 64 64 64 64 64 64 64 64 64 64 64 64 64 64 63 63 63 63 63 63 63 63 63 63 64 64 64 64 64 63 63 63 63 63 63 63 63 63 63 63 63 63 63 63 63 63 63 63 63 63 63 63 63 63 63 63 63 63 63 63 63 63 63 63 63 63 63 63 63 63 63 63 67 67 67 67 67 67 67 67 67 67 67 67 67 67 67 67 67 67 67 67 67 67 66 66 66 66 66 66 66 66 66 66 66 66 66 66 66 66 66 66 66 66 66 66 66 66 66 66 66 66 66 66 66 66 66 66 66 66 66 66 66 66 66 66 66 66 66 66 66 66 66 66 66 65 65 65 65 65 65 65 65 65 65 65 65 65 65 65 65 65 65 65 65 65 65 65 65 65 65 65 65 65 65 65 65 65 65 65 65 65 65 65 64 65 64 64 64 64 64 64 64 64 64 64 64 64 64 64 64 64 64 64 64 64 64 64 64 64 64 64 64 64 64 64 64 64 64 64 64 64 64 63 63 63 63 63 63 63 64 64 64 64 64 64 64 64 64 64 63 63 63 63 63 63 63 63 63 63 63 63 63 63 63 63 63 63 63 63 63 63 63 63 63 63 63 63 63 63 63 63 63 63 63 63 67 67 67 67 67 67 67 67 67 67 67 67 67 67 67 67 67 67 67 67 67 67 66 66 66 66 66 66 66 66 66 66 66 66 66 66 66 66 66 66 66 66 66 66 66 66 66 66 66 66 66 66 66 66 66 66 66 66 66 66 66 66 66 66 66 66 66 66 66 66 66 66 66 66 66 66 66 66 66 66 66 65 65 65 65 65 65 65 65 65 65 65 65 65 65 65 65 65 65 65 65 65 65 65 65 65 65 65 65 65 65 65 65 65 65 65 65 64 65 64 64 64 64 64 64 64 64 64 64 64 64 64 64 64 64 64 64 64 64 64 64 64 64 64 64 64 64 64 64 64 64 64 64 64 64 63 63 63 64 64 64 64 64 64 64 64 64 64 64 64 64 64 64 64 63 63 63 63 63 63 63 63 63 63 63 63 63 63 63 63 63 63 63 63 63 63 63 63 63 63 63 63 67 67 67 67 67 67 67 67 67 67 67 67 67 67 67 67 67 67 67 67 67 67 66 66 66 66 66 66 66 66 66 66 66 66 66 66 66 66 66 66 66 66 66 66 66 66 66 66 66 66 66 66 66 66 66 66 66 66 66 66 66 66 66 66 66 66 66 66 66 66 66 66 66 66 66 66 66 66 66 66 66 66 66 66 66 66 66 66 65 65 65 65 65 65 65 65 65 65 65 65 65 65 65 65 65 65 65 65 65 65 65 65 65 65 65 65 65 65 65 65 64 64 64 64 64 64 64 64 64 64 64 64 64 64 64 64 64 64 64 64 64 64 64 64 64 64 64 64 64 64 64 64 64 64 64 64 64 64 64 64 64 64 64 64 64 64 64 64 64 64 64 64 64 64 64 64 64 64 64 64 63 63 63 63 63 63 63 63 63 63 63 63 63 63 63 63 63 63 63 63 63 68 68 68 67 67 67 67 67 67 67 67 67 67 67 67 67 67 67 67 67 67 67 67 67 67 67 67 67 67 67 66 66 66 66 66 66 66 66 66 66 66 66 66 66 66 66 66 66 66 66 66 66 66 66 66 66 66 66 66 66 66 66 66 66 66 66 66 66 66 66 66 66 66 66 66 66 66 66 66 66 66 66 66 66 66 66 66 66 66 66 66 66 66 66 66 66 66 66 66 66 66 66 66 65 65 65 65 65 65 65 65 65 65 65 65 65 65 65 65 65 65 65 65 65 65 65 65 65 65 65 65 64 64 64 64 64 64 64 64 64 64 64 64 64 64 64 64 64 64 64 64 64 64 64 64 64 64 64 64 64 64 64 64 64 64 64 64 64 64 64 64 64 64 64 64 64 64 64 64 64 64 64 64 64 64 64 64 64 64 64 64 64 64 64 64 63 63 63 63 63 63 63 63 63 63 63 63 63 63 68 68 68 67 67 67 67 67 67 67 67 67 67 67 67 67 67 67 67 67 67 67 67 67 67 67 67 67 67 67 67 67 67 67 67 67 66 66 66 66 66 66 66 66 66 66 66 66 66 66 66 66 66 66 66 66 66 66 66 66 66 66 66 66 66 66 66 66 66 66 66 66 66 66 66 66 66 66 66 66 66 66 66 66 66 66 66 66 66 66 66 66 66 66 66 66 66 66 66 66 66 66 66 66 66 66 66 66 66 66 65 65 65 65 65 65 65 65 65 65 65 65 65 65 65 65 65 65 65 65 65 65 65 65 65 65 65 65 65 64 64 64 64 64 64 64 64 64 64 64 64 64 64 64 64 64 64 64 64 64 64 64 64 64 64 64 64 64 64 64 64 64 64 64 64 64 64 64 64 64 64 64 64 64 64 64 64 64 64 64 64 64 64 64 64 64 64 64 64 64 64 64 64 64 64 64 64 64 63 63 63 63 63 63 63 63 63 63 63 63 63 68 68 67 67 67 67 67 67 67 67 67 67 67 67 67 67 67 67 67 67 67 67 67 67 67 67 67 67 67 67 67 67 67 67 67 66 66 66 66 66 66 66 66 66 66 66 66 66 66 66 66 66 66 66 66 66 66 66 66 66 66 66 66 66 66 66 66 66 66 66 66 66 66 66 66 66 66 66 66 66 66 66 66 66 66 66 66 66 66 66 66 66 66 66 66 66 66 66 66 66 66 66 66 66 66 66 66 66 66 66 66 66 66 65 65 65 65 65 65 65 65 65 65 65 65 65 65 65 65 65 65 65 65 65 65 65 65 65 65 65 65 65 64 64 64 64 64 64 64 64 64 64 64 64 64 64 64 64 64 64 64 64 64 64 64 64 64 64 64 64 64 64 64 64 64 64 64 64 64 64 64 64 64 64 64 64 64 64 64 64 64 64 64 64 64 64 64 64 64 64 64 64 64 64 64 64 64 64 64 64 64 64 64 64 64 64 63 63 63 63 63 64 64 68 67 67 67 67 67 67 67 67 67 67 67 67 67 67 67 67 67 67 67 67 67 67 67 67 67 67 67 67 67 67 67 67 67 67 66 66 66 66 66 66 66 66 66 66 66 66 66 66 66 66 66 66 66 66 66 66 66 66 66 66 66 66 66 66 66 66 66 66 66 66 66 66 66 66 66 66 66 66 66 66 66 66 66 66 66 66 66 66 66 66 66 66 66 66 66 66 66 66 66 66 66 66 66 66 66 66 66 66 66 66 66 66 66 66 66 65 65 65 65 65 65 65 65 65 65 65 65 65 65 65 65 65 65 65 65 65 65 65 65 65 65 65 65 65 64 64 64 64 64 64 64 64 64 64 64 64 64 64 64 64 64 64 64 64 64 64 64 64 64 64 64 64 64 64 64 64 64 64 64 64 64 64 64 64 64 64 64 64 64 64 64 64 64 64 64 64 64 64 64 64 64 64 64 64 64 64 64 64 64 64 64 64 64 64 64 64 64 64 64 64 64 64 64 64 68 68 67 67 67 67 67 67 67 67 67 67 67 67 67 67 67 67 67 67 67 67 67 67 67 67 67 67 67 67 67 67 67 67 67 67 66 66 66 66 66 66 66 66 66 66 66 66 66 66 66 66 66 66 66 66 66 66 66 66 66 66 66 66 66 66 66 66 66 66 66 66 66 66 66 66 66 66 66 66 66 66 66 66 66 66 66 66 66 66 66 66 66 66 66 66 66 66 66 66 66 66 66 66 66 66 66 66 66 66 66 66 66 66 66 66 66 66 66 66 66 65 65 65 65 65 65 65 65 65 65 65 65 65 65 65 65 65 65 65 65 65 65 65 65 65 65 65 65 65 65 64 64 64 64 64 64 64 64 64 64 64 64 64 64 64 64 64 64 64 64 64 64 64 64 64 64 64 64 64 64 64 64 64 64 64 64 64 64 64 64 64 64 64 64 64 64 64 64 64 64 64 64 64 64 64 64 64 64 64 64 64 64 64 64 64 64 64 64 64 64 64 64 64 64 64 64 67 67 67 67 67 67 67 67 67 67 67 67 67 67 67 67 67 67 67 67 67 67 67 67 67 67 67 67 67 67 67 67 67 67 67 66 66 66 66 66 66 66 66 66 66 66 66 66 66 66 66 66 66 66 66 66 66 66 66 66 66 66 66 66 66 66 66 66 66 66 66 66 66 66 66 66 66 66 66 66 66 66 66 66 66 66 66 66 66 66 66 66 66 66 66 66 66 66 66 66 66 66 66 66 66 66 66 66 66 66 66 66 66 66 66 66 66 66 66 66 66 65 65 65 65 65 65 65 65 65 65 65 65 65 65 65 65 65 65 65 65 65 65 65 65 65 65 65 65 65 65 64 64 64 64 64 64 64 64 64 64 64 64 64 64 64 64 64 64 64 64 64 64 64 64 64 64 64 64 64 64 64 64 64 64 64 64 64 64 64 64 64 64 64 64 64 64 64 64 64 64 64 64 64 64 64 64 64 64 64 64 64 64 64 64 64 64 64 64 64 64 64 64 64 64 64 64 67 67 67 67 67 67 67 67 67 67 67 67 67 67 67 67 67 67 67 67 67 67 67 67 67 67 67 67 67 67 67 67 67 66 66 66 66 66 66 66 66 66 66 66 66 66 66 66 66 66 66 66 66 66 66 66 66 66 66 66 66 66 66 66 66 66 66 66 66 66 66 66 66 66 66 66 66 66 66 66 66 66 66 66 66 66 66 66 66 66 66 66 66 66 66 66 66 66 66 66 66 66 66 66 66 66 66 66 66 66 66 66 66 66 66 66 66 66 66 66 65 65 65 65 65 65 65 65 65 65 65 65 65 65 65 65 65 65 65 65 65 65 65 65 65 65 65 65 65 65 65 65 65 64 64 64 64 64 64 64 64 64 64 64 64 64 64 64 64 64 65 64 64 64 64 64 64 64 64 64 64 64 64 64 64 64 64 64 64 64 64 64 64 64 64 64 64 64 64 64 64 64 64 64 64 64 64 64 64 64 64 64 64 64 64 64 64 64 64 64 64 64 64 64 64 67 67 67 67 67 67 67 67 67 67 67 67 67 67 67 67 67 67 67 67 67 67 67 67 67 67 67 67 67 66 66 66 66 66 66 66 66 66 66 66 66 66 66 66 66 66 66 66 66 66 66 66 66 66 66 66 66 66 66 66 66 66 66 66 66 66 66 66 66 66 66 66 66 66 66 66 66 66 66 66 66 66 66 66 66 66 66 66 66 66 66 66 66 66 66 66 66 66 66 66 66 66 66 66 66 66 66 66 66 66 66 66 66 66 66 66 66 66 66 66 65 65 65 65 65 65 65 65 65 65 65 65 65 65 65 65 65 65 65 65 65 65 65 65 65 65 65 65 65 65 65 65 65 65 65 64 65 64 64 64 64 64 64 64 64 64 64 64 65 65 65 65 65 65 64 64 64 64 64 64 64 64 64 64 64 64 64 64 64 64 64 64 64 64 64 64 64 64 64 64 64 64 64 64 64 64 64 64 64 64 64 64 64 64 64 64 64 64 65 64 64 64 67 67 67 67 67 67 67 67 67 67 67 67 67 67 67 67 67 67 67 67 67 67 67 67 67 67 67 66 66 66 66 66 66 66 66 66 66 66 66 66 66 66 66 66 66 66 66 66 66 66 66 66 66 66 66 66 66 66 66 66 66 66 66 66 66 66 66 66 66 66 66 66 66 66 66 66 66 66 66 66 66 66 66 66 66 66 66 66 66 66 66 66 66 66 66 66 66 66 66 66 66 66 66 66 66 66 66 66 66 66 66 66 66 66 66 66 66 66 66 66 66 66 65 65 65 65 65 65 65 65 65 65 65 65 65 65 65 65 65 65 65 65 65 65 65 65 65 65 65 65 65 65 65 65 65 65 65 65 65 64 64 64 64 64 64 64 64 65 65 65 65 65 65 65 65 65 65 65 64 64 64 64 64 64 64 64 64 64 64 64 64 64 64 64 64 64 64 64 64 64 64 64 64 64 64 64 64 64 64 64 64 64 64 64 64 64 64 65 65 65 65 65 65 65 67 67 67 67 67 67 67 67 67 67 67 67 67 67 67 67 67 67 67 67 67 67 67 66 66 66 66 66 66 66 66 66 66 66 66 66 66 66 66 66 66 66 66 66 66 66 66 66 66 66 66 66 66 66 66 66 66 66 66 66 66 66 66 66 66 66 66 66 66 66 66 66 66 66 66 66 66 66 66 66 66 66 66 66 66 66 66 66 66 66 66 66 66 66 66 66 66 66 66 66 66 66 66 66 66 66 66 66 66 66 66 66 66 66 66 66 66 66 66 66 65 65 65 65 65 65 65 65 65 65 65 65 65 65 65 65 65 65 65 65 65 65 65 65 65 65 65 65 65 64 64 64 64 64 64 64 64 64 64 64 64 64 64 64 64 64 65 65 65 65 65 65 65 65 64 64 64 64 64 64 64 64 64 64 64 64 64 64 64 64 64 64 64 64 64 64 64 64 64 64 64 64 64 64 64 64 64 64 64 64 64 64 64 64 64 64 65 65 65 65 65 65 65 65 65 65 65 67 67 67 67 67 67 67 67 67 67 67 67 67 67 67 67 67 67 67 67 67 67 67 67 67 66 66 66 66 66 66 66 66 66 66 66 66 66 66 66 66 66 66 66 66 66 66 66 66 66 66 66 66 66 66 66 66 66 66 66 66 66 66 66 66 66 66 66 66 66 66 66 66 66 66 66 66 66 66 66 66 66 66 66 66 66 66 66 66 66 66 66 66 66 66 66 66 66 66 66 66 66 66 66 66 66 66 66 66 66 66 66 66 66 66 66 66 66 66 66 66 66 66 65 65 65 65 65 65 65 65 65 65 65 65 65 65 65 65 65 65 65 65 65 65 65 65 65 65 65 65 65 65 65 65 64 64 64 64 64 64 64 64 64 64 64 64 65 65 65 65 65 65 65 65 65 65 65 65 65 64 64 64 64 64 64 64 64 64 64 64 64 64 64 64 64 64 64 64 64 64 64 64 64 64 64 64 64 64 64 64 64 64 64 64 64 64 65 65 65 65 65 65 65 65 65 65 65 67 67 67 67 67 67 67 67 67 67 67 67 67 67 67 67 67 67 67 67 66 66 66 67 67 67 67 67 67 67 66 66 66 66 66 66 66 66 66 66 66 66 66 66 66 66 66 66 66 66 66 66 66 66 66 66 66 66 66 66 66 66 66 66 66 66 66 66 66 66 66 66 66 66 66 66 66 66 66 66 66 66 66 66 66 66 66 66 66 66 66 66 66 66 66 66 66 66 66 66 66 66 66 66 66 66 66 66 66 66 66 66 66 66 66 66 66 66 66 66 66 66 66 66 66 66 66 66 66 66 66 65 65 65 65 65 65 65 65 65 65 65 65 65 65 65 65 65 65 65 65 65 65 65 65 65 65 65 65 65 65 65 65 65 65 64 64 64 64 64 64 64 64 65 65 65 65 65 65 65 65 65 65 65 65 65 65 65 65 65 65 65 65 64 64 64 64 64 64 64 64 64 64 64 64 64 64 64 64 64 64 64 64 64 64 64 64 64 64 64 64 64 64 65 65 65 65 65 65 65 65 65 65 65 65 67 67 67 67 67 67 67 67 67 67 67 67 67 67 67 67 67 67 67 67 66 66 66 66 67 67 67 67 67 66 66 66 66 66 66 66 66 66 66 66 66 66 66 66 66 66 66 66 66 66 66 66 66 66 66 66 66 66 66 66 66 66 66 66 66 66 66 66 66 66 66 66 66 66 66 66 66 66 66 66 66 66 66 66 66 66 66 66 66 66 66 66 66 66 66 66 66 66 67 67 67 67 67 67 67 66 66 66 66 66 66 66 66 66 66 66 66 66 66 66 66 66 66 66 66 66 66 66 66 66 66 66 66 65 65 65 65 65 65 65 65 65 65 65 65 65 65 65 65 65 65 65 65 65 65 65 65 65 65 65 65 65 65 65 65 65 65 65 65 65 64 64 64 64 65 65 65 65 65 65 65 65 65 65 65 65 65 65 65 65 65 65 65 65 65 65 65 65 65 65 65 65 64 64 64 64 64 64 64 64 64 64 64 64 64 64 64 64 64 64 64 64 64 64 65 65 65 65 65 65 65 65 65 65 65 65 67 67 67 67 67 67 67 67 67 67 67 67 67 67 67 67 67 66 66 66 66 66 66 66 67 66 67 66 66 66 66 66 66 66 66 66 66 66 66 66 66 66 66 66 66 66 66 66 66 66 66 66 66 66 66 66 66 66 66 66 66 66 66 66 66 66 66 66 66 66 66 66 66 66 66 66 66 66 66 66 66 66 66 66 66 66 66 66 66 66 66 66 67 67 67 67 67 67 67 67 67 67 67 67 67 67 67 67 67 67 66 66 66 66 66 66 66 66 66 66 66 66 66 66 66 66 66 66 66 66 66 66 66 66 66 66 65 65 65 65 65 65 65 65 65 65 65 65 65 65 65 65 65 65 65 65 65 65 65 65 65 65 65 65 65 65 65 65 65 65 65 64 65 64 65 65 65 65 65 65 65 65 65 65 65 65 65 65 65 65 65 65 65 65 65 65 65 65 65 65 65 65 65 65 65 64 64 64 64 64 64 64 64 64 64 64 64 64 64 64 64 64 64 64 65 65 65 65 65 65 65 65 65 65 65 65 65 65 67 67 67 67 67 67 67 67 67 67 67 67 67 66 66 66 66 66 66 66 66 66 66 66 66 66 66 66 66 66 66 66 66 66 66 66 66 66 66 66 66 66 66 66 66 66 66 66 66 66 66 66 66 66 66 66 66 66 66 66 66 66 66 66 66 66 66 66 66 66 66 66 66 66 66 66 66 66 66 66 66 66 66 66 66 66 66 66 67 67 67 67 67 67 67 67 67 67 67 67 67 67 67 67 67 67 67 67 67 67 67 67 66 66 66 66 66 66 66 66 66 66 66 66 66 66 66 66 66 66 66 66 66 66 66 66 66 65 65 65 65 65 65 65 65 65 65 65 65 65 65 65 65 65 65 65 65 65 65 65 65 65 65 65 65 65 65 65 65 65 65 65 65 65 65 65 65 65 65 65 65 65 65 65 65 65 65 65 65 65 65 65 65 65 65 65 65 65 65 65 65 65 65 65 65 65 65 65 65 65 65 65 65 65 65 65 65 65 65 64 64 64 64 65 65 65 65 65 65 65 65 65 65 65 65 65 65 65 67 67 67 67 67 67 67 67 67 66 66 66 66 66 66 66 66 66 66 66 66 66 66 66 66 66 66 66 66 66 66 66 66 66 66 66 66 66 66 66 66 66 66 66 66 66 66 66 66 66 66 66 66 66 66 66 66 66 66 66 66 66 66 66 66 66 66 66 66 66 66 66 66 66 66 66 66 66 66 66 66 66 66 66 67 67 67 67 67 67 67 67 67 67 67 67 67 67 67 67 67 67 67 67 67 67 67 67 67 67 67 66 66 66 66 66 66 66 66 66 66 66 66 66 66 66 66 66 66 66 66 66 66 66 66 66 66 65 65 65 65 65 65 65 65 65 65 65 65 65 65 65 65 65 65 65 65 65 65 65 65 65 65 65 65 65 65 65 65 65 65 65 65 65 65 65 65 65 65 65 65 65 65 65 65 65 65 65 65 65 65 65 65 65 65 65 65 65 65 65 65 65 65 65 65 65 65 65 65 65 65 65 65 65 65 65 65 65 65 65 65 66 66 66 66 66 66 65 65 65 65 65 65 65 65 65 65 65 66 66 66 66 66 66 66 66 66 66 66 66 66 66 66 66 66 66 66 66 66 66 66 66 66 66 66 66 66 66 66 66 66 66 66 66 66 66 66 66 66 66 66 66 66 66 66 66 66 66 66 66 66 66 66 66 66 66 66 66 66 66 66 66 66 66 66 66 66 66 66 66 66 66 66 66 66 66 66 66 66 67 67 67 67 67 67 67 67 67 67 67 67 67 67 67 67 67 67 67 67 67 67 67 67 67 67 67 67 67 67 66 66 66 66 66 66 66 66 66 66 66 66 66 66 66 66 66 66 66 66 66 66 66 66 66 66 65 65 65 65 65 65 65 65 65 65 65 65 65 65 65 65 65 65 65 65 65 65 65 65 65 65 65 65 65 65 65 65 65 65 65 65 65 65 65 65 65 65 65 65 65 65 65 65 65 65 65 65 65 65 65 65 65 65 65 65 65 65 65 65 65 65 65 65 65 65 65 65 65 65 65 65 65 65 65 65 65 65 66 66 66 66 66 66 66 66 66 66 66 66 66 66 66 66 66 66 66 66 66 66 66 66 66 66 66 66 66 66 66 66 66 66 66 66 66 66 66 66 66 66 66 66 66 66 66 66 66 66 66 66 66 66 66 66 66 66 66 66 66 66 66 66 66 66 66 66 66 66 66 66 66 66 66 66 66 66 66 66 66 66 66 66 66 66 66 66 66 66 66 66 66 66 66 66 66 67 67 67 67 67 67 67 67 67 67 67 67 67 67 67 67 67 67 67 67 67 67 67 67 67 67 67 67 67 67 67 67 66 66 66 66 66 66 66 66 66 66 66 66 66 66 66 66 66 66 66 66 66 66 66 66 66 66 65 65 65 65 65 65 65 65 65 65 65 65 65 65 65 65 65 65 65 65 65 65 65 65 65 65 65 65 65 65 65 65 65 65 65 65 65 65 65 65 65 65 65 65 65 65 65 65 65 65 65 65 65 65 65 65 65 65 65 65 65 65 65 65 65 65 65 65 65 65 65 65 65 65 65 65 65 65 65 65 65 66 66 66 66 66 66 66 66 66 66 66 66 66 66 66 66 66 66 66 66 66 66 66 66 66 66 66 66 66 66 66 66 66 66 66 66 66 66 66 66 66 66 66 66 66 66 66 66 66 66 66 66 66 66 66 66 66 66 66 66 66 66 66 66 66 66 66 66 66 66 66 66 66 66 66 66 66 66 66 66 66 66 66 66 66 66 66 66 67 67 67 67 67 67 67 67 67 67 67 67 67 67 67 67 67 67 67 67 67 67 67 67 67 67 67 67 67 67 67 67 67 67 66 66 66 66 66 66 66 66 66 66 66 66 66 66 66 66 66 66 66 66 66 66 66 66 66 66 66 65 65 65 65 65 65 65 65 65 65 65 65 65 65 65 65 65 65 65 65 65 65 65 65 65 65 65 65 65 65 65 65 65 65 65 65 65 65 65 65 65 65 65 65 65 65 65 65 65 65 65 65 65 65 65 65 65 65 65 65 65 65 65 65 65 65 65 65 65 65 65 65 65 65 65 65 65 65 65 66 66 66 66 66 66 66 66 66 66 66 66 66 66 66 66 66 66 66 66 66 66 66 66 66 66 66 66 66 66 66 66 66 66 66 66 66 66 66 66 66 66 66 66 66 66 66 66 66 66 66 66 66 66 66 66 66 66 66 66 66 66 66 66 66 66 66 66 66 66 66 66 66 66 66 66 66 66 66 66 66 66 66 66 66 66 66 66 67 67 67 67 67 67 67 67 67 67 67 67 67 67 67 67 67 67 67 67 67 67 67 67 67 67 67 67 67 67 67 67 67 67 67 67 66 66 66 66 66 66 66 66 66 66 66 66 66 66 66 66 66 66 66 66 66 66 66 66 66 66 66 66 66 66 65 65 65 65 65 65 65 65 65 65 65 65 65 65 65 65 65 65 65 65 65 65 65 65 65 65 65 65 65 65 65 65 65 65 65 65 65 65 65 65 65 65 65 65 65 65 65 65 65 65 65 65 65 65 65 65 65 65 65 65 65 65 65 65 65 65 65 65 65 65 65 65 65 65 65 66 66 66 66 66 66 66 66 66 66 66 66 66 66 66 66 66 66 66 66 66 66 66 66 66 66 66 66 66 66 66 66 66 66 66 66 66 66 66 66 66 66 66 66 66 66 66 66 66 66 66 66 66 66 66 66 66 66 66 66 66 66 66 66 66 66 66 66 66 66 66 66 66 66 66 66 66 66 66 66 66 66 66 66 66 66 66 66 66 66 66 67 67 67 67 67 67 67 67 67 67 67 67 67 67 67 67 67 67 67 67 67 67 67 67 67 67 67 67 67 67 67 67 67 67 67 67 67 66 66 66 66 66 66 66 66 66 66 66 66 66 66 66 66 66 66 66 66 66 66 66 66 66 66 66 66 66 66 65 65 65 65 65 65 65 65 65 65 65 65 65 65 65 65 65 65 65 65 65 65 65 65 65 65 65 65 65 65 65 65 65 65 65 65 65 65 65 65 65 65 65 65 65 65 65 65 65 65 65 65 65 65 65 65 65 65 65 65 65 65 65 65 65 65 65 65 65 65 65 65 65 65 66 66 66 66 66 66 66 66 66 66 66 66 66 66 66 66 66 66 66 66 66 66 66 66 66 66 66 66 66 66 66 66 66 66 66 66 66 66 66 66 66 66 66 66 66 66 66 66 66 66 66 66 66 66 66 66 66 66 66 66 66 66 66 66 66 66 66 66 66 66 66 66 66 66 66 66 66 66 66 66 66 66 66 66 66 66 66 66 66 66 66 66 66 66 66 66 66 67 67 67 67 67 67 67 67 67 67 67 67 67 67 67 67 67 67 67 67 67 67 67 67 67 67 67 67 67 67 67 67 67 67 67 67 67 67 66 66 66 66 66 66 66 66 66 66 66 66 66 66 66 66 66 66 66 66 66 66 66 66 66 65 66 65 66 65 65 65 65 65 65 65 65 65 65 65 65 65 65 65 65 65 65 65 65 65 65 65 65 66 66 66 66 66 66 66 66 66 66 66 66 65 65 65 65 65 65 65 65 65 65 65 65 65 65 65 65 65 65 65 65 65 65 65 65 65 65 65 65 65 65 65 65 65 65 65 65 65 65 66 66 66 66 66 66 66 66 66 66 66 66 66 66 66 66 66 66 66 66 66 66 66 66 66 66 66 66 66 66 66 66 66 66 66 66 66 66 66 66 66 66 66 66 66 66 66 66 66 66 66 66 66 66 66 66 66 66 66 66 66 66 66 66 66 66 66 66 66 66 66 66 66 66 66 66 66 66 66 66 66 66 66 66 66 66 66 66 66 66 66 66 66 66 66 66 66 66 66 66 66 67 67 67 67 67 67 67 67 67 67 67 67 67 67 67 67 67 67 67 67 67 67 67 67 67 67 67 67 67 67 67 67 67 67 67 67 67 67 67 66 66 66 66 66 66 66 66 66 66 66 66 66 66 66 66 66 66 66 66 66 66 66 65 65 65 65 65 65 65 65 65 65 65 65 65 65 65 65 65 65 65 65 65 65 65 65 65 65 65 65 65 66 66 66 66 66 66 66 66 66 66 66 66 66 66 66 66 66 66 66 66 65 65 65 65 65 65 65 65 65 65 65 65 65 65 65 65 65 65 65 65 65 65 65 65 65 65 65 65 65 65 66 66 66 66 66 66 66 66 66 66 66 66 66 66 66 66 66 66 66 66 66 66 66 66 66 66 66 66 66 66 66 66 66 66 66 66 66 66 66 66 66 66 66 66 66 66 66 66 66 66 66 66 66 66 66 66 66 66 66 66 66 66 66 66 66 66 66 66 66 66 66 66 66 66 66 66 66 66 66 66 66 66 66 66 66 66 66 66 66 66 66 66 66 66 66 66 66 66 66 66 66 66 66 66 67 67 67 67 67 67 67 67 67 67 67 67 67 67 67 67 67 67 67 67 67 67 67 67 67 67 67 67 67 67 67 67 67 67 67 67 67 67 67 67 66 66 66 66 66 66 66 66 66 66 66 66 66 66 66 66 66 66 66 66 66 66 66 66 66 65 65 65 65 65 65 65 65 65 65 65 66 65 65 65 65 65 65 65 65 65 65 65 65 65 65 66 66 66 66 66 66 66 66 66 66 66 66 66 66 66 66 66 66 66 66 66 66 66 66 66 65 65 65 65 65 65 65 65 65 65 65 65 65 65 65 65 65 65 65 65 65 65 65 65 65 66 66 66 66 66 66 66 66 66 66 66 66 66 66 66 66 66 66 66 66 66 66 66 66 66 66 66 66 66 66 66 66 66 66 66 66 66 66 66 66 66 66 66 65 65 65 65 66 66 66 66 66 66 66 66 66 66 66 66 66 66 66 66 66 66 66 66 66 66 66 66 66 66 66 66 66 66 66 66 66 66 66 66 66 66 66 66 66 66 66 66 66 66 66 66 66 66 66 66 66 66 66 66 66 66 66 66 66 67 67 67 67 67 67 67 67 67 67 67 67 67 67 67 67 67 67 67 67 67 67 67 67 67 67 67 67 67 67 67 67 67 67 67 67 67 67 67 66 66 66 66 66 66 66 66 66 66 66 66 66 66 66 66 66 66 66 66 66 66 66 66 66 66 66 66 65 65 65 65 65 65 66 66 66 66 66 66 65 65 65 65 65 65 65 65 65 65 65 66 66 66 66 66 66 66 66 66 66 66 66 66 66 66 66 66 66 66 66 66 66 66 66 66 66 65 66 66 66 66 66 66 66 66 66 66 66 66 66 66 66 66 66 66 66 66 65 65 65 66 66 66 66 66 66 66 66 66 66 66 66 66 66 66 66 66 66 66 66 66 66 66 66 66 66 66 66 66 66 66 66 66 66 66 66 66 66 66 66 66 66 66 65 65 66 66 66 66 66 66 66 66 66 66 66 66 66 66 66 66 66 66 66 66 66 66 66 66 66 66 66 66 66 66 66 66 66 66 66 66 66 66 66 66 66 66 66 66 66 66 66 66 66 66 66 66 66 66 66 66 66 66 66 66 67 67 67 67 67 67 67 67 67 67 67 67 67 67 67 67 67 67 67 67 67 67 67 67 67 67 67 67 67 67 67 67 67 67 67 67 67 67 66 67 66 66 66 66 66 66 66 66 66 66 66 66 66 66 66 66 66 66 66 66 66 66 66 66 66 66 66 66 66 66 65 65 65 65 66 66 66 66 66 66 66 65 65 65 65 65 65 65 65 65 66 66 66 66 66 66 66 66 66 66 66 66 66 66 66 66 66 66 66 66 66 66 66 66 66 66 66 66 66 66 66 66 66 66 66 66 66 66 66 66 66 66 66 66 66 66 66 66 66 66 67 67 67 67 67 67 67 67 67 67 66 66 66 66 66 67 67 66 66 66 66 66 66 66 66 66 66 66 66 66 66 66 66 66 66 66 66 66 66 66 66 66 66 66 65 66 66 66 66 66 66 66 66 66 66 66 66 66 66 66 66 66 66 66 66 66 66 66 66 66 66 66 66 66 66 66 66 66 66 66 66 66 66 66 66 66 66 66 66 66 66 66 66 66 66 66 66 66 66 66 66 66 66 66 66 67 67 67 67 67 67 67 67 67 67 67 67 67 67 67 67 67 67 67 67 67 67 67 67 67 67 67 67 67 67 67 67 67 67 67 67 67 66 66 66 66 66 66 66 66 66 66 66 66 66 66 66 66 66 66 66 66 66 66 66 66 66 66 66 66 66 66 66 66 66 65 65 65 65 66 66 66 66 66 66 66 65 65 65 65 65 65 65 66 66 66 66 66 66 66 66 66 66 66 66 66 66 66 66 66 66 66 66 66 66 66 66 66 66 66 66 66 66 66 66 66 66 66 66 66 66 66 66 66 66 66 66 66 66 66 66 66 66 67 67 67 67 67 67 67 67 67 67 67 67 67 67 67 67 67 67 67 67 67 67 67 67 67 67 67 67 67 67 67 66 66 66 66 66 66 66 66 66 66 66 66 66 66 65 65 65 66 66 66 66 66 66 66 66 66 66 66 66 66 66 66 66 66 66 66 66 66 66 66 66 66 66 66 66 66 66 66 66 66 66 66 66 66 66 66 66 66 66 66 66 66 66 66 66 66 66 66 66 66 66 66 67 67 67 67 67 67 67 67 67 67 67 67 67 67 67 67 67 67 67 67 67 67 67 67 67 67 67 67 67 67 67 67 67 67 67 67 66 66 66 66 66 66 66 66 66 66 66 66 66 66 66 66 66 66 66 66 66 66 66 66 66 66 66 66 66 66 66 66 66 66 66 65 65 65 66 66 66 66 66 66 66 66 66 66 66 65 65 65 66 66 66 66 66 66 66 66 66 66 66 66 66 66 66 66 66 66 66 66 66 66 66 66 66 66 66 66 66 66 66 66 66 66 66 66 66 66 66 66 66 66 66 66 66 66 66 66 66 66 67 67 67 67 67 67 67 67 67 67 67 67 67 67 67 67 67 67 67 67 67 67 67 67 67 67 67 67 67 67 67 67 67 67 67 67 67 67 67 67 67 67 67 67 67 65 65 65 65 65 65 65 65 65 65 65 65 65 66 66 66 66 66 66 66 66 66 66 66 66 66 66 66 66 66 66 66 66 66 66 66 66 66 66 66 66 66 66 66 66 66 66 66 66 66 66 66 66 66 66 66 67 67 67 67 67 67 67 67 67 67 67 67 67 67 67 67 67 67 67 67 67 67 67 67 67 67 67 67 67 67 67 67 67 67 67 67 67 66 66 66 66 66 66 66 66 66 66 66 66 66 66 66 66 66 66 66 66 66 66 66 66 66 66 66 66 66 66 66 66 66 66 65 65 65 66 66 66 66 66 66 66 66 66 66 66 66 66 66 66 66 66 66 66 66 66 66 66 66 66 66 66 66 66 66 66 66 66 66 66 66 66 66 66 66 66 66 66 66 66 66 66 66 66 66 66 66 66 66 66 66 66 66 66 66 66 66 66 67 67 67 67 67 67 67 67 67 67 67 67 67 67 67 67 67 67 67 67 67 67 67 67 67 67 67 67 67 67 67 67 67 67 67 67 67 67 67 67 67 67 67 67 67 67 65 65 65 65 65 65 65 65 65 65 65 65 65 65 66 66 66 66 66 66 66 66 66 66 66 66 66 66 66 66 66 66 66 66 66 66 66 66 66 66 66 66 66 66 66 66 66 66 66 66 66 66 66 66 67 67 67 67 67 67 67 67 67 67 67 67 67 67 67 67 67 67 67 66 67 66 66 67 67 67 67 67 67 67 67 67 67 67 67 66 66 66 66 66 66 66 66 66 66 66 66 66 66 66 66 66 66 66 66 66 66 66 66 66 66 66 66 66 66 66 66 66 66 66 66 65 65 66 66 66 66 66 66 66 66 66 66 66 66 66 66 66 66 66 66 66 66 66 66 66 66 66 66 66 66 66 66 66 66 66 66 66 66 66 66 66 66 66 66 66 66 66 66 66 66 66 66 66 66 66 66 66 66 66 66 66 66 66 66 66 67 67 67 67 67 67 67 67 67 67 67 67 67 67 67 67 67 67 67 67 67 67 67 67 67 67 67 67 67 67 67 67 67 67 67 67 67 67 67 67 67 67 67 67 67 67 67 67 67 65 65 65 65 65 65 65 65 65 65 65 65 65 65 65 65 65 65 65 65 65 65 65 65 65 65 65 66 66 66 66 66 66 66 66 66 66 66 66 66 66 66 66 66 66 66 66 66 66 66 66 66 66 67 67 67 67 67 67 67 67 67 67 67 67 67 67 67 66 66 66 66 66 66 66 67 67 67 67 67 67 67 67 67 67 66 66 66 66 66 66 66 66 66 66 66 66 66 66 66 66 66 66 66 66 66 66 66 66 66 66 66 66 66 66 66 66 66 66 66 66 66 65 66 66 66 66 66 66 66 66 66 66 66 66 66 66 66 66 66 66 66 66 66 66 66 66 66 66 66 66 66 66 66 66 66 66 66 66 66 66 66 66 66 66 66 66 66 66 66 66 66 66 66 66 66 66 66 66 66 66 66 66 66 66 66 67 67 67 67 67 67 67 67 67 67 67 67 67 67 67 67 67 67 67 67 67 67 67 67 67 67 67 67 67 67 67 67 67 67 67 67 67 67 67 67 67 67 67 67 67 67 67 67 67 67 66 66 66 66 66 66 65 65 65 65 65 65 66 66 66 65 65 65 65 66 66 66 66 66 66 66 66 66 66 66 66 66 66 66 66 66 66 66 66 66 66 66 66 66 66 66 66 67 67 66 67 66 66 66 66 66 66 66 66 66 66 66 66 66 66 66 67 67 67 67 67 67 67 67 66 66 66 66 66 66 66 66 66 66 66 66 66 66 66 66 66 66 66 66 66 66 66 66 66 66 66 66 66 66 66 66 66 66 66 66 66 66 66 66 66 66 66 66 66 66 66 66 66 66 66 66 66 66 66 66 66 66 66 66 66 66 66 66 66 66 66 66 66 66 66 66 66 66 66 66 66 66 66 66 66 66 66 66 66 66 66 66 66 66 66 66 66 66 66 66 66 66 66 66 66 67 67 67 67 67 67 67 67 67 67 67 67 67 67 67 67 67 67 67 67 67 67 67 67 67 67 67 67 67 67 67 67 67 67 67 67 67 67 67 67 67 67 67 67 67 67 67 67 67 67 67 67 67 67 67 67 67 67 67 67 67 67 65 65 65 65 65 66 66 66 66 66 66 65 65 66 65 65 66 66 66 66 66 66 66 66 66 66 66 66 66 66 66 66 66 66 66 66 66 66 66 66 66 66 66 66 66 66 66 66 66 66 66 66 66 66 66 66 66 66 66 66 66 66 67 67 67 67 67 67 66 66 66 66 66 66 66 66 66 66 66 66 66 66 66 66 66 66 66 66 66 66 66 66 66 66 66 66 66 66 66 66 66 66 66 66 66 66 66 66 66 66 66 66 66 66 66 66 66 66 66 66 66 66 66 66 66 66 66 66 66 66 66 66 66 66 66 66 66 66 66 66 66 66 66 66 66 66 66 66 66 66 66 66 66 66 66 66 66 66 66 66 66 66 66 66 66 66 66 66 66 67 67 67 67 67 67 67 67 67 67 67 67 67 67 67 67 67 67 67 67 67 67 67 67 67 67 67 67 67 67 67 67 67 67 67 67 67 67 67 67 67 67 67 67 67 67 67 67 67 67 67 67 67 67 67 67 67 67 67 67 67 67 67 67 67 67 67 65 65 65 65 65 65 66 66 66 65 65 65 65 66 65 65 65 65 66 66 66 66 66 66 66 66 66 66 66 66 66 66 66 66 66 66 66 66 66 66 66 66 66 66 66 66 66 66 66 66 66 66 66 67 66 66 66 66 66 66 66 66 66 67 66 67 67 66 66 66 66 66 66 66 66 66 66 66 66 66 66 66 66 66 66 66 66 66 66 66 66 66 66 66 66 66 66 66 66 66 66 66 66 66 66 66 66 66 66 66 66 66 66 66 66 66 66 66 66 66 66 66 66 66 66 66 66 66 66 66 66 66 66 66 66 66 66 66 66 66 66 66 66 66 66 66 66 66 66 66 66 66 66 66 66 66 66 66 66 66 66 66 66 66 66 66 66 66 67 67 67 67 67 67 67 67 67 67 67 67 67 67 67 67 67 67 67 67 67 67 67 67 67 67 67 67 67 67 67 67 67 67 67 67 67 67 67 67 67 67 67 67 67 67 67 67 67 67 67 67 67 67 67 67 67 67 67 67 67 67 67 67 67 67 67 67 67 67 67 67 65 65 65 65 65 65 65 65 65 65 65 65 65 65 65 65 65 65 65 65 65 66 66 66 66 66 66 66 66 66 66 66 66 66 66 66 66 66 66 66 66 66 66 66 66 66 66 66 66 66 66 66 66 66 66 66 66 66 66 66 66 66 66 66 66 66 66 66 66 66 66 66 66 66 66 66 66 66 66 66 66 66 66 66 66 66 66 66 66 66 66 66 66 66 66 66 66 66 66 66 66 66 66 66 66 66 66 66 66 66 66 66 66 66 66 66 66 66 66 66 66 66 67 67 66 66 66 66 66 66 66 66 66 66 66 66 66 66 66 66 66 66 66 66 66 66 66 66 66 66 66 66 66 66 66 66 66 66 66 66 66 66 66 66 66 66 66 66 66 66 66 67 67 67 67 67 67 67 67 67 67 67 67 67 67 67 67 67 67 67 67 67 67 67 67 67 67 67 67 67 67 67 67 67 67 67 67 67 67 67 67 67 67 67 67 67 67 67 67 67 67 67 67 67 67 67 67 67 67 67 67 67 67 67 67 67 67 67 67 67 67 67 67 65 65 65 65 65 65 65 65 65 65 65 65 65 65 65 65 65 65 65 65 65 65 65 65 66 66 66 65 66 66 66 66 66 66 66 66 66 66 66 66 66 66 66 66 66 66 66 66 66 66 66 66 66 66 66 66 66 66 66 66 66 66 66 66 66 66 66 66 66 66 66 66 66 66 66 66 66 67 66 66 66 66 66 66 66 66 66 66 66 66 66 66 66 66 66 66 66 66 66 66 66 66 66 66 66 66 66 66 66 66 66 66 66 66 66 66 66 66 66 66 66 66 66 66 67 67 67 67 67 67 66 66 66 66 66 66 66 66 66 66 66 66 67 67 67 66 66 66 67 67 67 67 66 66 66 66 66 66 66 67 67 67 67 67 66 66 66 66 66 66 66 66 66 66 67 67 67 67 67 67 67 67 68 68 68 68 67 67 67 67 67 67 67 67 67 67 67 67 67 67 67 67 67 67 67 67 67 67 67 67 67 67 67 67 67 67 67 67 67 67 67 67 67 67 67 67 67 67 67 67 67 67 67 67 67 67 67 67 67 67 67 67 67 67 67 67 67 67 67 67 65 65 65 65 65 65 65 65 65 65 65 65 65 65 65 65 65 65 65 65 65 65 65 65 65 65 65 65 65 65 66 66 66 66 66 66 66 66 66 66 66 66 66 66 66 66 66 66 66 66 66 66 66 66 66 66 66 66 66 66 66 66 66 66 66 66 66 66 66 66 66 66 66 66 66 66 66 66 66 66 66 66 66 66 66 66 66 66 66 66 66 66 66 66 66 66 66 66 66 66 66 66 66 66 66 66 66 66 66 66 66 66 66 66 66 66 66 66 66 66 66 66 66 66 66 66 66 66 66 66 67 67 67 67 67 67 67 67 67 66 67 67 67 67 67 67 67 67 67 67 67 67 67 67 67 67 67 67 67 66 66 67 67 67 67 67 67 67 67 67 67 67 67 67 67 67 67 67 67 66 67 67 67 67 67 67 68 68 68 68 68 68 68 68 68 68 68 68 68 68 68 68 68 68 68 68 68 68 68 68 68 68 68 68 68 68 68 68 68 68 68 68 68 68 68 68 68 68 68 68 67 67 67 67 67 67 67 67 67 67 67 67 67 67 67 67 67 67 67 67 67 67 67 67 67 67 67 67 65 65 65 65 65 65 65 65 65 65 65 65 65 65 65 65 65 65 65 65 65 65 65 65 65 65 65 65 65 65 65 66 66 66 66 66 66 66 66 66 66 66 66 66 66 66 66 66 66 66 66 66 66 66 66 66 66 66 67 66 66 66 66 66 66 66 66 66 66 66 66 66 66 66 66 66 66 66 66 66 66 66 66 66 66 66 66 66 66 66 66 66 66 66 66 66 66 66 66 66 66 66 66 66 66 66 66 66 66 66 66 66 66 66 66 66 66 66 66 66 66 66 66 66 66 66 66 66 66 66 67 67 67 67 67 67 67 67 67 67 67 67 67 67 67 67 67 67 67 67 67 67 67 67 67 67 67 67 67 67 67 67 67 67 67 67 67 67 67 67 67 67 67 67 67 67 67 67 67 67 68 68 68 68 68 68 68 68 68 68 68 68 68 68 68 68 68 68 68 68 68 68 68 68 68 68 68 68 68 68 68 68 68 68 68 68 68 68 68 68 68 68 68 68 68 68 68 68 68 68 67 67 67 67 67 67 67 67 67 67 67 67 67 67 67 67 67 67 67 67 67 67 67 67 67 67 67 67 67 65 65 65 65 65 65 65 65 65 65 65 65 65 65 65 65 65 65 65 65 65 65 65 65 65 65 65 65 65 65 65 65 65 65 65 65 65 65 65 65 65 65 66 66 66 65 66 66 66 66 66 66 66 66 66 66 66 66 66 66 66 66 66 66 66 66 66 66 66 66 66 66 66 66 66 67 66 66 66 66 66 66 66 66 66 66 66 66 66 66 66 66 66 66 66 66 66 66 66 66 66 66 66 66 66 66 66 66 66 66 66 66 66 66 66 66 66 66 66 66 66 66 66 66 66 66 66 66 66 66 66 66 66 66 66 66 66 66 66 66 66 67 67 67 67 67 67 67 67 67 67 67 67 67 67 67 67 67 67 67 67 67 67 67 67 67 67 67 67 67 67 67 67 67 67 67 67 67 67 67 67 67 67 67 67 67 67 67 67 67 67 68 68 68 68 68 68 68 68 68 68 68 68 68 68 68 68 68 68 68 68 68 68 68 68 68 68 68 68 68 68 68 68 68 68 68 68 68 68 68 68 68 68 68 68 68 68 68 68 68 68 67 67 67 67 67 67 67 67 67 67 67 67 67 67 67 67 67 67 67 67 67 67 67 67 67 67 67 67 67 67 67 67 64 64 64 64 64 65 65 65 64 65 65 65 65 65 65 65 65 65 65 65 65 65 65 65 65 65 65 65 65 65 65 65 65 65 65 65 65 65 65 65 65 65 65 65 66 66 65 65 65 65 66 65 66 65 66 66 66 66 66 66 66 66 66 66 66 66 66 66 66 67 67 67 67 67 66 66 67 66 66 66 67 67 67 67 66 66 66 66 66 66 66 66 66 66 66 66 66 66 66 66 66 66 66 66 66 66 66 66 66 66 66 66 66 66 66 66 66 66 66 66 66 66 66 66 66 66 66 66 66 66 66 66 66 66 66 66 66 66 66 66 66 66 66 66 66 66 66 66 67 67 67 67 67 67 67 67 67 67 67 67 67 67 67 67 67 67 67 67 67 67 67 67 67 67 67 67 67 67 67 67 67 67 67 67 67 67 67 67 67 67 67 67 67 67 67 67 67 67 68 68 68 68 68 68 68 68 68 68 68 68 68 68 68 68 68 68 68 68 68 68 68 68 68 68 68 68 68 68 68 68 68 68 68 68 68 68 68 68 68 68 68 68 68 68 68 68 68 68 68 67 67 67 67 68 67 67 67 67 67 67 67 67 67 67 67 67 67 67 67 67 67 67 67 67 67 67 68 68 68 67 68 64 64 64 64 64 64 64 64 64 64 64 64 64 64 64 64 64 64 64 65 65 65 65 65 65 65 65 65 65 65 65 65 65 65 65 65 65 65 65 65 65 65 65 65 65 65 65 66 65 65 65 65 66 66 66 66 66 66 66 66 66 66 66 66 67 67 67 66 66 66 66 66 66 66 66 67 67 67 67 67 67 67 67 67 67 67 67 66 66 66 66 66 66 67 67 66 66 66 66 66 66 66 66 66 66 66 66 66 66 66 66 66 66 66 66 66 66 66 66 66 66 66 66 66 66 66 66 66 66 66 66 66 66 66 66 66 66 66 66 66 66 66 66 66 66 66 66 66 66 67 67 67 67 67 67 67 67 67 67 67 67 67 67 67 67 67 67 67 67 67 67 67 67 67 67 67 67 67 67 67 67 67 67 67 67 67 67 67 67 67 67 67 67 67 67 67 67 67 67 68 68 68 68 68 68 68 68 68 68 68 68 68 68 68 68 68 68 68 68 68 68 68 68 68 68 68 68 68 68 68 68 68 68 68 68 68 68 68 68 68 68 68 68 68 68 68 68 68 68 68 68 68 68 68 68 68 67 67 67 67 67 67 67 67 67 67 67 67 67 67 67 67 67 67 67 67 67 68 68 68 68 68 64 64 64 64 64 64 64 64 64 64 64 64 64 64 64 64 64 64 64 64 65 65 65 65 65 65 65 65 65 64 65 65 65 65 65 65 65 65 65 65 65 65 65 65 65 65 65 65 65 66 66 65 66 66 66 66 66 66 66 66 66 66 66 66 66 66 66 66 66 66 66 66 66 66 66 66 66 66 66 66 67 67 66 66 66 66 67 67 67 67 66 66 66 66 67 66 67 67 66 66 67 66 66 66 66 66 66 66 66 66 66 66 66 66 66 66 66 66 66 66 66 66 66 66 66 66 66 66 66 66 66 66 66 66 66 66 66 66 66 66 66 66 66 66 66 66 66 66 66 66 66 67 67 67 67 67 67 67 67 67 67 67 67 67 67 67 67 67 67 67 67 67 67 67 67 67 67 67 67 67 67 67 67 67 67 67 67 67 67 67 67 67 67 67 67 67 67 67 67 67 67 68 68 68 68 68 68 68 68 68 68 68 68 68 68 68 68 68 68 68 68 68 68 68 68 68 68 68 68 68 68 68 68 68 68 68 68 68 68 68 68 68 68 68 68 68 68 68 68 68 68 68 68 68 68 68 68 68 68 67 67 67 67 67 67 68 67 67 67 67 67 67 67 67 67 67 67 67 67 67 67 67 67 68 64 64 64 64 64 64 64 64 64 64 64 64 64 64 64 64 64 64 64 64 64 64 64 64 65 65 65 64 65 65 65 65 64 64 65 65 64 65 64 65 65 65 65 65 65 65 65 65 65 65 65 65 65 65 65 65 66 66 66 66 66 66 66 66 66 66 66 66 66 66 66 66 66 66 66 66 66 66 66 66 66 66 66 66 66 66 66 66 66 66 66 66 66 66 66 66 66 66 66 66 66 66 66 66 67 66 66 66 66 66 66 66 66 66 66 66 66 66 66 66 66 66 66 66 66 66 66 66 66 66 66 66 66 66 66 66 66 66 66 66 66 66 66 66 66 66 66 66 66 66 66 66 66 66 66 66 67 67 67 67 67 67 67 67 67 67 67 67 67 67 67 67 67 67 67 67 67 67 67 67 67 67 67 67 67 67 67 67 67 67 67 67 67 67 67 67 67 67 67 67 67 67 67 67 67 67 68 68 68 68 68 68 68 68 68 68 68 68 68 68 68 68 68 68 68 68 68 68 68 68 68 68 68 68 68 68 68 68 68 68 68 68 68 68 68 68 68 68 68 68 68 68 68 68 68 68 68 68 68 68 68 68 68 68 67 67 67 67 68 68 68 68 68 68 68 69 68 68 67 67 67 67 67 68 67 68 68 68 68 64 64 64 64 64 64 64 64 64 64 64 64 64 64 64 64 64 64 64 64 64 64 64 64 64 64 64 64 64 64 64 64 64 64 64 64 64 64 64 64 64 64 65 65 65 65 65 65 65 65 65 65 65 65 65 65 65 65 65 65 65 65 65 65 65 65 66 66 66 66 66 66 66 66 66 66 66 66 66 66 66 66 66 66 66 66 66 66 66 66 66 66 66 66 66 66 66 66 66 66 66 66 66 66 66 66 66 66 66 66 66 66 66 66 66 66 66 66 66 66 66 66 66 66 66 66 66 66 66 66 66 66 66 66 66 66 66 66 66 66 66 66 66 66 66 66 66 66 66 66 66 66 66 66 66 66 66 66 66 66 67 67 67 67 67 67 67 67 67 67 67 67 67 67 67 67 67 67 67 67 67 67 67 67 67 67 67 67 67 67 67 67 67 67 67 67 67 67 67 67 67 67 67 67 67 67 67 67 67 67 68 68 68 68 68 68 68 68 68 68 68 68 68 68 68 68 68 68 68 68 68 68 68 68 68 68 68 68 68 68 68 68 68 68 68 68 68 68 68 68 68 68 68 68 68 68 68 68 68 68 68 68 68 68 68 68 68 67 67 68 68 68 68 68 68 68 68 68 68 69 68 68 68 68 68 68 68 68 68 68 64 64 64 64 64 64 64 64 64 64 64 64 64 64 64 64 64 64 64 64 64 64 64 64 64 64 64 64 64 64 64 64 64 64 64 64 64 64 64 64 64 64 64 64 65 65 64 65 65 65 65 65 65 65 65 65 65 65 65 65 65 65 65 65 65 65 65 65 65 65 65 65 65 65 65 65 66 65 66 66 66 66 66 66 66 66 66 66 66 66 66 66 66 66 66 66 66 66 66 66 66 66 66 66 66 66 66 66 66 66 66 66 66 66 66 66 66 66 66 66 66 66 66 66 66 66 66 67 67 66 67 66 67 67 67 67 66 66 66 66 66 66 66 66 66 66 66 66 66 67 67 67 67 67 67 67 66 66 66 67 67 67 67 67 67 67 67 67 67 67 67 67 67 67 67 67 67 67 67 67 67 67 67 67 67 67 67 67 67 67 67 67 67 67 67 67 67 67 67 67 67 67 67 67 67 67 67 67 67 67 68 68 68 68 68 68 68 68 68 68 68 68 68 68 68 68 68 68 68 68 68 68 68 68 68 68 68 68 68 68 68 68 68 68 68 68 68 68 68 68 68 68 68 68 68 68 68 68 68 68 68 68 68 68 68 68 68 68 68 68 68 68 68 68 68 68 68 68 68 68 68 68 68 68 68 68 68 68 63 63 63 63 64 64 63 64 64 64 64 64 64 64 64 64 64 64 64 64 64 64 64 64 64 64 64 64 64 64 64 64 64 64 64 64 64 64 64 64 64 64 64 64 64 65 65 65 64 65 65 65 65 65 65 65 65 65 65 65 65 65 65 65 65 65 65 65 65 65 65 65 65 65 65 65 66 66 66 66 66 66 66 66 66 66 66 66 66 66 66 66 66 66 66 66 66 66 66 66 66 66 66 66 66 66 66 66 66 67 66 67 66 66 66 66 66 66 66 67 67 67 67 67 67 67 67 67 67 67 66 67 67 67 67 67 67 67 67 66 67 66 67 66 66 66 66 66 67 67 67 67 67 67 67 67 67 67 67 67 67 67 67 67 67 67 67 67 67 67 67 67 67 67 67 67 67 67 67 67 67 67 67 67 67 67 67 67 67 67 67 67 67 67 67 67 67 67 67 67 67 67 67 68 68 68 68 68 68 68 69 69 69 69 69 69 68 68 68 68 68 68 68 68 68 69 69 69 69 69 69 69 69 69 69 69 69 69 69 69 69 69 69 69 69 69 69 69 69 69 69 69 69 69 69 69 69 69 69 69 68 68 68 68 68 68 68 68 68 68 68 68 68 68 68 68 68 68 68 68 68 68 68 68 68 68 68 63 63 63 63 63 63 63 63 63 64 64 64 64 64 64 64 64 64 64 64 64 64 64 64 64 64 64 64 64 64 64 64 64 64 64 64 64 64 64 64 64 64 64 64 65 65 65 65 65 65 65 65 65 65 65 65 65 65 65 65 65 65 65 65 65 65 65 65 65 65 65 65 65 65 65 66 66 66 66 66 66 66 66 66 66 66 66 66 66 66 66 66 66 66 66 66 66 66 66 66 66 66 66 66 66 66 66 66 66 66 66 66 66 66 67 67 66 67 67 67 67 67 67 67 67 67 67 67 67 67 66 67 66 66 66 66 66 66 67 67 67 67 67 66 66 66 66 67 67 67 67 67 67 67 67 67 67 67 67 67 67 67 67 67 67 67 67 67 67 67 67 67 67 67 67 67 67 67 67 67 67 67 67 67 67 67 67 67 67 67 67 67 67 67 67 67 67 68 67 68 68 68 68 68 68 68 68 68 68 69 69 69 69 69 69 69 69 69 68 68 68 68 68 68 69 69 69 69 69 69 69 69 69 69 69 69 69 69 69 69 69 69 69 69 69 69 69 69 69 69 69 69 69 69 69 69 69 69 69 68 68 68 68 68 68 68 68 68 68 68 68 68 68 68 68 68 68 68 68 68 68 68 68 68 68 68 63 63 63 63 63 63 63 63 63 64 64 64 64 64 64 64 64 64 64 64 64 64 64 64 64 64 64 64 64 64 64 64 64 64 64 64 64 64 64 64 64 64 64 64 65 64 65 65 65 65 65 65 65 65 65 65 65 65 65 65 65 65 65 65 65 65 65 65 65 65 65 65 65 65 65 65 65 65 66 66 66 66 66 66 66 66 66 66 66 66 66 66 66 66 66 66 66 66 66 66 66 66 66 66 66 66 66 66 66 66 66 66 66 67 67 67 67 67 67 67 67 67 67 67 67 67 67 67 67 66 66 67 67 67 67 67 67 67 67 67 67 67 67 67 66 66 66 66 67 67 67 67 67 67 67 67 67 67 67 67 67 67 67 67 67 67 67 67 67 67 67 67 67 67 67 67 67 67 67 67 67 67 67 67 67 67 67 67 67 67 67 67 67 68 68 68 68 68 68 68 68 68 68 68 68 68 68 68 68 69 69 69 69 69 69 69 69 69 69 68 68 68 68 68 69 69 69 69 69 69 69 69 69 69 69 69 69 69 69 69 69 69 69 69 69 69 69 69 69 69 69 69 69 69 69 69 69 69 69 68 68 68 68 68 68 68 68 68 68 68 68 68 68 68 68 68 68 68 68 68 68 68 68 68 68 68 68 63 63 63 63 63 63 63 63 64 64 64 64 64 64 64 64 64 64 64 64 64 64 64 64 64 64 64 64 64 64 64 64 64 64 64 64 64 64 64 64 64 64 64 64 64 64 64 64 64 65 65 65 65 65 65 65 65 65 65 65 65 65 65 65 65 65 65 65 65 65 65 65 65 65 66 65 66 66 66 66 66 66 66 66 66 66 66 66 66 66 66 66 66 66 66 66 66 66 66 66 66 66 66 66 66 66 66 66 66 66 66 66 66 66 66 67 67 67 67 67 67 67 67 67 67 67 67 67 67 67 67 67 67 67 67 67 67 67 67 67 67 67 67 67 67 66 66 67 67 67 67 67 67 67 67 67 67 67 67 67 67 67 67 67 67 67 67 67 67 67 67 67 67 67 67 67 67 67 67 68 68 68 68 67 68 68 68 68 67 68 68 68 68 68 68 68 68 68 68 68 68 68 68 68 68 68 68 68 69 69 69 69 69 69 69 69 69 69 69 69 69 68 68 68 69 69 69 69 69 69 69 69 69 69 69 69 69 69 69 69 69 69 69 69 69 69 69 69 69 69 69 69 69 69 69 69 69 69 69 69 69 69 69 69 69 69 69 69 69 69 69 69 69 69 69 69 69 68 69 69 69 68 68 68 68 63 63 63 63 63 63 63 64 64 64 64 64 64 64 64 64 64 64 64 64 64 64 64 64 64 64 64 64 64 64 64 64 64 64 64 64 64 64 64 64 64 64 64 64 64 64 64 64 65 65 65 65 65 65 65 65 65 65 65 65 65 65 65 65 65 65 65 65 65 65 65 65 66 65 65 66 66 66 66 66 66 66 66 66 66 66 66 66 66 66 66 66 66 66 66 66 66 66 66 66 66 66 66 66 66 66 66 66 66 66 66 66 66 66 67 67 67 67 67 67 67 67 67 67 67 67 67 67 67 67 67 67 67 67 67 67 67 67 67 67 67 67 67 67 67 67 66 67 67 67 67 67 67 67 67 67 67 67 67 67 67 67 67 67 67 67 67 67 67 67 67 68 68 68 68 68 68 68 68 68 68 68 68 68 68 68 68 68 68 68 68 68 68 68 68 68 68 68 68 68 68 68 68 68 68 68 68 69 69 69 69 69 69 69 69 69 69 69 69 69 69 69 69 69 69 69 69 69 69 69 69 69 69 69 69 69 69 69 69 69 69 69 69 69 69 69 69 69 69 69 69 69 69 69 69 69 69 69 69 69 69 69 69 69 69 69 69 69 69 69 69 69 69 69 69 69 69 69 69 69 68 68 68 63 63 63 63 63 63 63 63 63 63 63 63 64 64 64 64 64 64 64 64 64 64 64 64 64 64 64 64 64 64 64 64 64 64 64 64 64 64 64 64 64 64 64 64 64 64 64 64 64 64 64 64 64 65 65 65 65 65 65 65 65 65 65 65 65 65 65 65 65 65 65 65 65 65 65 65 66 66 66 66 66 66 66 66 66 66 66 66 66 66 66 66 66 66 66 66 66 66 66 66 66 66 66 66 66 66 66 66 66 66 66 66 66 66 66 66 66 67 67 67 67 67 67 67 67 67 67 67 67 67 67 67 67 67 67 67 67 67 67 67 67 67 67 67 67 67 67 67 67 67 67 67 67 67 67 67 67 67 67 67 67 67 67 67 67 67 67 68 68 68 68 68 68 68 68 68 68 68 68 68 68 68 68 68 68 68 68 68 68 68 68 68 68 68 68 68 68 68 68 68 68 68 68 68 68 68 68 68 69 69 69 69 69 69 69 69 69 69 69 69 69 69 69 69 69 69 69 69 69 69 69 69 69 69 69 69 69 69 69 69 69 69 69 69 69 69 69 69 69 69 69 69 69 69 69 69 69 69 69 69 69 69 69 69 69 69 69 69 69 69 69 69 69 69 69 69 69 69 69 69 69 69 69 63 63 63 63 63 63 63 63 63 63 63 63 63 63 63 63 63 64 64 64 64 64 64 64 64 64 64 64 64 64 64 64 64 64 64 64 64 64 64 64 64 64 64 64 64 64 64 64 64 64 64 64 64 64 64 65 65 65 65 65 65 65 65 65 65 65 65 65 65 65 65 65 65 65 65 65 66 66 66 66 66 66 66 66 66 66 66 66 66 66 66 66 66 66 66 66 66 66 66 66 66 66 66 66 66 66 66 66 66 66 66 66 66 67 67 66 67 67 67 67 67 67 67 67 67 67 67 67 67 67 67 67 67 67 67 67 67 67 67 67 67 67 67 67 67 67 67 67 67 67 67 67 67 67 67 67 67 67 67 67 67 67 67 68 68 68 68 68 68 68 68 68 68 68 68 68 68 68 68 68 68 68 68 68 68 68 68 68 68 68 68 68 68 68 68 68 68 68 68 68 68 68 68 68 68 68 68 68 69 69 69 69 69 69 69 69 69 69 69 69 69 69 69 69 69 69 69 69 69 69 69 69 69 69 69 69 69 69 69 69 69 69 69 69 69 69 69 69 69 69 69 69 69 69 69 69 69 69 69 69 69 69 69 69 69 69 69 69 69 69 69 69 69 69 69 69 69 69 69 69 69 69 69 63 63 63 63 63 63 63 63 63 63 63 63 63 63 63 63 63 63 63 63 63 64 64 64 64 64 64 64 64 64 64 64 64 64 64 64 64 64 64 64 64 64 64 64 64 64 64 64 64 64 64 64 64 64 64 64 64 65 65 65 65 65 65 65 65 65 65 65 65 65 65 65 65 65 65 65 66 66 66 66 66 66 66 66 66 66 66 66 66 66 66 66 66 66 66 66 66 66 66 66 66 66 66 66 66 66 66 66 66 66 66 66 66 66 67 66 67 67 67 67 67 67 67 67 67 67 67 67 67 67 67 67 67 67 67 67 67 67 67 67 67 67 67 67 67 67 67 67 67 67 67 67 67 67 67 67 67 67 67 68 68 68 68 68 68 68 68 68 68 68 68 68 68 68 68 68 68 68 68 68 68 68 68 68 68 68 68 68 68 68 68 68 68 68 68 68 68 68 68 68 68 68 68 68 68 68 68 68 69 69 69 69 69 69 69 69 69 69 69 69 69 69 69 69 69 69 69 69 69 69 69 69 69 69 69 69 69 69 69 69 69 69 69 69 69 69 69 69 69 69 69 69 69 69 69 69 69 69 69 69 69 69 69 69 69 69 69 69 69 69 69 69 69 69 69 69 69 69 69 69 69 69 62 62 62 63 63 63 63 63 63 63 63 63 63 63 63 63 63 63 63 63 63 63 63 64 64 64 64 64 64 64 64 64 64 64 64 64 64 64 64 64 64 64 64 64 64 64 64 64 64 64 64 64 64 64 64 64 64 64 65 65 65 65 65 65 65 65 65 65 65 65 65 65 65 65 65 65 65 66 66 66 66 66 66 66 66 66 66 66 66 66 66 66 66 66 66 66 66 66 66 66 66 66 66 66 66 66 66 66 66 66 66 66 66 66 66 66 66 66 67 67 67 67 67 67 67 67 67 67 67 67 67 67 67 67 67 67 67 67 67 67 67 67 67 67 67 67 67 67 67 67 67 67 67 67 67 67 67 67 68 68 68 68 68 68 68 68 68 68 68 68 68 68 68 68 68 68 68 68 68 68 68 68 68 68 68 68 68 68 68 68 68 68 68 68 68 68 68 68 68 68 68 68 68 68 68 68 68 68 69 69 69 69 69 69 69 69 69 69 69 69 69 69 69 69 69 69 69 69 69 69 69 69 69 69 69 69 69 69 69 69 69 69 69 69 69 69 69 69 69 69 69 69 69 69 70 70 70 69 69 69 69 69 69 69 69 69 69 69 69 69 69 69 69 69 69 69 69 69 69 69 69 69 62 62 62 62 62 62 62 62 62 63 63 63 63 63 63 63 63 63 63 63 63 63 63 63 63 63 63 64 64 64 64 64 64 64 64 64 64 64 64 64 64 64 64 64 64 64 64 64 64 64 64 64 64 64 64 64 64 64 64 65 65 65 65 65 65 65 65 65 65 65 65 65 65 65 65 65 65 65 66 66 66 66 66 66 66 66 66 66 66 66 66 66 66 66 66 66 66 66 66 66 66 66 66 66 66 66 66 66 66 66 66 66 66 66 66 66 66 66 66 66 67 67 67 67 67 67 67 67 67 67 67 67 67 67 67 67 67 67 67 67 67 67 67 67 67 67 67 67 67 67 67 67 67 67 67 67 67 67 67 68 68 68 68 68 68 68 68 68 68 68 68 68 68 68 68 68 68 68 68 68 68 68 68 68 68 68 68 68 68 68 68 68 68 68 68 68 68 68 68 68 68 68 68 68 68 68 68 68 68 69 69 69 69 69 69 69 69 69 69 69 69 69 69 69 69 69 69 69 69 69 69 69 69 69 69 69 69 69 69 69 69 69 69 69 69 69 69 69 70 70 70 70 70 70 70 70 70 70 70 69 69 69 69 69 69 69 69 69 69 69 69 69 69 69 69 69 69 69 69 69 69 69 62 62 62 62 62 62 62 62 63 63 63 63 63 63 63 63 63 63 63 63 63 63 63 63 63 63 63 63 63 64 64 64 64 64 64 64 64 64 64 64 64 64 64 64 64 64 64 64 64 64 64 64 64 64 64 64 64 64 65 65 65 65 65 65 65 65 65 65 65 65 65 65 65 65 65 65 65 65 65 66 66 66 66 66 66 66 66 66 66 66 66 66 66 66 66 66 66 66 66 66 66 66 66 66 66 66 66 66 66 66 66 66 66 66 66 66 66 66 66 66 67 67 67 67 67 67 67 67 67 67 67 67 67 67 67 67 67 67 67 67 67 67 67 67 67 67 67 67 67 67 67 67 67 67 67 67 67 67 68 68 68 68 68 68 68 68 68 68 68 68 68 68 68 68 68 68 68 68 68 68 68 68 68 68 68 68 68 68 68 68 68 68 68 68 68 68 68 68 68 68 68 68 68 68 68 68 68 69 69 69 69 69 69 70 70 70 70 70 70 70 70 70 70 69 69 69 69 69 69 69 69 69 69 69 69 69 69 69 69 69 69 70 70 70 70 70 70 70 70 70 70 70 70 70 70 70 70 70 69 69 69 69 69 69 69 69 69 69 69 69 69 69 69 69 69 69 62 62 62 62 62 62 62 62 63 63 63 63 63 63 63 63 63 63 63 63 63 63 63 63 63 63 63 63 63 63 63 63 64 64 64 64 64 64 64 64 64 64 64 64 64 64 64 64 64 64 64 64 64 64 64 64 64 64 65 65 65 65 65 65 65 65 65 65 65 65 65 65 65 65 65 65 65 65 65 65 65 66 66 66 66 66 66 66 66 66 66 66 66 66 66 66 66 66 66 66 66 66 66 66 66 66 66 66 66 66 66 66 66 66 66 66 66 66 67 67 67 67 67 67 67 67 67 67 67 67 67 67 67 67 67 67 67 67 67 67 67 67 67 67 67 67 67 67 67 67 67 67 67 67 67 67 67 67 68 68 68 68 68 68 68 68 68 68 68 68 68 68 68 68 68 68 68 68 68 68 68 68 68 68 68 68 68 68 68 68 68 68 68 68 68 68 68 68 68 68 68 68 68 68 68 68 69 69 70 70 70 70 70 70 70 70 70 70 70 70 70 70 70 70 70 70 70 70 70 70 70 70 70 70 70 70 70 70 70 70 70 70 70 70 70 70 70 70 70 70 70 70 70 70 70 70 70 70 69 69 69 69 69 69 69 69 70 70 70 69 69 62 62 62 62 62 62 62 62 63 63 63 63 63 63 63 63 63 63 63 63 63 63 63 63 63 63 63 63 63 63 63 63 63 63 64 64 64 64 64 64 64 64 64 64 64 64 64 64 64 64 64 64 64 64 64 64 64 64 65 65 65 65 65 65 65 65 65 65 65 65 65 65 65 65 65 65 65 65 65 65 65 66 66 66 66 66 66 66 66 66 66 66 66 66 66 66 66 66 66 66 66 66 66 66 66 66 66 66 66 66 66 66 66 66 66 66 66 66 66 67 67 67 67 67 67 67 67 67 67 67 67 67 67 67 67 67 67 67 67 67 67 67 67 67 67 67 67 67 67 67 67 67 67 67 67 67 67 67 68 68 68 68 68 68 68 68 68 68 68 68 68 68 68 68 68 68 68 68 68 68 68 68 68 68 68 68 68 68 68 68 68 68 68 68 68 68 68 68 68 68 68 68 68 68 68 69 69 69 70 70 70 70 70 70 70 70 70 70 70 70 70 70 70 70 70 70 70 70 70 70 70 70 70 70 70 70 70 70 70 70 70 70 70 70 70 70 70 70 70 70 70 70 70 70 70 70 70 70 70 70 70 70 70 70 70 70 70 70 70 70 69 69 62 62 62 62 62 62 62 62 63 63 63 63 63 63 63 63 63 63 63 63 63 63 63 63 63 63 63 63 63 63 63 63 63 63 63 63 64 64 64 64 64 64 64 64 64 64 64 64 64 64 64 64 64 64 64 64 64 64 65 65 65 65 65 65 65 65 65 65 65 65 65 65 65 65 65 65 65 65 65 65 65 66 66 66 66 66 66 66 66 66 66 66 66 66 66 66 66 66 66 66 66 66 66 66 66 66 66 66 66 66 66 66 66 66 66 66 66 66 67 67 67 67 67 67 67 67 67 67 67 67 67 67 67 67 67 67 67 67 67 67 67 67 67 67 67 67 67 67 67 67 67 67 67 67 67 67 67 67 68 68 68 68 68 68 68 68 68 68 68 68 68 68 68 68 68 68 68 68 68 68 68 68 68 68 68 68 68 68 68 68 68 68 68 68 68 68 68 68 68 68 68 68 68 69 69 69 69 69 70 70 70 70 70 70 70 70 70 70 70 70 70 70 70 70 70 70 70 70 70 70 70 70 70 70 70 70 70 70 70 70 70 70 70 70 70 70 70 70 70 70 70 70 70 70 70 70 70 70 70 70 70 70 70 70 70 70 70 70 70 70 70 70 70 70 62 62 62 62 62 62 62 62 62 63 63 63 63 63 63 63 63 63 63 63 63 63 63 63 63 63 63 63 63 63 63 63 63 63 63 63 64 64 64 64 64 64 64 64 64 64 64 64 64 64 64 64 64 64 64 64 64 64 64 65 65 65 65 65 65 65 65 65 65 65 65 65 65 65 65 65 65 65 65 65 65 65 65 65 65 65 65 66 66 66 66 66 66 66 66 66 66 66 66 66 66 66 66 66 66 66 66 66 66 66 66 66 66 66 66 66 66 67 67 67 67 67 67 67 67 67 67 67 67 67 67 67 67 67 67 67 67 67 67 67 67 67 67 67 67 67 67 67 67 67 67 67 67 67 67 67 67 67 67 67 67 67 67 67 67 67 67 67 67 67 67 67 68 68 68 68 68 68 68 68 68 68 68 68 68 68 68 68 68 68 68 68 68 68 68 68 68 68 68 68 68 68 68 68 68 68 68 68 68 70 70 70 70 70 70 70 70 70 70 70 70 70 70 70 70 70 70 70 70 70 70 70 70 70 70 70 70 70 70 70 70 70 70 70 70 70 70 70 70 70 70 70 70 70 70 70 70 70 70 70 70 70 70 70 70 70 70 70 70 70 70 70 70 70 70 70 70 70 62 62 62 62 62 62 62 62 62 62 62 62 62 63 63 63 63 63 63 63 63 63 63 63 63 63 63 63 63 63 63 63 63 63 63 63 63 63 63 63 64 64 64 64 64 64 64 64 64 64 64 64 64 64 64 64 64 64 64 64 64 64 65 65 65 65 65 65 65 65 65 65 65 65 65 65 65 65 65 65 65 65 65 65 65 65 65 65 65 66 66 66 66 66 66 66 66 66 66 66 66 66 66 66 66 66 66 66 66 66 66 66 66 66 66 66 66 66 67 67 67 67 67 67 67 67 67 67 67 67 67 67 67 67 67 67 67 67 67 67 67 67 67 67 67 67 67 67 67 67 67 67 67 67 67 67 67 67 67 67 67 67 67 67 67 67 67 67 67 67 68 68 68 68 68 68 68 68 68 68 68 68 68 68 68 68 68 68 68 68 68 68 68 68 68 68 68 68 68 68 68 68 68 68 68 68 68 68 68 68 68 70 70 70 70 70 70 70 70 70 70 70 70 70 70 70 70 70 70 70 70 70 70 70 70 70 70 70 70 70 70 70 70 70 70 70 70 70 70 70 70 70 70 70 70 70 70 70 70 70 70 70 70 70 70 70 70 70 70 70 70 70 70 70 70 70 70 70 70 70 62 62 62 62 62 62 62 62 62 62 62 62 62 62 62 62 62 62 63 63 63 63 63 63 63 63 63 63 63 63 63 63 63 63 63 63 63 63 63 63 63 63 63 63 64 64 64 64 64 64 64 64 64 64 64 64 64 64 64 64 64 64 64 64 64 64 65 65 65 65 65 65 65 65 65 65 65 65 65 65 65 65 65 65 65 65 65 65 65 65 65 66 66 66 66 66 66 66 66 66 66 66 66 66 66 66 66 66 66 66 66 66 66 66 66 66 66 66 66 66 67 67 67 67 67 67 67 67 67 67 67 67 67 67 67 67 67 67 67 67 67 67 67 67 67 67 67 67 67 67 67 67 67 67 67 67 67 67 67 67 67 67 67 67 67 67 67 67 67 68 68 67 68 68 68 68 68 68 68 68 68 68 68 68 68 68 68 68 68 68 68 68 68 68 68 68 68 68 68 68 68 68 68 68 68 68 68 68 68 68 68 68 68 70 70 70 70 70 70 70 70 70 70 70 70 70 70 70 70 70 70 70 70 70 70 70 70 70 70 70 70 70 70 70 70 70 70 70 70 70 70 70 70 70 70 70 70 70 70 70 70 70 70 70 70 70 70 70 70 70 70 70 70 70 70 70 70 70 70 70 70 70 62 62 62 62 62 62 62 62 62 62 62 63 63 63 63 63 63 63 63 63 63 63 63 63 63 63 63 63 63 63 63 63 63 63 63 63 63 64 64 64 64 64 64 64 64 64 64 64 64 64 64 64 64 64 64 64 64 64 64 65 65 65 65 65 65 65 65 65 65 65 65 65 65 65 65 65 65 65 65 65 65 65 65 65 66 66 66 66 66 66 66 66 66 66 66 66 66 66 66 66 66 66 66 66 66 66 66 66 66 66 66 66 67 67 67 67 67 67 67 67 67 67 67 67 67 67 67 67 67 67 67 67 67 67 67 67 67 67 67 67 67 67 67 67 67 67 67 67 67 67 67 67 67 67 67 67 67 68 68 68 68 68 68 68 68 68 68 68 68 68 68 68 68 68 68 68 68 68 68 68 68 68 68 68 68 68 68 68 68 68 68 68 68 68 68 68 68 68 68 68 68 68 68 68 70 70 70 70 70 70 70 70 70 70 70 70 70 70 70 70 70 70 70 70 70 70 70 70 70 70 70 70 70 70 70 70 70 70 70 70 70 70 70 70 70 70 70 70 70 70 70 70 70 70 70 70 70 70 70 70 70 70 70 70 70 70 70 70 70 70 70 70 70 62 62 62 62 62 62 62 62 62 62 62 62 63 63 63 63 63 63 63 63 63 63 63 63 63 63 63 63 63 63 63 63 63 63 63 63 63 64 64 64 64 64 64 64 64 64 64 64 64 64 64 64 64 64 64 64 64 64 64 65 65 65 65 65 65 65 65 65 65 65 65 65 65 65 65 65 65 65 65 65 65 66 66 66 66 66 66 66 66 66 66 66 66 66 66 66 66 66 66 66 66 66 66 66 66 66 66 66 66 66 67 67 67 67 67 67 67 67 67 67 67 67 67 67 67 67 67 67 67 67 67 67 67 67 67 67 67 67 67 67 67 67 67 67 67 67 67 67 67 67 67 67 68 68 68 68 68 68 68 68 68 68 68 68 68 68 68 68 68 68 68 68 68 68 68 68 68 68 68 68 68 68 68 68 68 68 68 68 68 68 68 68 68 68 68 68 68 68 68 68 68 68 70 70 70 70 70 70 70 70 70 70 70 70 70 70 70 70 70 70 70 70 70 70 70 70 70 70 70 70 70 70 70 70 70 70 70 70 70 70 70 70 70 70 70 70 70 70 70 70 70 70 70 70 70 70 70 70 70 70 70 70 70 70 70 70 70 70 70 70 71 71 71 71 71 71 62 62 62 62 62 62 62 62 62 62 62 62 62 62 62 63 63 63 63 63 63 63 63 63 63 63 63 63 63 63 63 63 63 63 63 63 63 64 64 64 64 64 64 64 64 64 64 64 64 64 64 64 64 64 64 64 64 64 65 65 65 65 65 65 65 65 65 65 65 65 65 65 65 65 65 65 65 65 65 65 65 65 66 66 66 66 66 66 66 66 66 66 66 66 66 66 66 66 66 66 66 66 66 66 66 66 66 66 66 66 67 67 67 67 67 67 67 67 67 67 67 67 67 67 67 67 67 67 67 67 67 67 67 67 67 67 67 67 67 67 67 67 67 67 67 67 67 67 67 67 67 68 68 68 68 68 68 68 68 68 68 68 68 68 68 68 68 68 68 68 68 68 68 68 68 68 68 68 68 68 68 68 68 68 68 68 68 68 68 68 68 68 68 68 68 68 68 68 68 68 68 70 70 70 70 70 70 70 70 70 70 70 70 70 70 70 70 70 70 70 70 70 70 71 71 71 71 70 70 71 70 71 71 71 71 71 71 71 71 71 70 70 70 70 70 70 70 70 70 70 70 70 70 70 70 70 70 70 70 70 70 70 70 70 70 71 71 71 71 71 71 71 71 71 71 71 71 71 71 71 61 62 62 62 62 62 62 62 62 62 62 62 62 62 62 62 62 62 62 62 63 63 63 63 63 63 63 63 63 63 63 63 63 63 63 63 63 63 63 63 63 64 64 64 64 64 64 64 64 64 64 64 64 64 64 64 64 64 64 64 64 65 65 65 65 65 65 65 65 65 65 65 65 65 65 65 65 65 65 65 65 65 65 65 65 66 66 66 66 66 66 66 66 66 66 66 66 66 66 66 66 66 66 66 66 66 66 66 66 66 66 66 67 67 67 67 67 67 67 67 67 67 67 67 67 67 67 67 67 67 67 67 67 67 67 67 67 67 67 67 67 67 67 67 67 67 67 67 67 67 67 67 68 68 68 68 68 68 68 68 68 68 68 68 68 68 68 68 68 68 68 68 68 68 68 68 68 68 68 68 68 68 68 68 68 68 68 68 68 68 68 68 68 68 68 68 68 68 68 68 68 68 68 70 70 70 70 70 70 70 70 70 70 70 70 70 70 70 70 70 70 71 71 71 71 71 71 71 71 71 71 71 71 71 71 71 71 71 71 71 71 71 71 71 71 71 71 71 70 70 71 70 70 70 70 70 70 70 71 71 71 70 70 71 71 71 71 71 71 71 71 71 71 71 71 71 71 71 71 71 71 71 71 71 71 61 61 61 61 61 62 62 62 62 62 62 62 62 62 62 62 62 62 62 62 62 62 62 62 63 63 63 63 63 63 63 63 63 63 63 63 63 63 63 63 63 63 63 63 64 64 64 64 64 64 64 64 64 64 64 64 64 64 64 64 64 64 64 64 64 65 65 65 65 65 65 65 65 65 65 65 65 65 65 65 65 65 65 65 65 65 65 65 66 66 66 66 66 66 66 66 66 66 66 66 66 66 66 66 66 66 66 66 66 66 66 66 66 66 67 67 67 67 67 67 67 67 67 67 67 67 67 67 67 67 67 67 67 67 67 67 67 67 67 67 67 67 67 67 67 67 67 67 67 67 67 67 68 68 68 68 68 68 68 68 68 68 68 68 68 68 68 68 68 68 68 68 68 68 68 68 68 68 68 68 68 68 68 68 68 68 68 68 68 68 68 68 68 68 68 68 68 68 68 68 68 68 68 68 68 70 70 70 70 70 70 70 70 70 70 70 70 70 71 71 71 71 71 71 71 71 71 71 71 71 71 71 71 71 71 71 71 71 71 71 71 71 71 71 71 71 71 71 71 71 71 71 71 71 70 70 70 70 71 71 71 71 71 71 71 71 71 71 71 71 71 71 71 71 71 71 71 71 71 71 71 71 71 71 71 71 71 71 71 71 61 61 61 61 61 61 61 61 62 62 62 62 62 62 62 62 62 62 62 62 62 62 62 62 62 62 62 62 63 63 63 63 63 63 63 63 63 63 63 63 63 63 63 63 63 63 63 63 63 64 64 64 64 64 64 64 64 64 64 64 64 64 64 64 64 64 64 64 65 65 65 65 65 65 65 65 65 65 65 65 65 65 65 65 65 65 65 65 65 65 66 66 66 66 66 66 66 66 66 66 66 66 66 66 66 66 66 66 66 66 66 66 66 66 66 66 67 67 67 67 67 67 67 67 67 67 67 67 67 67 67 67 67 67 67 67 67 67 67 67 67 67 67 67 67 67 67 67 67 67 67 67 67 67 67 68 68 68 68 68 68 68 68 68 68 68 68 68 68 68 68 68 68 68 68 68 68 68 68 68 68 68 68 68 68 68 68 68 68 68 68 68 68 68 68 68 68 68 68 68 68 68 68 68 68 68 68 69 70 70 70 70 70 70 70 70 70 70 70 70 71 71 71 71 71 71 71 71 71 71 71 71 71 71 71 71 71 71 71 71 71 71 71 71 71 71 71 71 71 71 71 71 71 71 71 71 70 70 70 70 71 71 71 71 71 71 71 71 71 71 71 71 71 71 71 71 71 71 71 71 71 71 71 71 71 71 71 71 71 71 71 71 71 71 61 61 61 61 61 61 61 61 61 61 61 61 62 62 62 62 62 62 62 62 62 62 62 62 62 62 62 62 62 62 63 63 63 63 63 63 63 63 63 63 63 63 63 63 63 63 63 63 63 63 63 63 64 64 64 64 64 64 64 64 64 64 64 64 64 64 64 64 64 64 64 65 65 65 65 65 65 65 65 65 65 65 65 65 65 65 65 65 65 65 65 65 65 66 66 66 66 66 66 66 66 66 66 66 66 66 66 66 66 66 66 66 66 66 66 66 66 66 67 67 67 67 67 67 67 67 67 67 67 67 67 67 67 67 67 67 67 67 67 67 67 67 67 67 67 67 67 67 67 67 67 67 67 67 67 68 68 68 68 68 68 68 68 68 68 68 68 68 68 68 68 68 68 68 68 68 68 68 68 68 68 68 68 68 68 68 68 68 68 68 68 68 68 68 68 68 68 68 68 68 68 68 68 68 68 68 69 69 69 69 70 70 70 70 70 70 70 70 70 70 70 70 71 71 71 71 71 71 71 71 71 71 71 71 71 71 71 71 71 71 71 71 71 71 71 71 71 71 71 71 71 71 71 71 71 71 71 71 70 70 70 71 71 71 71 71 71 71 71 71 71 71 71 71 71 71 71 71 71 71 71 71 71 71 71 71 71 71 71 71 71 71 71 71 71 71 71 60 60 60 60 60 61 61 61 61 61 61 61 61 61 62 62 62 62 62 62 62 62 62 62 62 62 62 62 62 62 62 63 63 63 63 63 63 63 63 63 63 63 63 63 63 63 63 63 63 63 63 63 63 64 64 64 64 64 64 64 64 64 64 64 64 64 64 64 64 64 64 65 65 65 65 65 65 65 65 65 65 65 65 65 65 65 65 65 65 65 65 65 65 66 66 66 66 66 66 66 66 66 66 66 66 66 66 66 66 66 66 66 66 66 66 66 66 67 67 67 67 67 67 67 67 67 67 67 67 67 67 67 67 67 67 67 67 67 67 67 67 67 67 67 67 67 67 67 67 67 67 67 67 68 68 68 68 68 68 68 68 68 68 68 68 68 68 68 68 68 68 68 68 68 68 68 68 68 68 68 68 68 68 68 68 68 68 68 68 68 68 68 68 68 68 68 68 68 68 68 68 68 68 69 69 69 69 69 69 70 70 70 70 70 71 71 70 70 70 70 71 71 71 71 71 71 71 71 71 71 71 71 71 71 71 71 71 71 71 71 71 71 71 71 71 71 71 71 71 71 71 71 71 71 71 71 71 70 71 71 71 71 71 71 71 71 71 71 71 71 71 71 71 71 71 71 71 71 71 71 71 71 71 71 71 71 71 71 71 71 71 71 71 71 71 71 60 60 60 60 60 60 60 60 61 61 61 61 61 61 61 61 61 62 62 62 62 62 62 62 62 62 63 63 63 63 63 63 63 63 63 63 63 63 63 63 63 63 63 63 63 63 63 64 64 64 64 64 64 64 64 64 64 64 64 64 64 64 64 64 64 65 65 65 65 65 65 65 65 65 65 65 65 65 65 65 65 65 65 65 65 65 65 66 66 66 66 66 66 66 66 66 66 66 66 66 66 66 66 66 66 66 66 66 66 66 66 67 67 67 67 67 67 67 67 67 67 67 67 67 67 67 67 67 67 67 67 67 67 67 67 67 67 67 67 67 67 67 67 67 67 68 68 68 68 68 68 68 68 68 68 68 68 68 68 68 68 68 68 68 68 68 68 68 68 68 68 68 68 68 68 68 68 68 68 68 68 68 68 68 68 68 69 68 68 69 69 69 69 68 68 69 69 69 69 69 69 69 70 70 70 70 71 71 71 71 71 71 71 71 71 71 71 71 71 71 71 71 71 71 71 71 71 71 71 71 71 71 71 71 71 71 71 71 71 71 71 71 71 71 71 71 71 71 71 71 71 71 71 71 71 71 71 71 71 71 71 71 71 71 71 71 71 71 71 71 71 71 71 71 71 71 71 71 71 71 71 71 71 72 71 71 71 71 71 60 60 60 60 60 60 60 60 60 60 60 60 60 61 61 61 62 62 62 62 62 62 63 63 63 63 63 63 63 63 63 63 63 63 63 63 63 63 63 63 63 63 64 64 64 64 64 64 64 64 64 64 64 64 64 64 64 64 64 65 65 65 65 65 65 65 65 65 65 65 65 65 65 65 65 65 65 65 65 65 65 66 66 66 66 66 66 66 66 66 66 66 66 66 66 66 66 66 66 66 66 66 66 66 67 67 67 67 67 67 67 67 67 67 67 67 67 67 67 67 67 67 67 67 67 67 67 67 67 67 67 67 67 67 67 67 67 67 67 68 68 68 68 68 68 68 68 68 68 68 68 68 68 68 68 68 68 68 68 68 68 68 68 68 68 68 68 68 68 68 68 68 68 68 68 68 69 69 69 69 69 69 69 69 69 69 69 69 69 69 69 69 69 69 69 69 70 71 71 71 71 71 71 71 71 71 71 71 71 71 71 71 71 71 71 71 71 71 71 71 71 71 71 71 71 71 71 71 71 71 71 71 71 71 71 71 71 71 71 71 71 71 71 71 71 71 71 71 71 71 71 71 71 71 71 71 71 71 71 71 71 71 71 71 71 71 71 71 71 71 71 71 71 71 71 71 71 71 72 72 72 72 72 60 60 60 60 60 60 60 60 60 60 60 60 60 60 62 62 62 62 62 62 63 63 63 63 63 63 63 63 63 63 63 63 63 63 63 63 63 63 63 64 64 64 64 64 64 64 64 64 64 64 64 64 64 64 64 64 65 65 65 65 65 65 65 65 65 65 65 65 65 65 65 65 65 65 65 65 65 65 66 66 66 66 66 66 66 66 66 66 66 66 66 66 66 66 66 66 66 66 66 67 67 67 67 67 67 67 67 67 67 67 67 67 67 67 67 67 67 67 67 67 67 67 67 67 67 67 67 67 67 67 67 67 67 68 67 68 68 68 68 68 68 68 68 68 68 68 68 68 68 68 68 68 68 68 68 68 68 68 68 68 68 68 68 68 68 68 68 68 68 68 68 69 69 69 69 69 69 69 69 69 69 69 69 69 69 69 69 69 69 69 69 69 71 71 71 71 71 71 71 71 71 71 71 71 71 71 71 71 71 71 71 71 71 71 71 71 71 71 71 71 71 71 71 71 71 71 71 71 71 71 71 71 71 71 71 71 71 71 71 71 71 71 71 71 71 71 71 71 71 71 71 71 71 71 71 71 71 71 71 71 71 71 71 72 72 72 71 72 71 71 71 71 71 71 72 72 60 60 60 60 60 60 60 60 60 60 62 62 62 62 62 63 63 63 63 63 63 63 63 63 63 63 63 63 63 63 63 63 63 63 64 64 64 64 64 64 64 64 64 64 64 64 64 64 64 64 64 64 65 65 65 65 65 65 65 65 65 65 65 65 65 65 65 65 65 65 65 65 66 66 66 66 66 66 66 66 66 66 66 66 66 66 66 66 66 66 66 66 66 67 67 67 67 67 67 67 67 67 67 67 67 67 67 67 67 67 67 67 67 67 67 67 67 67 67 67 67 67 67 67 67 68 68 68 68 68 68 68 68 68 68 68 68 68 68 68 68 68 68 68 68 68 68 68 68 68 68 68 68 68 68 68 68 68 68 68 68 68 69 69 69 69 69 69 69 69 69 69 69 69 69 69 69 69 69 69 69 69 69 69 69 69 71 71 71 71 71 71 71 71 71 71 71 71 71 71 71 71 71 71 71 71 71 71 71 71 71 71 71 71 71 71 71 71 71 71 71 71 71 71 71 71 71 71 71 71 71 71 71 71 71 71 71 71 71 71 71 71 71 71 71 71 71 71 71 72 72 72 72 72 72 72 72 72 72 72 72 72 72 72 71 72 72 60 60 60 60 60 60 60 60 62 62 62 62 62 62 63 63 63 63 63 63 63 63 63 63 63 63 63 63 63 63 63 63 63 64 64 64 64 64 64 64 64 64 64 64 64 64 64 64 64 64 64 65 65 65 65 65 65 65 65 65 65 65 65 65 65 65 65 65 65 65 65 66 66 66 66 66 66 66 66 66 66 66 66 66 66 66 66 66 66 66 66 67 66 67 67 67 67 67 67 67 67 67 67 67 67 67 67 67 67 67 67 67 67 67 67 67 67 67 67 67 67 67 67 68 68 68 68 68 68 68 68 68 68 68 68 68 68 68 68 68 68 68 68 68 68 68 68 68 68 68 68 68 68 68 68 69 68 68 69 69 69 69 69 69 69 69 69 69 69 69 69 69 69 69 69 69 69 69 69 69 69 69 69 69 71 71 71 71 71 71 71 71 71 71 71 71 71 71 71 71 71 71 71 71 71 71 71 71 71 71 71 71 71 71 71 72 71 71 72 71 71 71 71 72 71 72 71 71 71 71 71 71 71 71 71 71 71 71 71 71 71 71 71 71 71 72 72 72 72 72 72 72 72 72 72 72 72 72 60 60 60 60 60 60 62 62 62 62 62 62 62 62 62 63 63 63 63 63 63 63 63 63 63 63 63 63 63 63 63 63 63 64 64 64 64 64 64 64 64 64 64 64 64 64 64 64 64 64 64 65 65 65 65 65 65 65 65 65 65 65 65 65 65 65 65 65 65 65 66 66 66 66 66 66 66 66 66 66 66 66 66 66 66 66 66 66 66 66 66 66 67 67 67 67 67 67 67 67 67 67 67 67 67 67 67 67 67 67 67 67 67 67 67 67 67 67 67 67 68 68 68 68 68 68 68 68 68 68 68 68 68 68 68 68 68 68 68 68 68 68 68 68 68 68 68 68 68 68 68 68 68 68 69 69 69 69 69 69 69 69 69 69 69 69 69 69 69 69 69 69 69 69 69 69 69 69 69 69 69 69 69 71 71 71 71 71 71 71 71 71 71 71 71 71 71 71 71 71 71 71 71 71 71 71 71 71 71 71 71 71 71 71 72 72 72 72 72 72 72 72 72 72 72 72 72 72 72 72 72 72 72 71 71 71 71 71 71 71 71 72 72 72 72 72 72 62 62 62 62 62 62 62 62 62 62 62 63 63 63 63 63 63 63 63 63 63 63 63 63 63 63 63 63 64 64 64 64 64 64 64 64 64 64 64 64 64 64 64 64 64 64 64 65 65 65 65 65 65 65 65 65 65 65 65 65 65 65 65 65 65 65 66 66 66 66 66 66 66 66 66 66 66 66 66 66 66 66 66 66 66 66 66 67 67 67 67 67 67 67 67 67 67 67 67 67 67 67 67 67 67 67 67 67 67 67 67 67 67 67 67 68 68 68 68 68 68 68 68 68 68 68 68 68 68 68 68 68 68 68 68 68 68 68 68 68 68 68 68 68 68 68 68 68 68 68 69 69 69 69 69 69 69 69 69 69 69 69 69 69 69 69 69 69 69 69 69 69 69 69 69 69 69 69 71 71 71 71 71 71 71 71 71 71 71 71 71 71 71 71 71 71 71 71 71 71 71 71 71 71 71 71 71 71 72 72 72 72 72 72 72 72 72 72 72 72 72 72 72 72 72 72 72 72 72 72 72 72 72 72 72 72 72 72 72 72 72 62 62 62 62 62 62 62 62 62 62 62 62 63 63 63 63 63 63 63 63 63 63 63 63 63 63 63 63 64 64 64 64 64 64 64 64 64 64 64 64 64 64 64 64 64 64 64 64 65 65 65 65 65 65 65 65 65 65 65 65 65 65 65 65 65 65 66 66 66 66 66 66 66 66 66 66 66 66 66 66 66 66 66 66 66 66 67 67 67 67 67 67 67 67 67 67 67 67 67 67 67 67 67 67 67 67 67 67 67 67 67 67 67 67 67 67 68 68 68 68 68 68 68 68 68 68 68 68 68 68 68 68 68 68 68 68 68 68 68 68 68 68 68 68 68 68 68 68 68 68 69 69 69 69 69 69 69 69 69 69 69 69 69 69 69 69 69 69 69 69 69 69 69 69 69 69 69 69 71 71 71 71 71 71 71 71 71 71 71 71 71 71 71 71 71 71 71 71 71 71 71 71 71 71 71 71 71 71 72 72 72 72 72 72 72 72 72 72 72 72 72 72 72 72 72 72 72 72 72 72 72 72 72 72 72 72 72 72 72 72 72 62 62 62 62 62 62 62 62 62 62 62 62 62 62 63 63 63 63 63 63 63 63 63 63 63 63 63 63 63 64 64 64 64 64 64 64 64 64 64 64 64 64 64 64 64 64 64 65 65 65 65 65 65 65 65 65 65 65 65 65 65 65 65 65 65 65 66 66 66 66 66 66 66 66 66 66 66 66 66 66 66 66 66 66 66 66 67 67 67 67 67 67 67 67 67 67 67 67 67 67 67 67 67 67 67 67 67 67 67 67 67 67 67 67 67 67 68 68 68 68 68 68 68 68 68 68 68 68 68 68 68 68 68 68 68 68 68 68 68 68 68 68 68 68 68 68 68 68 68 68 68 69 69 69 69 69 69 69 69 69 69 69 69 69 69 69 69 69 69 69 69 69 69 69 69 69 69 69 71 71 71 71 71 71 71 71 71 71 71 71 71 71 71 71 71 71 71 71 71 71 71 71 71 71 71 72 72 72 72 72 72 72 72 72 72 72 72 72 72 72 72 72 72 72 72 72 72 72 72 72 72 72 72 72 72 72 72 72 72 72 72 62 62 62 62 62 62 62 62 62 62 62 62 62 62 62 63 63 63 63 63 63 63 63 63 63 63 63 63 63 64 64 64 64 64 64 64 64 64 64 64 64 64 64 64 64 64 64 64 65 65 65 65 65 65 65 65 65 65 65 65 65 65 65 65 65 65 65 66 66 66 66 66 66 66 66 66 66 66 66 66 66 66 66 66 66 66 66 67 67 67 67 67 67 67 67 67 67 67 67 67 67 67 67 67 67 67 67 67 67 67 67 67 68 68 68 68 68 68 68 68 68 68 68 68 68 68 68 68 68 68 68 68 68 68 68 68 68 68 68 68 68 68 68 68 68 68 69 68 68 68 68 69 69 69 69 69 69 69 69 69 69 69 69 69 69 69 69 69 69 69 69 69 69 69 69 69 69 69 71 71 71 71 71 71 71 71 71 71 71 71 71 71 71 71 71 71 72 72 72 72 72 72 72 72 72 72 72 72 72 72 72 72 72 72 72 72 72 72 72 72 72 72 72 72 72 72 72 72 72 72 72 72 72 72 72 72 72 72 72 72 72 61 61 62 62 62 62 62 62 62 62 62 62 62 62 62 62 62 62 62 62 63 63 63 63 63 63 63 63 63 63 63 63 63 63 64 64 64 64 64 64 64 64 64 64 64 64 64 64 64 64 64 64 64 65 65 65 65 65 65 65 65 65 65 65 65 65 65 65 65 65 65 66 66 66 66 66 66 66 66 66 66 66 66 66 66 66 66 66 66 66 66 67 67 67 67 67 67 67 67 67 67 67 67 67 67 67 67 67 67 67 67 67 67 67 67 67 68 68 68 68 68 68 68 68 68 68 68 68 68 68 68 68 68 68 68 68 68 68 68 68 68 68 68 68 68 68 68 68 68 69 69 69 68 68 68 69 69 69 69 69 69 69 69 69 69 69 69 69 69 69 69 69 69 69 69 69 69 69 69 69 69 69 71 71 71 71 71 71 71 71 71 71 71 71 71 71 71 71 71 72 72 72 72 72 72 72 72 72 72 72 72 72 72 72 72 72 72 72 72 72 72 72 72 72 72 72 72 72 72 72 72 72 72 72 72 72 72 72 72 72 72 72 72 72 72 72 61 61 61 62 62 62 62 62 62 62 62 62 62 62 62 62 62 62 62 62 63 63 63 63 63 63 63 63 63 63 63 63 63 63 64 64 64 64 64 64 64 64 64 64 64 64 64 64 64 64 64 64 65 65 65 65 65 65 65 65 65 65 65 65 65 65 65 65 65 65 65 66 66 66 66 66 66 66 66 66 66 66 66 66 66 66 66 66 66 66 67 67 67 67 67 67 67 67 67 67 67 67 67 67 67 67 67 67 67 67 67 67 67 67 68 68 68 68 68 68 68 68 68 68 68 68 68 68 68 68 68 68 68 68 68 68 68 68 68 68 68 68 68 68 68 68 69 69 69 68 68 69 68 68 69 69 69 69 69 69 69 69 69 69 69 69 69 69 69 69 69 69 69 69 69 69 69 69 69 69 70 71 71 71 71 71 71 71 71 71 71 71 71 72 72 72 72 72 72 72 72 72 72 72 72 72 72 72 72 72 72 72 72 72 72 72 72 72 72 72 72 72 72 72 72 72 72 72 72 72 72 72 72 72 72 72 72 72 72 72 72 72 72 72 72 72 72 61 61 61 61 61 61 62 62 62 62 62 62 62 62 62 62 62 62 62 62 62 62 62 63 63 63 63 63 63 63 63 63 63 63 63 63 63 64 64 64 64 64 64 64 64 64 64 64 64 64 64 64 64 64 64 64 65 65 65 65 65 65 65 65 65 65 65 65 65 65 65 65 65 66 66 66 66 66 66 66 66 66 66 66 66 66 66 66 66 66 66 66 67 67 67 67 67 67 67 67 67 67 67 67 67 67 67 67 67 67 67 67 67 67 67 67 68 68 68 68 68 68 68 68 68 68 68 68 68 68 68 68 68 68 68 68 68 68 68 68 68 68 68 69 69 68 68 69 69 69 69 69 68 68 69 68 68 69 69 69 69 69 69 69 69 69 69 69 69 69 69 69 69 69 69 69 69 69 70 70 70 70 70 71 71 71 71 71 71 72 72 71 72 72 72 72 72 72 72 72 72 72 72 72 72 72 72 72 72 72 72 72 72 72 72 72 72 72 72 72 72 72 72 72 72 72 72 72 72 72 72 72 72 72 72 72 72 72 72 72 72 72 72 72 72 72 72 72 72 61 61 61 61 61 61 62 62 62 62 62 62 62 62 62 62 62 62 62 62 62 62 62 63 63 63 63 63 63 63 63 63 63 63 63 63 63 64 64 64 64 64 64 64 64 64 64 64 64 64 64 64 64 64 64 65 65 65 65 65 65 65 65 65 65 65 65 65 65 65 65 65 65 66 66 66 66 66 66 66 66 66 66 66 66 66 66 66 66 66 66 67 67 67 67 67 67 67 67 67 67 67 67 67 67 67 67 67 67 67 67 67 67 67 67 67 68 68 68 68 68 68 68 68 68 68 68 68 68 68 68 68 68 68 68 68 68 68 68 68 68 68 69 69 68 68 69 69 69 69 69 69 69 69 68 68 69 69 69 69 69 69 69 69 69 69 69 69 69 69 69 69 69 69 70 70 70 70 70 70 70 70 71 71 71 72 72 72 72 72 72 72 72 72 72 72 72 72 72 72 72 72 72 72 72 72 72 72 72 72 72 72 72 72 72 72 72 72 72 72 72 72 72 72 72 72 72 72 72 72 72 72 72 72 72 72 72 73 72 72 72 72 72 72 72 72 72 72 72 61 61 61 61 61 61 61 61 61 61 62 62 62 62 62 62 62 62 62 62 62 62 62 62 62 62 63 63 63 63 63 63 63 63 63 63 63 63 63 63 64 64 64 64 64 64 64 64 64 64 64 64 64 64 64 64 64 65 65 65 65 65 65 65 65 65 65 65 65 65 65 65 65 65 65 66 66 66 66 66 66 66 66 66 66 66 66 66 66 66 66 66 66 67 67 67 67 67 67 67 67 67 67 67 67 67 67 67 67 67 67 67 67 67 67 67 67 67 67 68 68 68 68 68 68 68 68 68 68 68 68 68 68 68 68 68 68 68 68 68 68 68 68 68 68 69 69 69 69 69 69 69 69 69 69 69 68 68 69 69 69 69 69 69 69 69 69 69 69 69 69 69 69 69 69 70 70 70 70 70 70 70 70 70 71 72 72 72 72 72 72 72 72 72 72 72 72 72 72 72 72 72 72 72 72 72 72 72 72 72 72 72 72 72 72 72 72 72 72 72 72 72 72 72 72 72 72 72 72 72 73 73 73 73 72 73 73 73 73 73 73 72 72 72 72 72 72 72 72 72 72 61 61 61 61 61 61 61 61 62 62 62 62 62 62 62 62 62 62 62 62 62 62 62 62 63 63 63 63 63 63 63 63 63 63 63 63 63 63 64 64 64 64 64 64 64 64 64 64 64 64 64 64 64 64 64 65 65 65 65 65 65 65 65 65 65 65 65 65 65 65 65 65 66 66 66 66 66 66 66 66 66 66 66 66 66 66 66 66 66 66 67 67 67 67 67 67 67 67 67 67 67 67 67 67 67 67 67 67 67 67 67 67 67 67 68 68 68 68 68 68 68 68 68 68 68 68 68 68 68 68 68 68 68 68 68 68 68 68 68 68 68 68 68 69 69 69 69 69 69 69 69 69 69 69 68 69 69 69 69 69 69 69 69 69 69 69 69 69 69 69 70 70 70 70 70 70 70 70 70 70 70 72 72 72 72 72 72 72 72 72 72 72 72 72 72 72 72 72 72 72 72 72 72 72 72 72 72 72 72 72 72 72 72 72 72 72 72 72 72 72 73 73 73 73 73 73 73 73 73 73 73 73 73 73 73 73 73 72 72 72 72 72 73 72 72 72 72 72 72 61 61 61 61 61 61 61 61 61 61 61 61 62 62 62 62 62 62 62 62 62 62 62 62 62 62 62 62 63 63 63 63 63 63 63 63 63 63 63 63 63 64 64 64 64 64 64 64 64 64 64 64 64 64 64 64 64 64 65 65 65 65 65 65 65 65 65 65 65 65 65 65 65 65 65 66 66 66 66 66 66 66 66 66 66 66 66 66 66 66 66 66 66 67 67 67 67 67 67 67 67 67 67 67 67 67 67 67 67 67 67 67 67 67 67 68 68 68 68 68 68 68 68 68 68 68 68 68 68 68 68 68 68 68 68 68 68 68 69 69 68 68 68 68 69 68 68 69 69 69 69 69 69 69 69 69 69 69 69 69 69 69 69 69 69 69 69 69 69 69 69 69 70 70 70 70 70 70 70 70 70 70 70 70 72 72 72 72 72 72 72 72 72 72 72 72 72 72 72 72 72 72 72 72 72 72 72 72 72 72 72 72 72 72 72 72 72 72 73 73 73 73 73 73 73 73 73 73 73 73 73 73 73 73 73 73 73 73 73 72 72 72 72 73 73 73 73 72 72 72 72 72 72 72 72 72 72 72 72 73 73 73 73 73 73 73 73 73 73 73 61 61 61 61 61 61 61 61 61 61 62 62 62 62 62 62 62 62 62 62 62 62 62 62 62 62 63 63 63 63 63 63 63 63 63 63 63 63 63 64 64 64 64 64 64 64 64 64 64 64 64 64 64 64 64 65 65 65 65 65 65 65 65 65 65 65 65 65 65 65 65 65 66 66 66 66 66 66 66 66 66 66 66 66 66 66 66 66 66 66 67 67 67 67 67 67 67 67 67 67 67 67 67 67 67 67 67 67 67 67 67 68 68 68 68 68 68 68 68 68 68 68 68 68 68 68 68 68 68 68 68 68 68 68 68 68 68 69 69 68 68 69 69 69 69 69 69 69 69 69 69 69 69 69 69 69 69 69 69 69 69 69 69 69 69 69 69 70 70 70 70 70 70 70 70 70 70 70 70 70 70 72 72 72 72 72 72 72 72 72 72 72 72 72 72 72 72 72 72 72 72 72 72 72 72 72 72 72 72 72 72 73 73 73 73 73 73 73 73 73 73 73 73 73 73 73 73 73 73 73 73 73 73 73 73 73 72 72 73 73 73 73 73 73 73 73 72 72 72 73 73 73 73 73 73 73 73 73 73 73 73 73 73 73 73 73 73 73 73 73 61 61 61 61 61 61 61 61 61 61 61 61 62 62 62 62 62 62 62 62 62 62 62 62 62 62 62 62 63 63 63 63 63 63 63 63 63 63 63 63 63 64 64 64 64 64 64 64 64 64 64 64 64 64 64 64 64 65 65 65 65 65 65 65 65 65 65 65 65 65 65 65 65 65 66 66 66 66 66 66 66 66 66 66 66 66 66 66 66 66 66 67 67 67 67 67 67 67 67 67 67 67 67 67 67 67 67 67 67 67 67 67 68 68 68 68 68 68 68 68 68 68 68 68 68 68 68 68 68 68 68 68 68 68 68 68 68 68 68 68 69 69 68 69 69 69 69 69 68 69 69 69 69 69 69 69 69 69 69 69 69 69 69 69 69 70 70 70 70 70 70 70 70 70 70 70 70 70 70 70 70 70 72 72 72 72 72 72 72 72 72 72 72 72 72 72 72 72 72 72 72 72 72 72 72 72 72 72 72 73 73 73 73 73 73 73 73 73 73 73 73 73 73 73 73 73 73 73 73 73 73 73 73 73 73 73 73 73 73 73 73 73 73 73 73 73 73 73 73 72 73 73 73 73 73 73 73 73 73 73 73 73 73 73 73 73 73 73 73 73 73 73 73 61 61 61 61 61 61 61 61 61 61 61 61 62 62 62 62 62 62 62 62 62 62 62 62 62 62 62 63 63 63 63 63 63 63 63 63 63 63 63 63 63 64 64 64 64 64 64 64 64 64 64 64 64 64 64 64 64 64 65 65 65 65 65 65 65 65 65 65 65 65 65 65 66 66 66 66 66 66 66 66 66 66 66 66 66 66 66 66 66 66 67 67 67 67 67 67 67 67 67 67 67 67 67 67 67 67 67 67 67 67 67 68 68 68 68 68 68 68 68 68 68 68 68 68 68 68 68 68 68 68 68 68 68 68 68 68 68 68 68 69 69 69 69 69 69 69 69 69 69 69 69 69 69 69 69 69 69 69 69 69 69 69 69 69 70 70 70 70 70 70 70 70 70 70 70 70 70 70 70 70 70 72 72 72 72 72 72 72 72 72 72 72 72 72 72 72 72 72 72 72 72 72 72 72 72 73 73 73 73 73 73 73 73 73 73 73 73 73 73 73 73 73 73 73 73 73 73 73 73 73 73 73 73 73 73 73 73 73 73 73 73 73 73 73 73 73 73 73 73 73 73 73 73 73 73 73 73 73 73 73 73 73 73 73 73 73 74 74 74 74 74 74 74 60 61 61 61 61 61 61 61 61 61 61 61 61 61 61 62 62 62 62 62 62 62 62 62 62 62 62 62 62 62 63 63 63 63 63 63 63 63 63 63 63 63 63 63 63 64 64 64 64 64 64 64 64 64 64 64 64 64 64 64 65 65 65 65 65 65 65 65 65 65 65 65 65 65 65 66 66 66 66 66 66 66 66 66 66 66 66 66 66 66 66 66 67 67 67 67 67 67 67 67 67 67 67 67 67 67 67 67 67 67 67 67 68 68 68 68 68 68 68 68 68 68 68 68 68 68 68 68 68 68 68 68 68 68 68 68 68 68 69 68 68 69 69 69 69 69 69 68 68 69 69 69 69 69 69 69 69 69 69 69 69 69 69 69 69 69 70 70 70 70 70 70 70 70 70 70 70 70 70 70 70 70 70 72 72 72 72 72 72 72 72 72 72 72 72 72 72 72 72 72 72 72 72 72 73 73 73 73 73 73 73 73 73 73 73 73 73 73 73 73 73 73 73 73 73 73 73 73 73 73 73 73 73 73 73 73 73 73 73 73 73 73 73 73 73 74 73 73 73 73 73 73 73 73 73 73 73 73 73 73 73 73 73 73 73 73 74 74 74 74 74 74 74 74 74 74 60 60 61 61 61 61 61 61 61 61 61 61 61 61 61 61 61 62 62 62 62 62 62 62 62 62 62 62 62 62 62 62 63 63 63 63 63 63 63 63 63 63 63 63 63 63 64 64 64 64 64 64 64 64 64 64 64 64 64 64 64 65 65 65 65 65 65 65 65 65 65 65 65 65 65 65 66 66 66 66 66 66 66 66 66 66 66 66 66 66 66 66 66 67 67 67 67 67 67 67 67 67 67 67 67 67 67 67 67 67 67 67 67 68 68 68 68 68 68 68 68 68 68 68 68 68 68 68 68 68 68 68 68 68 69 68 68 68 68 68 69 69 69 69 69 69 69 68 68 69 69 69 69 69 69 69 69 69 69 69 69 69 69 69 69 69 69 69 70 70 70 70 70 70 70 70 70 70 70 70 70 70 70 70 72 72 72 72 72 72 72 72 72 72 72 72 72 72 72 72 72 72 72 73 73 73 73 73 73 73 73 73 73 73 73 73 73 73 73 73 73 73 73 73 73 73 73 73 73 73 73 73 73 73 73 73 73 73 73 73 73 73 73 73 73 73 73 73 73 73 73 73 73 73 73 73 73 73 73 73 73 73 73 73 73 73 73 74 74 74 74 74 74 74 74 74 74 60 61 61 61 61 61 61 61 61 61 61 61 61 61 61 61 62 62 62 62 62 62 62 62 62 62 62 62 62 62 62 63 63 63 63 63 63 63 63 63 63 63 63 64 64 64 64 64 64 64 64 64 64 64 64 64 64 64 64 64 65 65 65 65 65 65 65 65 65 65 65 65 65 65 65 66 66 66 66 66 66 66 66 66 66 66 66 66 66 66 66 67 67 67 67 67 67 67 67 67 67 67 67 67 67 67 67 67 67 67 67 68 68 68 68 68 68 68 68 68 68 68 68 68 68 68 68 68 68 68 68 68 68 68 68 68 68 68 69 69 69 69 69 69 68 68 68 69 69 69 69 69 69 69 69 69 69 69 69 69 69 70 69 69 69 69 70 70 70 70 70 70 70 70 70 70 70 70 70 70 70 70 72 72 72 72 72 72 72 72 72 72 72 72 72 72 72 72 72 73 73 73 73 73 73 73 73 73 73 73 73 73 73 73 73 73 73 73 73 73 73 73 73 73 73 73 73 73 73 73 73 73 73 73 73 73 73 73 73 73 73 73 73 73 73 73 73 73 73 73 73 73 73 73 73 73 73 73 73 74 74 73 73 73 73 74 74 74 74 74 74 74 74 74 74 60 60 60 60 61 61 61 61 61 61 61 61 61 61 61 61 61 61 61 62 62 62 62 62 62 62 62 62 62 62 62 62 62 62 63 63 63 63 63 63 63 63 63 63 63 63 64 64 64 64 64 64 64 64 64 64 64 64 64 64 64 64 64 64 65 65 65 65 65 65 65 65 65 65 65 65 65 66 66 66 66 66 66 66 66 66 66 66 66 66 66 66 66 67 67 67 67 67 67 67 67 67 67 67 67 67 67 67 67 67 67 67 67 68 68 68 68 68 68 68 68 68 68 68 68 68 68 68 68 68 68 68 68 68 68 68 68 68 68 68 69 69 69 69 69 68 68 68 68 69 69 69 69 69 69 69 69 69 69 69 69 69 69 70 69 69 69 69 69 70 70 70 70 70 70 70 70 70 70 70 70 70 70 70 72 72 72 72 72 72 72 72 72 72 72 72 72 73 73 73 73 73 73 73 73 73 73 73 73 73 73 73 73 73 73 73 73 73 73 73 73 73 73 73 73 73 73 73 73 73 73 73 73 73 73 73 73 73 74 74 74 74 73 74 74 74 73 73 73 74 73 73 73 74 73 73 73 73 73 74 74 74 74 74 74 73 73 74 74 74 74 74 74 74 74 74 74 74 76 76 76 76 60 60 60 60 61 61 61 61 61 61 61 61 61 61 61 61 61 61 62 62 62 62 62 62 62 62 62 62 62 62 62 62 62 63 63 63 63 63 63 63 63 63 63 63 63 64 64 64 64 64 64 64 64 64 64 64 64 64 64 64 64 64 64 64 65 65 65 65 65 65 65 65 65 65 65 66 66 66 66 66 66 66 66 66 66 66 66 66 66 66 66 66 67 67 67 67 67 67 67 67 67 67 67 67 67 67 67 67 67 67 67 68 68 68 68 68 68 68 68 68 68 68 68 68 68 68 68 68 68 68 68 68 69 68 68 68 68 68 68 68 68 69 69 69 69 69 69 69 69 69 69 69 69 69 69 69 69 70 69 70 70 70 70 69 69 69 69 69 70 70 70 70 70 70 70 70 70 70 70 70 70 70 70 72 72 72 72 72 72 72 72 72 72 72 72 73 73 73 73 73 73 73 73 73 73 73 73 73 73 73 73 73 73 73 73 73 73 73 73 73 73 73 73 73 73 73 73 73 73 73 73 73 73 73 73 74 74 74 74 74 74 74 74 74 74 74 74 74 74 74 74 74 74 74 74 74 74 74 74 74 74 74 74 74 74 74 74 74 74 74 74 74 74 74 74 74 74 76 76 76 76 77 76 76 76 60 60 60 60 60 60 60 61 61 61 61 61 61 61 61 61 61 61 61 61 61 62 62 62 62 62 62 62 62 62 62 62 62 62 62 63 63 63 63 63 63 63 63 63 63 63 63 63 64 64 64 64 64 64 64 64 64 64 64 64 64 64 64 64 65 65 65 65 65 65 65 65 65 65 65 65 66 66 66 66 66 66 66 66 66 66 66 66 66 66 66 66 66 67 67 67 67 67 67 67 67 67 67 67 67 67 67 67 67 67 67 67 68 68 68 68 68 68 68 68 68 68 68 68 68 68 68 68 68 68 68 68 68 69 69 69 68 68 68 68 68 69 69 69 69 69 69 69 69 69 69 69 69 69 69 69 69 69 69 69 70 70 70 70 70 70 69 69 69 69 70 70 70 70 70 70 70 70 70 70 70 70 70 70 72 72 72 72 72 72 72 72 72 72 73 73 73 73 73 73 73 73 73 73 73 73 73 73 73 73 73 73 73 73 73 73 73 73 73 73 73 73 73 73 73 73 73 73 74 73 73 73 73 74 74 74 74 74 74 74 74 74 74 74 74 74 74 74 74 74 74 74 74 74 74 74 74 74 74 74 74 74 74 74 74 74 74 74 74 74 74 74 74 74 74 74 74 76 76 77 77 77 77 77 77 77 76 60 60 60 60 60 60 60 60 60 60 60 61 61 61 61 61 61 61 61 61 61 61 61 61 61 61 62 62 62 62 62 62 62 62 62 62 62 62 63 63 63 63 63 63 63 63 63 63 63 64 64 64 64 64 64 64 64 64 64 64 64 64 64 64 64 65 65 65 65 65 65 65 65 65 65 65 65 65 65 66 66 66 66 66 66 66 66 66 66 66 66 66 66 66 66 66 67 67 67 67 67 67 67 67 67 67 67 67 67 67 67 67 67 68 68 68 68 68 68 68 68 68 68 68 68 68 68 68 68 68 68 68 69 68 68 69 69 69 68 68 68 68 68 68 68 68 69 69 69 69 69 69 69 69 69 69 69 69 69 69 69 70 70 69 69 70 70 70 70 70 70 69 70 70 70 70 70 70 70 70 70 70 70 70 70 70 72 72 72 72 72 72 72 72 73 73 73 73 73 73 73 73 73 73 73 73 73 73 73 73 73 73 73 73 73 73 73 73 73 73 73 73 74 74 73 73 73 73 73 73 73 74 74 74 74 74 74 74 74 74 74 74 74 74 74 74 74 74 74 74 74 74 74 74 74 74 74 74 74 74 74 74 74 74 74 74 74 74 74 74 74 74 74 74 74 74 74 74 74 76 76 77 77 77 78 78 78 78 77 77 76 76 60 60 60 60 60 60 60 60 60 60 60 60 60 61 61 61 61 61 61 61 61 61 61 61 61 61 61 62 62 62 62 62 62 62 62 62 62 62 63 63 63 63 63 63 63 63 63 63 63 64 64 64 64 64 64 64 64 64 64 64 64 64 64 64 65 65 65 65 65 65 65 65 65 65 65 65 65 65 65 66 66 66 66 66 66 66 66 66 66 66 66 66 66 66 66 66 67 67 67 67 67 67 67 67 67 67 67 67 67 67 67 67 67 68 68 68 68 68 68 68 68 68 68 68 68 68 68 68 68 68 68 68 69 69 68 69 69 69 69 68 68 68 68 68 68 68 69 69 69 69 69 69 69 69 69 69 69 69 69 69 69 70 70 70 69 69 70 69 70 70 70 70 70 70 70 70 70 70 70 70 70 70 70 70 70 71 72 72 72 72 72 72 73 73 73 73 73 73 73 73 73 73 73 73 73 73 73 73 73 73 73 73 73 73 73 73 73 73 73 73 74 74 74 74 74 74 74 74 74 74 74 74 74 74 74 74 74 74 74 74 74 74 74 74 74 74 74 74 74 74 74 74 74 74 74 74 74 74 74 74 74 74 74 74 74 74 74 74 74 74 74 74 75 75 74 74 74 74 74 74 77 77 77 77 78 78 78 78 78 77 77 78 77 76 76 60 60 60 60 60 60 60 60 60 60 60 60 60 60 60 60 60 61 61 60 61 61 61 61 61 61 61 61 61 62 62 62 62 62 62 62 62 62 63 63 63 63 63 63 63 63 63 63 63 63 64 64 64 64 64 64 64 64 64 64 64 64 64 64 64 65 65 65 65 65 65 65 65 65 65 65 65 65 65 65 66 66 66 66 66 66 66 66 66 66 66 66 66 66 66 66 66 67 67 67 67 67 67 67 67 67 67 67 67 67 67 67 67 67 68 68 68 68 68 68 68 67 68 68 68 68 68 68 68 68 68 68 68 69 69 68 69 69 69 69 68 68 69 69 69 68 68 68 69 69 69 69 69 69 69 69 69 69 69 69 69 69 70 70 70 70 70 70 70 70 70 70 70 70 70 70 70 70 70 70 70 70 70 70 70 70 70 72 72 72 72 72 72 72 72 72 72 72 72 73 73 73 73 73 73 73 73 73 73 73 73 73 73 73 73 73 73 73 74 74 74 74 74 74 74 74 74 74 74 74 74 74 74 74 74 74 74 74 74 74 74 74 74 74 74 74 74 74 74 74 74 74 74 74 74 74 74 74 74 74 74 74 74 74 74 74 74 74 74 74 74 74 75 75 75 75 74 75 74 74 74 75 77 77 77 77 77 77 77 77 77 77 77 78 78 78 78 78 78 78 78 77 76 76 76 60 60 60 60 60 60 60 60 60 60 60 60 60 60 60 60 60 60 60 61 61 61 61 61 61 61 61 61 62 62 62 62 62 62 62 62 62 63 63 63 63 63 63 63 63 63 63 63 63 63 64 64 64 64 64 64 64 64 64 64 64 64 64 64 64 65 65 65 65 65 65 65 65 65 65 65 65 65 65 66 66 66 66 66 66 66 66 66 66 66 66 66 66 66 66 67 67 67 67 67 67 67 67 67 67 67 67 67 67 67 67 67 67 67 67 68 68 67 67 67 67 68 68 68 68 68 68 68 68 68 68 68 69 69 68 69 69 69 69 69 69 69 69 69 69 69 69 69 69 69 69 69 69 69 69 69 69 69 69 69 69 70 70 70 70 70 70 70 70 70 70 70 70 70 70 70 70 70 70 70 70 70 70 70 70 70 72 72 72 72 72 72 72 72 72 72 72 72 72 73 73 73 73 73 73 73 73 73 73 73 73 73 73 73 73 74 74 74 74 74 74 74 74 74 74 74 74 74 74 74 74 74 74 74 74 74 74 74 74 74 74 74 74 74 74 74 74 74 74 74 75 74 74 74 74 74 74 74 74 74 75 75 74 74 74 74 74 74 74 75 75 75 75 75 75 75 75 74 75 75 74 75 75 75 74 75 74 74 74 76 77 77 77 77 77 77 77 77 77 77 78 78 77 78 78 78 78 79 79 79 78 78 77 77 77 77 77 59 59 59 60 60 60 59 59 59 60 60 60 60 60 60 60 60 60 60 60 60 60 60 61 61 61 61 61 61 61 61 62 62 62 62 62 62 62 62 62 62 62 63 63 63 63 63 63 63 63 63 63 63 63 63 64 64 64 64 64 64 64 64 64 64 64 64 64 65 65 65 65 65 65 65 65 65 65 65 65 65 65 66 66 66 66 66 66 66 66 66 66 66 66 66 66 66 66 67 67 67 67 67 67 67 67 67 67 67 67 67 67 67 67 67 67 67 67 67 67 67 67 68 68 68 68 68 68 68 68 68 68 68 68 68 68 69 69 69 69 69 69 69 69 69 69 69 69 69 69 69 69 69 69 69 69 69 69 69 69 70 69 69 69 70 70 70 70 70 70 70 70 70 70 70 70 70 70 70 70 70 70 70 70 70 70 70 70 70 72 72 72 72 72 72 72 73 73 73 73 73 73 73 73 73 73 73 73 73 73 73 73 73 73 73 74 74 74 74 74 74 74 74 74 74 74 74 74 74 74 74 74 74 74 74 74 74 74 74 74 74 74 74 74 74 74 74 74 74 74 74 75 75 75 75 75 75 75 74 75 75 75 75 75 75 75 74 74 74 74 74 74 75 75 75 75 75 75 75 75 75 75 75 75 75 75 75 75 75 75 75 75 75 75 74 74 74 74 75 75 75 75 75 75 75 75 75 75 77 77 78 78 78 78 78 78 78 78 78 78 78 78 78 79 79 79 79 79 79 79 78 78 78 77 77 77 77 59 59 59 59 59 59 59 59 60 60 60 60 60 60 60 60 60 60 60 60 60 61 61 61 61 61 61 61 61 61 62 62 62 62 62 62 62 62 62 62 63 63 63 63 63 63 63 63 63 63 63 63 63 63 64 64 64 64 64 64 64 64 64 64 64 64 64 65 65 65 65 65 65 65 65 65 65 65 65 65 65 66 66 66 66 66 66 66 66 66 66 66 66 66 66 66 66 67 67 67 67 67 67 67 67 67 67 67 67 67 67 67 67 67 67 67 67 67 67 67 68 68 68 68 68 68 68 68 68 68 68 68 68 68 68 68 69 69 69 69 69 69 69 69 69 69 69 69 69 69 69 69 69 69 69 69 69 69 69 70 69 70 70 70 70 70 70 70 70 70 70 70 70 70 70 70 70 70 70 70 70 70 70 70 70 70 70 70 72 72 73 73 73 73 73 73 73 73 73 73 73 73 73 73 73 73 73 73 73 73 73 73 74 74 74 74 74 74 74 74 74 74 74 74 74 74 74 74 74 74 74 74 74 74 74 74 74 74 74 74 74 74 74 74 74 74 74 74 74 75 75 75 75 75 75 75 75 75 75 75 75 75 75 75 75 74 74 74 75 74 75 75 75 75 75 75 75 75 75 75 75 75 75 75 75 75 75 75 75 75 75 75 75 75 76 75 75 76 75 75 75 75 75 76 75 75 75 75 75 75 75 75 75 75 75 75 77 78 78 78 78 78 78 78 79 79 79 79 79 79 79 79 79 79 79 79 79 79 79 79 78 78 78 78 77 78 78 59 59 59 59 59 59 59 59 60 60 60 60 60 60 60 60 60 60 60 60 60 61 61 60 60 61 61 61 61 61 61 61 62 62 62 62 62 62 62 62 62 62 62 63 63 63 63 63 63 63 63 63 63 63 63 63 63 64 64 64 64 64 64 64 64 64 64 64 64 65 65 65 65 65 65 65 65 65 65 65 65 65 65 66 66 66 66 66 66 66 66 66 66 66 66 66 66 66 67 67 67 67 67 67 67 67 67 67 67 67 67 67 67 67 67 67 67 68 67 68 67 67 68 68 68 68 68 68 68 68 68 68 68 68 69 69 69 69 69 69 69 69 69 69 69 69 69 69 69 69 69 69 69 69 69 69 69 69 69 69 69 70 70 70 70 70 70 70 70 70 70 70 70 70 70 70 70 70 70 71 70 70 70 70 70 70 71 70 71 72 72 73 73 73 73 73 73 73 73 73 73 73 73 73 73 73 73 73 73 73 74 74 74 74 74 74 74 74 74 74 74 74 74 74 74 74 74 74 74 74 74 74 74 74 74 74 74 74 74 74 74 74 74 74 74 74 75 74 74 74 75 75 75 75 75 75 75 75 75 75 75 75 75 75 75 75 75 75 75 75 75 75 75 75 75 75 75 75 75 75 75 75 75 75 75 75 75 75 75 76 76 76 76 76 76 76 75 75 75 75 75 76 75 76 76 76 76 76 76 75 76 76 76 76 76 76 76 76 76 76 76 76 76 77 78 78 78 78 79 79 79 79 79 79 79 79 79 79 79 79 79 80 79 79 79 79 79 79 78 78 78 78 78 78 78 78 59 59 59 59 59 59 59 59 59 59 59 60 60 60 60 60 60 60 60 60 60 60 61 61 60 60 60 61 61 61 61 61 61 61 61 62 62 62 62 62 62 62 63 62 62 62 63 63 63 63 63 63 63 63 63 63 63 63 63 63 64 64 64 64 64 64 64 64 64 64 64 65 65 65 65 65 65 65 65 65 65 65 65 65 65 66 66 66 66 66 66 66 66 66 66 66 66 66 66 66 67 67 67 67 67 67 67 67 67 67 67 67 67 67 67 67 67 67 67 68 68 68 68 68 68 68 68 68 68 68 68 68 68 68 68 68 69 69 69 69 69 69 69 69 69 69 69 69 69 69 69 69 69 69 69 69 69 69 69 69 69 69 69 70 70 70 70 70 70 70 70 70 70 70 70 70 70 70 70 70 71 71 71 71 71 71 71 71 71 71 71 73 73 73 73 73 73 73 73 73 73 73 73 73 73 73 73 73 73 73 73 74 74 74 74 74 74 74 74 74 74 74 74 74 74 74 74 74 74 74 74 74 74 74 74 74 74 74 74 74 74 74 74 75 75 75 75 75 75 75 75 75 75 75 75 75 75 75 75 75 75 75 75 75 75 75 75 75 75 75 75 75 75 75 75 75 75 75 75 75 75 75 75 75 75 75 75 75 75 75 76 76 76 76 76 76 75 75 76 76 76 75 76 76 75 76 76 76 76 76 76 76 76 76 76 77 76 77 76 76 76 76 76 76 76 76 76 76 76 76 75 77 78 78 79 78 79 79 79 79 79 79 79 79 79 79 79 79 79 79 79 79 79 79 79 79 79 78 78 78 78 78 78 78 78 78 78 79 59 59 59 59 59 59 59 59 59 59 59 59 59 59 60 60 60 60 60 60 60 60 61 61 61 61 61 61 61 61 61 61 61 61 61 61 61 61 62 62 62 62 62 62 62 62 62 62 62 62 63 63 63 63 63 63 63 63 63 63 63 64 64 64 64 64 64 64 64 64 64 64 64 64 65 65 65 65 65 65 65 65 65 65 65 65 65 65 66 66 66 66 66 66 66 66 66 66 66 66 66 66 67 67 67 67 67 67 67 67 67 67 67 67 67 67 67 67 67 67 67 68 68 68 68 68 68 68 68 68 68 68 68 68 68 68 68 68 68 68 68 69 69 69 69 69 69 69 69 69 69 69 69 69 69 69 69 69 69 69 69 69 69 70 70 70 70 70 70 70 70 70 70 70 70 70 70 70 70 70 70 71 71 71 71 71 71 71 71 71 71 71 71 73 73 73 73 73 73 73 73 73 73 73 73 73 73 73 73 73 73 73 74 74 74 74 74 74 74 74 74 74 74 74 74 74 74 74 74 74 74 74 74 74 74 74 74 74 74 74 74 74 75 74 75 75 75 75 75 75 75 75 75 75 75 75 75 75 75 75 75 75 75 75 75 75 75 75 75 75 75 75 75 75 75 75 75 75 75 75 75 75 75 75 75 75 75 75 75 75 75 75 76 76 76 76 76 76 75 76 77 77 76 76 76 77 76 76 77 76 76 76 76 76 77 77 77 77 77 77 76 76 77 77 77 76 77 76 76 76 77 77 76 77 78 78 78 79 79 79 79 79 79 79 79 79 79 79 79 79 79 79 80 80 80 80 80 80 79 79 78 78 78 78 79 79 79 79 79 79 79 79 79 58 59 59 59 59 59 59 59 59 59 59 59 59 59 60 60 60 60 60 60 60 60 60 60 61 61 61 61 61 61 61 61 61 61 61 61 61 61 62 62 62 62 62 62 62 62 62 63 63 63 63 63 63 63 63 63 63 63 63 63 63 64 64 64 64 64 64 64 64 64 64 64 64 64 65 65 65 65 65 65 65 65 65 65 65 65 65 65 66 66 66 66 66 66 66 66 66 66 66 66 66 66 66 66 66 67 67 67 67 67 67 67 67 67 67 67 67 67 67 67 68 68 68 68 68 68 68 68 68 68 68 68 68 68 68 68 69 68 68 68 68 69 69 69 68 69 69 69 69 69 69 69 69 69 69 69 69 69 69 69 69 70 70 70 70 70 70 70 70 70 70 70 70 70 70 70 70 70 70 71 71 70 70 70 70 70 71 71 71 71 71 71 71 73 73 73 73 73 73 73 73 73 73 73 73 73 73 73 73 73 73 73 74 74 74 74 74 74 74 74 74 74 74 74 74 74 74 74 74 74 74 74 74 74 74 74 74 74 75 74 74 74 75 75 75 75 75 75 75 75 75 75 75 75 75 75 75 75 75 75 75 75 75 75 75 75 75 75 75 75 75 75 75 75 75 75 75 75 75 75 75 75 75 75 75 75 76 76 75 75 75 76 76 76 76 76 76 76 76 76 77 77 77 77 77 77 77 77 77 77 77 76 76 77 77 77 77 77 77 76 76 76 77 77 77 77 77 77 76 77 77 77 76 78 78 78 78 79 79 79 79 79 79 80 79 80 80 80 79 79 79 79 79 80 80 80 80 80 79 79 78 79 79 79 79 79 79 79 79 79 79 79 79 79 80 80 80 80 80 80 80 80 58 59 59 59 59 59 59 59 59 59 59 59 59 59 59 60 60 60 60 60 60 60 60 60 60 60 60 60 60 60 61 61 62 61 61 61 61 61 61 62 62 62 62 62 62 62 62 62 62 63 63 63 63 63 63 63 63 63 63 63 63 64 64 64 64 64 64 64 64 64 64 64 64 65 65 65 65 65 65 65 65 65 65 65 65 65 66 66 66 66 66 66 66 66 66 66 66 66 66 66 66 66 66 66 67 67 67 67 67 67 67 67 67 67 67 67 67 67 67 67 67 68 68 68 68 68 68 68 68 68 68 68 68 68 68 68 69 69 68 68 69 69 69 69 68 69 69 69 69 69 69 69 70 69 69 69 69 69 69 69 70 69 70 70 70 70 70 70 70 70 70 70 70 70 70 70 70 70 70 70 71 71 71 71 71 70 71 71 71 71 71 71 71 73 73 73 73 73 73 73 73 73 73 73 73 73 73 73 73 73 74 74 74 74 74 74 74 74 74 74 74 74 74 74 74 74 74 74 74 74 74 74 75 75 74 74 74 74 75 75 74 74 75 75 75 75 75 75 75 75 75 75 75 75 75 75 75 75 75 75 75 75 75 75 75 75 75 75 75 75 75 75 75 75 75 75 75 75 75 76 75 75 76 76 76 76 76 76 75 75 76 76 76 76 76 76 76 77 77 77 76 76 77 77 77 77 77 77 78 77 77 76 76 77 77 77 76 76 76 77 77 76 77 77 77 77 78 77 76 76 77 77 77 76 77 77 78 79 79 79 79 79 79 79 80 80 80 79 79 80 80 80 80 80 80 80 80 80 80 80 79 79 79 79 79 79 79 79 79 80 79 79 79 79 79 79 80 80 80 80 80 80 80 80 80 80 58 58 58 59 59 59 59 59 59 59 59 59 59 59 59 59 59 60 60 60 60 60 60 60 60 60 60 60 60 60 60 61 61 61 62 62 61 61 61 61 61 62 62 62 62 62 62 62 62 62 62 62 63 63 63 63 63 63 63 63 63 63 64 64 64 64 64 64 64 64 64 64 64 64 64 65 65 65 65 65 65 65 65 65 65 65 66 66 66 66 66 66 66 66 66 66 66 66 66 66 66 66 66 67 67 67 67 67 67 67 67 67 67 67 67 67 67 67 67 67 67 67 67 68 68 68 68 68 68 68 68 68 68 68 68 69 69 68 69 69 68 68 69 69 69 68 69 69 69 69 69 69 69 70 69 69 69 69 69 69 70 70 70 70 69 69 70 70 70 70 70 70 70 70 70 70 70 70 70 70 70 70 70 70 70 70 70 70 71 71 71 71 71 71 72 73 73 73 73 73 73 73 73 73 73 73 73 73 73 73 73 74 74 74 74 74 74 74 74 74 74 74 74 74 74 74 74 74 74 74 75 75 75 75 75 75 75 74 74 75 75 75 74 75 75 75 75 75 75 75 75 75 75 75 75 75 75 75 75 75 76 76 76 76 76 76 76 75 75 76 76 76 75 75 75 75 75 75 75 75 76 76 76 76 76 76 76 76 76 75 75 76 76 76 76 76 77 77 77 77 77 77 77 77 77 77 77 77 77 77 77 77 77 77 77 77 77 77 77 77 77 77 77 77 77 78 78 78 77 77 77 77 78 78 77 76 77 78 79 79 79 79 79 79 79 79 80 80 80 80 79 79 80 80 80 80 80 80 80 80 80 79 80 80 79 79 79 80 80 80 80 80 80 80 80 80 80 79 80 80 80 80 80 80 80 80 80 80 80 80 58 58 58 58 59 59 59 59 59 59 59 59 59 59 59 59 59 59 59 59 59 59 59 59 59 60 60 60 60 60 60 60 61 60 61 61 61 62 61 61 61 61 62 62 62 62 62 62 62 62 62 62 62 63 63 63 63 63 63 63 63 63 63 64 64 64 64 64 64 64 64 64 64 64 64 64 65 65 65 65 65 65 65 65 65 65 66 66 66 66 66 66 66 66 66 66 66 66 66 66 66 66 66 67 67 67 67 67 67 67 67 67 67 67 67 67 67 67 67 67 67 67 67 67 68 68 68 68 68 68 68 68 68 68 68 69 69 68 68 69 69 68 68 69 69 69 69 69 69 69 69 69 69 69 70 69 70 70 69 69 70 70 69 69 69 70 69 70 70 70 70 70 70 70 70 70 70 70 70 70 70 70 70 70 70 70 70 70 70 70 71 70 70 71 71 72 73 73 73 73 73 73 73 73 73 73 73 73 73 73 73 73 74 74 74 74 74 74 74 74 74 74 74 74 74 74 74 74 74 75 75 75 75 75 75 75 75 75 75 74 75 75 75 75 75 75 75 75 75 75 75 75 75 75 75 75 75 75 75 75 75 76 76 76 76 76 75 75 76 76 76 76 76 76 75 75 75 75 75 75 75 76 76 76 76 76 76 76 76 76 76 76 76 76 76 76 77 77 77 77 77 77 77 77 77 77 77 77 77 77 78 78 77 78 78 78 78 77 78 77 77 78 78 77 77 77 78 78 78 78 77 77 77 78 78 78 78 76 77 78 79 80 79 79 79 79 79 79 80 80 80 80 80 80 79 79 80 80 80 80 80 80 80 80 80 80 80 79 79 79 80 80 80 80 80 80 80 80 80 80 80 80 80 80 80 80 80 81 81 81 81 81 81 80 58 58 58 58 58 59 59 59 59 59 59 59 59 59 59 59 59 59 59 59 59 59 59 59 59 60 60 60 60 60 60 60 60 60 60 61 61 61 61 61 61 61 61 62 62 61 61 61 62 62 62 62 62 62 62 62 62 63 63 63 63 63 63 63 63 63 63 63 63 63 64 64 64 64 64 64 64 64 64 64 64 64 64 65 65 65 65 65 65 65 65 65 65 65 65 65 65 66 66 66 66 66 66 66 66 66 66 66 66 66 66 66 66 66 67 67 67 67 67 67 67 67 67 67 67 67 67 67 67 67 67 67 68 68 68 68 68 68 68 68 68 68 68 68 68 68 68 69 69 69 69 69 69 69 69 69 69 69 69 69 69 69 69 69 69 69 69 69 69 69 70 69 69 70 70 70 70 70 70 70 70 70 70 70 70 70 70 70 70 70 70 70 70 70 70 73 73 73 73 73 73 73 73 73 73 73 73 73 73 73 74 74 74 74 74 74 74 74 74 74 74 74 74 74 74 75 75 75 75 75 75 75 75 75 75 75 75 75 75 75 75 75 75 75 75 74 74 74 75 75 75 75 75 75 75 75 75 75 75 75 75 75 75 75 75 75 75 75 75 75 75 75 75 75 75 75 75 75 75 75 75 75 75 75 75 75 75 75 75 76 76 76 76 76 76 76 76 76 76 77 77 77 77 76 77 77 77 77 77 77 77 77 77 77 78 78 77 77 78 77 77 78 77 77 76 77 77 77 78 78 77 77 77 77 78 77 77 76 78 78 79 79 80 79 79 79 80 80 80 80 80 80 80 80 80 80 80 80 80 80 80 80 80 80 80 80 80 80 80 80 80 80 80 80 80 81 81 81 81 81 81 81 81 81 81 81 81 81 81 81 81 81 81 81 81 81 81 57 58 58 58 58 58 58 58 58 59 59 59 59 59 59 59 59 59 59 59 59 59 59 60 60 60 60 60 60 60 60 60 60 60 60 60 61 60 61 61 61 61 61 61 61 61 61 62 61 61 61 61 62 62 62 62 62 62 62 62 62 63 63 63 63 63 63 63 63 63 63 63 63 64 64 64 64 64 64 64 64 64 64 64 64 64 64 65 65 65 65 65 65 65 65 65 65 65 65 66 66 66 66 66 66 66 66 66 66 66 66 66 66 66 66 66 66 67 67 67 67 67 67 67 67 67 67 67 67 67 67 67 67 68 68 68 68 68 68 68 68 68 68 68 68 68 68 68 68 68 69 69 69 69 69 69 69 69 69 69 69 69 69 69 69 69 69 69 69 69 69 69 69 69 69 69 69 69 70 70 70 70 70 70 70 70 70 70 70 70 70 70 70 70 70 70 71 71 73 73 73 73 73 73 73 73 73 73 73 74 74 74 74 74 74 74 74 74 74 74 74 74 74 74 74 74 75 75 75 75 75 75 75 75 75 75 75 75 75 75 75 75 75 75 75 75 75 75 74 74 74 75 75 75 75 75 75 75 75 75 75 75 75 75 75 75 75 75 75 76 75 75 75 75 76 76 75 75 75 75 75 75 75 75 75 75 75 75 75 75 76 76 76 76 76 76 76 76 76 76 76 76 76 77 77 77 76 76 77 77 77 77 77 77 77 77 78 78 77 78 78 78 78 78 78 77 77 77 77 77 78 78 78 77 77 77 77 78 77 77 76 78 78 79 79 79 80 80 80 80 80 80 80 80 81 80 80 80 80 80 80 80 80 80 80 80 80 80 80 80 80 80 80 80 80 80 80 80 80 80 81 81 81 81 81 81 81 81 81 81 81 81 81 81 81 81 81 81 81 81 82 81 57 57 58 58 58 58 58 58 58 58 58 58 59 59 59 59 59 59 59 59 59 60 60 60 60 60 60 60 60 60 60 60 61 61 61 61 60 61 61 61 61 61 61 61 61 61 61 62 61 61 61 62 62 62 62 62 62 62 62 62 63 63 63 63 63 63 63 63 63 63 63 63 63 64 64 64 64 64 64 64 64 64 64 64 64 64 65 65 65 65 65 65 65 65 65 65 65 65 65 65 66 66 66 66 66 66 66 66 66 66 66 66 66 66 66 66 67 67 67 67 67 67 67 67 67 67 67 67 67 67 67 67 67 68 68 68 68 68 68 68 68 68 68 68 68 68 68 68 68 69 69 69 69 69 69 69 69 69 69 69 69 69 69 69 69 69 69 69 69 69 70 69 69 69 69 69 69 69 69 70 70 70 70 70 70 70 70 70 70 70 70 70 70 70 70 71 71 71 73 73 73 73 73 73 73 73 73 73 73 74 74 74 74 74 74 74 74 74 74 74 74 74 74 74 74 75 75 75 75 75 75 75 75 75 75 75 75 75 75 75 75 75 75 75 75 75 75 75 74 74 75 75 75 75 75 75 75 75 75 75 75 75 75 75 75 75 75 75 75 76 76 76 76 76 76 76 75 75 75 75 75 75 75 75 75 75 75 75 75 75 75 76 76 76 76 76 76 75 75 75 76 76 77 77 77 77 77 77 77 77 77 77 77 77 77 77 78 78 77 78 77 78 78 78 78 78 78 78 77 77 78 78 79 78 78 78 77 77 77 77 77 76 78 78 79 79 79 79 80 80 80 80 80 80 80 80 81 81 81 81 80 80 80 80 80 80 80 80 80 80 80 80 80 80 80 80 80 80 80 80 80 81 81 81 81 81 81 81 81 81 81 81 81 81 81 81 81 81 81 82 82 82 82 82 82 57 58 58 58 58 58 58 58 58 58 58 58 59 59 59 59 59 59 59 59 59 59 59 59 59 60 60 60 60 60 60 60 60 60 61 60 61 61 61 61 61 61 61 61 61 62 62 61 61 61 62 62 62 62 62 62 62 62 62 63 63 63 63 63 63 63 63 63 63 63 63 63 63 64 64 64 64 64 64 64 64 64 64 64 65 65 65 65 65 65 65 65 65 65 65 65 66 65 66 66 66 66 66 66 66 66 66 66 66 66 66 66 66 66 66 67 67 67 67 67 67 67 67 67 67 67 67 67 67 67 67 67 68 68 68 68 68 68 68 68 68 68 68 68 68 68 68 68 68 68 69 69 69 69 69 69 69 69 69 69 69 69 69 69 69 69 69 69 69 69 69 70 69 69 70 70 70 69 70 70 70 70 70 70 70 70 70 70 70 70 70 71 71 71 71 71 71 73 73 73 73 73 73 74 74 74 74 74 74 74 74 74 74 74 74 74 74 74 74 74 74 74 75 75 75 75 75 75 75 75 75 75 75 75 75 75 75 75 75 75 75 75 75 75 75 75 75 74 74 74 75 75 75 75 75 75 75 75 75 75 75 75 75 75 75 76 76 76 76 76 76 76 76 76 76 76 76 76 76 76 75 75 75 75 75 75 75 75 75 76 76 76 76 76 76 75 75 75 76 76 77 77 77 77 77 77 77 77 77 77 77 77 77 77 77 78 78 77 78 77 78 78 78 78 78 78 78 78 78 78 78 78 79 78 78 77 77 77 77 77 76 78 78 79 79 79 79 80 80 80 80 80 80 80 80 80 80 81 81 81 81 81 81 81 81 81 81 80 80 80 80 80 80 80 80 80 81 81 81 81 80 80 80 81 81 81 81 81 81 81 81 81 81 81 81 81 81 82 82 82 82 82 82 82 82 57 58 58 58 58 58 58 58 58 58 58 59 59 59 59 59 59 59 59 59 59 59 59 59 59 60 60 60 60 60 60 60 60 60 61 61 61 61 61 61 61 61 61 61 61 61 61 61 61 62 62 62 62 62 62 62 62 62 62 63 62 63 63 63 63 63 63 63 63 63 63 63 63 64 64 64 64 64 64 64 64 64 64 64 65 65 65 65 65 65 65 65 65 65 65 65 66 65 66 66 66 66 66 66 66 66 66 66 66 66 66 66 66 66 66 67 67 67 67 67 67 67 67 67 67 67 67 67 67 67 67 67 68 68 68 68 68 68 68 68 68 68 68 68 68 68 68 68 69 69 69 69 69 69 69 69 69 69 69 69 69 70 69 69 69 69 69 69 69 69 70 70 70 70 70 70 70 70 70 70 70 70 70 70 70 70 70 70 70 71 71 71 71 71 71 71 71 73 73 73 73 74 74 74 74 74 74 74 74 74 74 74 74 74 74 74 74 74 74 74 75 75 75 75 75 75 75 75 75 75 75 75 75 75 75 75 75 75 75 75 75 75 75 76 76 76 76 75 74 74 75 75 75 75 75 75 75 75 75 75 75 75 75 75 76 76 76 76 76 76 76 76 76 76 76 76 76 76 76 76 76 76 76 75 75 75 75 76 76 76 76 76 76 76 76 75 76 76 76 76 77 77 77 77 77 77 77 77 77 77 77 77 77 77 78 78 78 78 77 78 78 78 78 78 78 78 78 79 78 79 78 79 79 79 78 78 77 77 77 77 77 77 78 79 79 79 80 80 80 80 81 81 81 81 81 80 80 80 81 81 80 81 81 81 81 81 81 81 81 80 80 80 80 80 81 80 81 81 81 81 81 81 81 81 81 81 81 81 82 82 82 82 82 82 82 82 82 82 82 57 57 57 57 57 57 58 58 58 58 58 58 58 58 59 59 59 59 59 59 59 59 59 59 59 59 59 60 60 60 60 60 60 60 60 60 60 61 61 61 61 61 61 61 61 61 61 61 61 61 61 62 62 62 62 62 62 62 62 62 62 62 62 63 63 63 63 63 63 63 63 63 63 63 63 64 64 64 64 64 64 64 64 64 64 65 65 65 65 65 65 65 65 65 65 65 65 65 65 65 66 66 66 66 66 66 66 66 66 66 66 66 66 66 66 66 67 67 67 67 67 67 67 67 67 67 67 67 67 67 67 67 67 67 68 68 68 68 68 68 68 68 68 68 68 68 68 68 68 69 69 69 69 69 69 69 69 69 69 69 69 69 70 70 70 69 69 69 69 69 69 69 69 70 70 70 70 70 70 70 70 70 70 70 70 70 70 70 70 71 70 71 71 71 71 71 71 71 71 73 73 73 73 74 74 74 74 74 74 74 74 74 74 74 74 74 74 74 74 74 74 75 75 75 75 75 75 75 75 75 75 75 75 75 75 75 75 75 75 75 75 75 75 75 75 76 76 76 76 75 75 75 75 75 75 75 75 75 75 75 75 75 75 75 75 76 76 76 76 76 76 76 76 76 76 76 76 76 76 76 76 76 76 76 76 76 76 75 75 75 75 76 76 76 76 76 76 76 76 76 76 76 77 77 77 77 77 77 77 77 77 77 77 77 78 77 78 78 78 78 78 78 78 78 78 78 78 78 78 78 79 79 79 79 78 79 79 78 78 78 77 77 77 77 77 78 79 79 79 80 80 80 80 81 81 81 81 81 81 81 80 81 81 81 80 81 81 81 81 81 81 81 81 81 81 80 80 81 81 81 81 81 81 81 81 81 81 82 82 82 82 82 82 82 82 82 82 82 82 82 57 57 57 57 57 57 57 58 58 58 58 58 58 58 59 58 59 59 59 59 59 59 59 59 59 59 59 60 60 60 60 60 60 60 60 60 60 61 61 61 60 61 61 61 61 61 62 62 61 61 61 62 62 62 62 62 62 62 62 62 62 62 62 63 63 63 63 63 63 63 63 63 63 64 64 64 64 64 64 64 64 64 64 64 64 65 65 65 65 65 65 65 65 65 65 65 65 65 65 65 66 66 66 66 66 66 66 66 66 66 66 66 66 66 66 66 67 67 67 67 67 67 67 67 67 67 67 67 67 67 67 67 67 67 68 68 68 68 68 68 68 68 68 68 68 68 68 68 68 69 69 69 69 69 69 69 69 69 69 69 69 69 69 70 70 69 69 69 69 69 69 69 69 69 70 70 70 70 70 70 70 70 70 70 70 70 70 70 71 71 71 71 71 71 71 71 71 71 71 73 73 73 73 74 74 74 74 74 74 74 74 74 74 74 74 74 74 74 74 74 74 75 75 75 75 75 75 75 75 75 75 75 75 75 75 75 75 75 75 75 75 75 75 75 75 76 76 76 76 75 75 75 75 75 75 75 75 75 75 75 75 76 76 76 76 76 76 76 76 76 76 76 76 76 76 76 76 76 76 76 76 76 76 76 76 76 76 76 76 75 75 76 76 76 76 76 76 76 75 76 76 77 77 77 77 77 77 77 77 77 77 77 77 77 78 78 78 78 78 78 78 78 78 78 78 78 78 78 78 78 79 79 79 78 78 78 78 79 78 78 78 78 78 78 78 78 78 79 79 79 80 80 80 80 80 81 81 81 81 81 81 81 81 81 81 81 80 80 80 81 81 81 81 81 81 81 81 81 81 81 81 81 81 81 81 81 81 81 81 82 82 82 82 82 82 82 82 82 56 56 56 56 56 56 56 57 57 57 57 57 57 57 58 58 58 58 58 58 58 59 59 59 59 59 59 59 59 59 59 59 59 59 59 60 60 60 60 60 60 60 60 60 60 61 61 61 61 61 61 61 62 62 62 61 61 62 62 62 62 62 62 62 62 62 63 63 63 63 63 63 63 63 63 63 63 63 63 63 64 64 64 64 64 64 64 64 64 64 64 64 64 65 65 65 65 65 65 65 65 65 65 65 65 65 65 66 66 66 66 66 66 66 66 66 66 66 66 66 66 66 67 67 67 67 67 67 67 67 67 67 67 67 67 67 67 67 67 67 68 68 68 68 68 68 68 68 68 68 68 68 68 68 68 68 68 69 69 69 69 69 69 69 69 69 69 69 69 69 69 69 69 69 69 69 69 69 69 69 70 70 70 70 70 70 70 70 70 70 70 70 70 70 71 71 71 71 71 71 71 71 71 71 71 73 73 73 74 74 74 74 74 74 74 74 74 74 74 74 74 74 74 74 74 74 74 74 75 75 75 75 75 75 75 75 75 75 75 75 75 75 75 75 76 76 76 76 75 75 75 76 76 76 76 75 75 75 75 75 75 75 75 75 76 76 76 76 76 76 76 76 76 76 76 76 76 76 76 76 76 76 76 76 76 76 76 76 76 76 76 76 76 76 76 76 76 75 75 76 76 76 76 75 76 76 76 77 77 77 77 77 77 77 78 78 77 78 78 77 78 78 78 78 78 78 78 78 78 78 79 78 78 78 78 78 79 79 79 79 78 78 78 78 78 78 78 78 78 78 78 78 78 78 79 79 79 80 80 80 81 81 81 81 81 81 81 81 81 81 81 81 80 81 81 80 80 81 81 81 81 81 81 81 81 81 81 81 81 81 81 81 81 81 81 81 82 82 82 82 56 56 56 56 56 56 56 57 56 57 57 57 57 57 57 58 58 58 58 58 58 59 59 59 59 59 59 59 59 59 59 59 59 59 59 59 60 60 60 60 60 60 60 60 60 60 60 61 61 61 61 61 61 62 62 61 61 62 62 62 62 62 62 62 62 62 62 63 63 63 63 63 63 63 63 63 63 63 63 63 64 64 64 64 64 64 64 64 64 64 64 64 64 64 65 65 65 65 65 65 65 65 65 65 65 65 65 66 66 66 66 66 66 66 66 66 66 66 66 66 66 66 66 66 67 67 67 67 67 67 67 67 67 67 67 67 67 67 67 68 68 68 68 68 68 68 68 68 68 68 68 68 68 68 68 68 69 69 69 69 69 69 69 69 69 69 69 69 69 69 69 69 69 69 69 69 69 69 69 69 69 70 69 70 70 70 70 70 70 70 70 70 70 71 71 71 71 71 71 71 71 71 71 71 71 74 74 74 74 74 74 74 74 74 74 74 74 74 74 74 74 74 74 74 74 75 74 74 75 75 75 75 75 75 75 75 75 75 75 75 75 75 76 76 76 76 76 76 76 75 75 76 76 76 76 75 75 75 75 75 75 75 75 76 76 76 76 76 75 76 75 76 76 76 76 76 76 76 76 76 76 76 76 76 76 77 77 77 77 77 77 77 77 77 76 76 76 76 76 76 76 76 76 76 77 77 77 77 77 77 77 77 77 78 78 78 78 78 78 78 78 78 78 78 78 78 78 78 79 79 78 78 78 79 79 79 79 79 79 78 78 78 78 78 78 78 78 79 79 78 78 78 78 78 78 79 79 80 80 80 81 81 81 81 81 81 81 81 81 81 81 81 81 80 80 81 81 81 81 81 81 81 81 81 81 81 81 81 81 81 81 81 81 81 82 81 82 56 56 56 56 56 56 56 56 56 57 57 57 57 57 57 58 58 58 58 58 58 59 59 59 59 59 59 59 59 59 59 59 59 59 59 59 59 60 60 60 60 60 60 60 60 61 61 61 61 61 61 61 61 61 61 61 61 61 62 62 62 62 62 62 62 62 62 62 62 63 63 63 63 63 63 63 63 63 63 63 63 63 64 64 64 64 64 64 64 64 64 64 64 65 65 65 65 65 65 65 65 65 65 65 65 65 65 66 66 66 66 66 66 66 66 66 66 66 66 66 66 66 66 67 67 67 67 67 67 67 67 67 67 67 67 67 67 68 68 68 68 68 68 68 68 68 68 68 68 68 68 68 68 68 69 69 69 69 69 69 69 69 69 69 69 69 69 69 69 69 69 70 70 69 69 69 69 69 69 69 69 69 70 70 70 70 70 70 70 70 71 71 71 71 71 71 71 71 71 71 71 71 71 71 71 74 74 74 74 74 74 74 74 74 74 74 74 74 74 74 74 74 74 75 75 75 75 75 75 75 75 75 75 75 75 75 75 75 75 75 76 76 76 76 76 76 76 76 76 76 75 75 76 76 76 75 75 75 75 75 75 75 76 76 76 76 76 76 76 76 76 76 76 76 76 76 75 76 76 76 76 76 76 76 77 76 76 77 77 77 77 77 77 77 76 77 76 77 76 76 76 76 76 77 77 77 77 77 77 77 78 78 77 78 78 78 78 78 78 78 78 78 78 78 78 78 79 79 79 79 79 79 79 79 79 79 79 79 79 78 78 79 79 79 79 79 79 80 79 78 79 78 78 78 79 79 80 80 80 81 81 81 81 81 81 81 81 81 81 81 81 81 81 81 81 81 81 80 81 81 81 81 81 81 81 81 81 81 81 82 81 82 82 82 82 82 82 55 55 56 56 56 56 56 56 56 56 57 57 57 57 57 58 58 58 58 58 58 58 58 59 59 59 59 59 59 59 59 59 59 59 59 59 59 60 60 60 60 60 60 60 60 60 60 61 61 61 61 61 61 61 61 61 61 61 61 62 62 62 62 62 62 62 62 62 62 63 63 63 63 63 63 63 63 63 63 63 63 63 63 64 64 64 64 64 64 64 64 64 64 64 64 65 65 65 65 65 65 65 65 65 65 65 65 66 66 66 66 66 66 66 66 66 66 66 66 66 66 66 66 67 67 67 67 67 67 67 67 67 67 67 67 67 68 68 68 68 68 68 68 68 68 68 68 68 68 68 68 68 68 68 69 69 69 69 69 69 69 69 69 69 69 69 69 69 69 69 69 69 69 69 69 69 69 69 69 69 69 69 70 70 70 70 70 70 70 70 71 70 71 71 71 71 71 71 71 71 71 71 71 71 71 74 74 74 74 74 74 74 74 74 74 74 74 74 74 74 74 75 75 75 75 75 75 75 75 75 75 75 75 75 75 75 75 75 75 76 76 76 76 76 76 76 76 76 76 76 76 76 76 76 76 75 75 75 75 75 75 75 76 76 76 76 76 76 76 76 76 76 76 76 76 76 76 76 76 76 76 76 76 76 76 76 77 76 77 77 77 77 77 77 77 77 77 77 76 76 76 77 77 77 77 77 77 77 77 77 78 78 78 78 78 78 78 78 78 78 78 78 78 78 78 79 79 78 79 79 79 79 79 79 79 80 79 79 79 78 79 79 79 79 79 79 79 79 79 79 79 79 78 78 78 78 79 79 79 79 80 80 81 81 81 81 81 81 81 82 82 82 82 81 81 81 81 81 81 81 81 81 81 81 81 81 81 81 81 81 81 82 82 82 82 82 82 82 82 82 55 55 56 57 57 57 57 57 56 57 57 57 57 57 57 58 58 58 58 58 58 58 59 58 59 59 59 59 59 59 59 59 59 59 59 59 59 59 60 60 60 60 60 60 60 60 61 61 61 61 61 61 61 61 61 61 61 61 61 62 62 62 62 62 62 62 62 62 62 62 63 63 63 63 63 63 63 63 63 63 63 63 63 64 64 64 64 64 64 64 64 64 64 64 64 65 65 65 65 65 65 65 65 65 65 65 66 66 66 66 66 66 66 66 66 66 66 66 66 66 66 67 67 67 67 67 67 67 67 67 67 67 67 67 67 67 68 68 68 68 68 68 68 68 68 68 68 68 68 68 68 68 68 68 69 69 69 69 69 69 69 69 69 69 69 69 69 69 69 70 69 69 69 69 69 69 69 69 69 69 70 70 70 70 70 70 70 70 70 71 70 70 70 71 71 71 71 71 71 71 71 71 71 71 74 74 74 74 74 74 74 74 74 74 74 74 74 74 74 75 75 75 75 75 75 75 75 75 75 75 75 75 75 75 75 75 76 76 76 76 76 76 76 76 76 76 76 76 76 76 76 76 76 76 75 75 76 76 75 75 75 76 76 76 76 76 76 76 76 76 76 76 76 76 77 76 76 76 76 76 76 77 76 76 76 77 77 77 77 77 77 77 77 77 77 77 77 76 76 76 76 77 77 77 77 77 77 78 78 78 78 78 78 78 78 78 78 78 78 78 78 78 78 78 78 78 78 79 79 79 79 79 79 79 79 80 79 79 79 79 79 79 79 79 79 79 79 79 80 80 79 79 79 78 79 79 79 79 79 80 80 80 80 81 81 81 81 82 82 82 82 82 82 82 82 82 82 82 82 82 82 81 81 81 81 81 81 81 81 81 81 82 82 82 82 82 82 82 82 82 82 55 55 56 56 56 57 57 57 57 57 57 57 57 57 57 58 58 58 58 58 58 58 59 58 59 59 59 59 59 59 59 59 59 59 59 59 59 59 59 60 60 60 60 60 60 60 61 61 61 61 61 61 61 61 61 61 61 61 61 62 62 62 62 62 62 62 62 62 62 62 62 62 62 63 63 63 63 63 63 63 63 63 63 63 63 63 64 64 64 64 64 64 64 64 65 65 65 65 65 65 65 65 65 65 65 65 66 66 66 66 66 66 66 66 66 66 66 66 66 66 67 67 67 67 67 67 67 67 67 67 67 67 67 67 67 67 68 68 68 68 68 68 68 68 68 68 68 68 68 68 68 68 68 69 69 69 69 69 69 69 69 69 69 69 70 70 70 69 69 69 69 69 70 70 69 69 70 69 69 69 70 70 70 70 70 70 70 70 70 70 71 70 70 71 71 71 71 71 71 71 71 71 71 71 74 74 74 74 74 74 74 74 74 74 74 74 74 74 74 75 75 75 75 75 75 75 75 75 75 75 75 75 75 75 76 76 76 76 76 76 76 76 76 76 76 76 76 76 76 76 76 76 76 76 75 75 75 76 76 75 75 76 76 76 76 76 76 76 76 76 76 76 76 76 76 76 76 76 76 76 76 77 77 77 77 77 77 77 77 77 77 77 77 77 77 77 76 77 77 77 77 77 77 77 77 77 78 78 78 78 78 78 78 78 78 78 78 78 78 78 78 78 78 78 78 79 79 79 79 79 79 79 79 79 80 80 80 79 79 80 80 80 80 79 79 79 79 79 79 80 79 79 79 79 79 79 79 79 79 79 79 80 80 81 81 81 82 82 82 82 82 82 82 82 82 82 82 82 82 82 82 82 82 82 81 82 81 81 81 81 81 81 82 82 82 82 82 82 82 82 55 55 55 56 56 56 57 57 57 57 57 57 58 58 58 58 58 58 58 58 58 58 59 59 59 59 58 59 59 59 59 59 59 59 59 59 59 59 60 60 60 60 60 60 60 61 61 61 61 61 61 62 62 61 61 61 61 61 61 62 62 62 62 62 62 62 62 62 62 62 62 62 62 62 63 63 63 63 63 63 63 63 63 63 64 64 64 64 64 64 64 65 65 65 65 65 65 65 65 65 65 65 65 65 65 66 66 66 66 66 66 66 66 66 66 66 66 66 67 67 67 67 67 67 67 67 67 67 67 67 67 67 67 67 67 68 68 68 68 68 68 68 68 68 68 68 68 68 68 68 68 68 68 69 69 69 69 69 69 69 69 69 70 69 70 70 69 69 69 69 70 70 70 70 70 70 69 69 69 70 70 70 70 70 70 70 70 70 70 71 71 71 71 71 71 71 71 71 71 71 71 71 71 74 74 74 74 74 74 74 74 74 74 74 75 74 74 75 75 75 75 75 75 75 75 75 75 75 75 75 75 75 76 76 76 76 76 76 76 76 76 76 76 76 76 76 76 76 76 76 76 76 76 76 76 76 75 76 75 76 76 76 76 76 76 76 76 76 76 77 76 76 76 77 77 77 76 76 76 77 77 77 77 77 77 77 77 77 77 77 77 78 78 77 77 77 77 77 77 77 77 77 77 77 77 78 78 78 78 78 78 78 78 78 78 78 78 78 78 79 79 79 78 78 79 79 79 79 79 79 79 79 79 80 80 80 80 80 80 80 80 80 80 80 80 80 79 79 79 79 79 79 79 79 79 79 79 79 79 79 79 79 79 79 79 80 80 80 80 81 81 82 82 82 82 82 82 82 82 82 82 82 82 82 82 82 82 82 82 82 82 81 81 81 81 82 82 82 55 55 55 55 56 56 56 57 57 57 57 57 57 58 58 58 57 57 58 58 58 58 59 59 59 59 59 59 59 59 59 59 59 59 59 59 59 59 59 60 60 60 60 60 60 61 60 61 61 61 61 61 62 61 61 61 61 61 61 61 62 62 62 62 62 62 62 62 62 62 62 62 62 62 62 62 63 63 63 63 63 63 63 64 64 64 64 64 64 64 64 65 65 65 65 65 65 65 65 65 65 65 66 65 66 66 66 66 66 66 66 66 66 66 66 66 66 66 67 67 67 67 67 67 67 67 67 67 67 67 67 67 67 67 67 67 67 68 68 68 68 68 68 68 68 68 68 68 68 68 68 69 69 69 69 69 69 69 69 69 69 69 69 69 69 69 69 69 69 70 70 70 70 70 70 70 70 70 70 70 70 70 70 70 70 70 70 70 70 71 71 71 71 71 71 71 71 71 71 71 71 71 71 74 74 74 74 74 74 74 74 74 75 75 75 75 75 75 75 75 75 75 75 75 75 75 75 75 75 75 75 75 76 76 76 76 76 76 76 76 76 76 76 76 76 76 76 76 76 76 76 76 76 76 76 76 76 76 76 76 76 76 76 76 76 76 76 76 76 77 77 76 77 77 77 77 77 77 77 76 77 77 77 77 77 77 77 77 77 77 78 78 78 77 77 77 77 77 77 77 77 77 77 77 77 78 78 78 78 78 78 78 78 78 78 78 78 78 78 78 79 79 79 78 78 79 79 79 80 79 79 80 80 80 80 80 80 80 80 80 80 81 80 80 80 80 80 79 79 80 79 80 80 79 79 79 79 79 79 79 80 80 80 80 80 80 80 80 81 81 81 82 82 82 82 82 82 82 82 82 82 82 82 82 82 82 82 82 82 82 82 82 82 82 82 82 82 82 55 55 56 56 56 56 56 56 56 57 57 57 57 58 58 58 58 58 58 58 58 58 59 59 59 59 59 59 59 59 59 59 60 60 59 59 59 59 59 60 60 60 60 60 60 60 61 61 61 61 61 61 61 61 61 61 61 61 61 61 61 62 62 62 62 62 62 63 62 62 62 62 62 62 62 63 63 63 63 63 63 63 63 64 64 64 64 64 64 64 64 65 65 65 65 65 65 65 65 65 65 65 65 65 65 66 66 66 66 66 66 66 66 66 66 66 66 67 67 67 67 67 67 67 67 67 67 67 67 67 67 67 67 67 67 67 67 67 68 68 68 68 68 68 68 68 68 68 68 68 68 69 69 69 69 69 69 69 69 69 69 69 69 69 69 69 69 69 69 70 70 69 69 70 70 70 70 70 70 70 70 70 70 70 70 70 70 70 70 71 71 71 71 71 71 71 71 71 71 71 71 71 71 74 74 74 74 74 74 74 74 75 75 75 75 75 75 75 75 75 75 75 75 75 75 75 75 75 75 75 75 76 76 76 76 76 76 76 76 76 76 76 76 76 76 76 76 76 76 76 76 77 77 76 76 76 76 76 76 76 76 76 76 76 76 76 76 76 77 77 77 77 77 77 77 77 77 77 77 77 77 77 77 77 77 77 77 77 77 77 78 78 78 77 77 77 78 77 77 77 77 77 77 78 78 78 78 78 78 78 78 78 78 78 78 78 79 79 79 79 79 79 79 78 78 78 79 79 80 80 80 80 80 80 80 80 80 80 80 80 81 81 81 81 81 81 80 80 80 79 80 79 79 80 80 80 80 79 79 80 80 80 80 80 80 81 81 81 81 81 82 82 82 82 82 82 82 82 82 82 82 82 82 82 82 82 82 82 82 82 82 82 82 82 82 82 82 82 82 55 55 56 56 56 56 56 56 56 56 57 57 57 57 58 58 58 58 58 58 58 58 59 59 59 59 59 59 59 59 59 60 60 60 60 59 59 59 60 60 60 60 60 60 60 60 61 61 61 61 61 61 61 61 61 62 61 61 61 61 61 62 62 62 62 62 62 63 63 63 63 63 63 63 63 63 63 63 63 63 63 64 64 64 64 64 64 64 64 64 64 65 65 65 65 65 65 65 65 65 65 65 65 65 65 66 66 66 65 66 66 66 66 66 66 66 66 66 67 67 67 67 67 67 67 67 67 67 67 67 67 67 67 67 68 68 67 68 68 68 68 68 68 68 68 68 68 68 68 68 68 69 68 69 69 69 69 69 69 69 69 69 69 69 69 69 69 70 70 70 70 69 69 70 70 70 70 70 70 70 70 70 70 70 70 70 70 70 71 71 71 71 71 71 71 71 71 71 71 71 71 71 71 74 74 74 74 74 74 74 75 75 75 75 75 75 75 75 75 75 75 75 75 75 75 75 75 75 75 75 75 76 76 76 76 76 76 76 76 76 76 76 76 76 76 76 76 76 76 76 76 76 77 76 76 76 76 76 76 76 76 76 76 76 76 76 76 76 77 77 77 77 77 77 77 77 77 77 77 77 77 77 77 77 77 77 77 77 77 77 77 78 78 78 78 78 78 77 77 77 77 77 77 78 78 78 78 78 78 78 78 78 78 79 78 78 78 79 79 79 79 80 80 79 78 78 79 79 79 80 80 80 80 80 81 80 80 80 80 80 81 81 81 81 81 81 80 80 80 79 80 79 80 80 80 80 80 80 80 80 80 80 80 80 80 80 80 81 81 81 82 82 82 82 82 82 82 82 82 82 82 83 83 83 83 82 82 82 83 83 82 82 82 82 82 82 82 82 82 55 55 55 55 55 56 56 56 57 57 57 57 58 57 58 58 58 58 58 58 58 58 59 59 59 59 59 59 59 59 59 59 59 59 59 59 59 59 60 60 60 60 60 60 60 61 61 61 61 61 61 61 61 61 61 62 61 61 61 61 62 62 62 62 62 62 63 63 63 63 63 63 63 63 63 63 64 64 64 64 64 64 64 64 64 64 64 64 64 65 65 65 65 65 65 65 65 65 65 65 65 65 65 65 65 65 65 66 66 66 66 66 66 66 66 66 66 66 66 66 67 67 67 67 67 67 67 67 67 67 67 67 67 68 68 68 68 68 68 67 67 67 67 68 68 68 68 68 68 68 69 68 69 69 69 69 69 69 69 69 69 69 69 69 69 69 69 70 70 70 69 70 70 70 70 70 70 70 70 70 70 70 70 70 70 70 70 70 71 71 71 71 71 71 71 71 71 71 71 71 71 71 74 74 74 74 74 74 75 75 75 75 75 75 75 75 75 75 75 75 75 75 75 75 75 75 75 75 75 75 76 76 76 76 76 76 76 76 76 76 76 76 76 76 76 76 76 76 76 76 77 77 76 76 76 76 76 76 76 76 76 76 76 76 76 76 76 76 77 77 77 77 77 77 77 77 77 77 77 77 77 77 77 77 77 77 77 77 77 78 78 78 78 78 78 78 78 78 78 78 78 78 78 78 78 78 78 78 78 78 78 78 79 79 78 78 79 79 79 79 79 80 79 78 78 79 80 80 80 80 80 80 80 81 80 80 80 81 81 81 80 80 80 81 81 80 80 80 80 80 80 80 81 80 80 80 80 80 80 80 80 80 80 80 81 81 81 81 82 82 82 82 82 82 82 82 82 82 82 82 82 83 83 83 83 82 82 82 83 83 83 82 83 83 82 82 82 82 82 55 55 56 56 56 56 56 56 56 57 57 57 57 58 58 58 59 59 58 58 58 58 59 59 59 59 59 59 59 59 59 59 59 59 59 59 59 60 60 60 60 60 60 60 61 60 60 61 61 61 61 61 61 61 61 61 61 61 61 61 61 62 62 62 62 62 63 63 63 63 63 63 63 63 63 64 64 64 64 64 64 64 64 64 64 64 64 64 64 64 64 64 65 65 65 65 65 65 65 65 65 65 65 65 65 65 66 66 66 66 66 66 66 66 66 66 66 66 66 66 67 67 67 67 67 67 67 67 67 67 67 67 68 68 68 68 68 68 68 68 67 67 68 68 68 68 68 68 68 68 68 68 69 69 69 69 69 69 69 69 69 69 69 69 69 69 69 70 69 69 70 69 70 70 70 70 70 70 70 70 70 70 70 70 70 70 70 71 71 71 71 71 71 71 71 71 71 71 72 72 71 71 74 74 74 74 74 74 75 75 75 75 75 75 75 75 75 75 75 75 75 75 75 75 75 76 75 75 75 75 76 76 76 76 76 76 76 76 76 76 76 76 77 77 77 76 76 76 76 77 77 77 76 76 76 76 76 76 76 76 76 76 76 76 76 76 76 76 77 77 77 77 77 77 77 77 77 77 77 77 77 77 77 77 77 77 77 77 77 78 78 78 78 78 78 78 78 78 78 78 78 78 79 79 79 79 78 79 78 78 79 79 79 79 79 78 79 79 79 79 79 80 80 79 78 78 79 79 80 80 80 80 80 80 80 80 81 81 81 80 80 80 80 81 81 81 81 81 80 80 80 81 81 81 81 81 81 81 81 80 80 80 80 80 81 81 81 82 82 82 82 82 82 82 82 82 82 82 82 82 82 83 83 83 83 82 82 82 82 83 83 83 83 83 83 82 82 82 83 83 55 56 56 56 56 56 56 56 57 57 57 57 57 57 58 58 58 58 58 58 58 58 59 59 59 59 59 59 59 59 59 59 59 59 59 59 59 60 60 60 60 60 60 60 61 61 60 61 61 61 61 61 61 61 61 61 62 61 61 61 61 62 62 62 62 62 63 63 63 63 63 63 63 63 63 63 63 63 64 64 64 64 64 64 64 64 64 64 64 64 64 65 65 65 65 65 65 65 65 65 65 65 65 65 66 66 66 66 66 66 66 66 66 66 66 66 66 66 66 67 67 67 67 67 67 67 67 67 67 67 67 68 68 68 68 68 68 68 68 68 68 68 68 68 68 68 68 68 68 68 68 68 69 69 69 69 69 69 69 69 69 69 69 69 69 69 69 70 70 70 70 70 70 70 70 70 70 70 70 70 71 71 71 71 71 70 71 71 71 71 71 71 71 71 71 71 71 71 72 72 72 72 74 74 74 74 74 75 75 75 75 75 75 75 75 75 75 75 75 75 75 76 76 75 76 76 76 76 75 75 76 76 76 76 76 76 76 76 76 76 76 77 77 77 77 77 76 76 77 77 77 77 76 76 76 76 76 76 76 76 76 76 76 76 76 76 76 77 77 77 77 77 77 77 77 77 77 77 77 77 77 77 77 77 77 77 77 78 78 78 78 78 78 78 78 78 78 78 78 78 78 79 79 79 79 78 79 79 78 79 79 79 79 79 79 79 79 80 80 79 79 79 80 79 78 79 79 79 79 80 80 80 80 80 80 80 81 81 81 81 80 81 81 81 81 81 81 81 81 81 81 81 81 81 81 81 81 81 81 81 81 81 80 81 81 81 82 82 82 82 82 82 82 82 82 82 82 82 82 82 82 83 83 82 83 83 83 82 82 83 83 83 83 83 83 83 83 83 83 83 83 55 55 55 56 56 56 56 56 56 56 57 57 57 57 57 58 58 58 58 58 58 58 58 59 59 59 59 59 59 59 59 59 59 59 59 59 59 59 60 60 60 60 60 60 60 60 60 60 60 61 61 61 61 61 61 61 61 62 62 62 61 61 62 62 62 62 63 63 63 63 63 63 63 63 63 63 64 63 64 64 64 64 64 64 64 64 64 64 64 64 64 64 65 65 65 65 65 65 65 65 65 65 65 65 65 66 66 66 66 66 66 66 66 66 66 66 66 66 66 67 67 67 67 67 67 67 67 67 67 67 67 67 68 68 68 68 68 68 68 68 68 68 68 68 68 68 68 68 68 68 68 68 68 68 69 69 69 69 69 69 69 69 69 69 69 69 69 70 70 70 70 70 70 70 70 70 70 70 70 70 70 70 70 71 71 71 71 71 71 71 71 71 71 71 71 71 71 71 71 72 72 72 72 74 74 74 74 75 75 75 75 75 75 75 75 75 75 75 75 75 76 76 76 76 76 76 76 75 75 75 76 76 76 76 76 76 76 76 76 76 77 77 77 77 77 77 77 76 76 77 77 77 77 76 76 76 76 76 76 76 76 76 76 76 76 76 77 77 77 77 77 77 77 77 77 77 77 77 77 77 77 77 77 77 78 78 78 78 78 78 78 78 78 78 79 79 78 78 78 78 78 79 79 79 79 79 79 79 79 79 79 79 79 79 80 79 79 79 79 80 80 79 80 80 79 79 79 79 79 80 80 80 80 80 79 80 81 80 80 81 81 80 81 81 81 82 81 82 81 81 81 81 81 81 81 81 81 81 81 81 81 81 81 80 81 81 81 81 82 82 82 83 83 83 83 83 83 83 83 83 82 82 82 82 83 82 83 82 82 83 83 83 83 83 83 83 83 83 83 83 83 83 83 54 55 55 55 55 55 55 55 56 56 56 56 56 56 57 57 58 58 58 58 58 58 58 58 58 59 59 59 59 59 59 59 59 59 59 59 60 59 59 59 60 60 60 60 60 60 60 60 60 60 60 60 61 61 61 61 61 61 61 61 62 62 62 62 62 62 62 62 63 63 63 63 63 63 63 63 63 63 63 63 64 64 64 64 64 64 64 64 64 64 64 64 64 64 65 65 65 65 65 65 65 65 65 65 65 65 65 66 66 66 66 66 66 66 66 66 66 66 66 67 67 67 67 67 67 67 67 67 67 67 67 67 67 68 68 68 68 68 68 68 68 68 68 68 68 68 68 68 68 68 68 68 68 68 69 69 69 69 69 69 69 69 69 69 69 69 69 69 69 70 70 70 70 70 70 70 70 70 70 70 70 70 70 70 70 71 71 71 71 71 71 71 71 71 71 71 71 71 71 71 71 72 72 72 72 74 74 74 74 75 75 75 75 75 75 75 75 75 75 75 75 75 76 76 76 76 76 76 76 76 76 76 76 76 76 76 76 76 76 76 77 77 77 77 77 77 77 77 77 77 77 77 77 77 77 76 76 76 76 76 76 76 76 77 77 76 76 76 77 77 77 77 77 77 77 77 77 77 77 77 77 77 77 77 78 78 78 78 78 78 78 78 78 78 78 78 79 79 79 79 78 78 78 78 78 79 79 79 79 79 79 79 79 79 79 79 80 80 80 79 79 79 80 80 80 80 80 80 80 79 79 79 80 80 80 80 80 80 81 81 80 81 81 81 81 81 81 81 81 82 81 81 81 81 81 81 81 81 81 81 81 81 81 81 81 81 81 82 82 82 82 82 83 83 83 83 83 83 83 83 83 83 83 83 83 83 83 83 83 83 83 83 83 83 83 83 83 83 83 83 83 83 83 83 83 54 54 54 54 55 55 55 55 55 55 56 56 56 56 56 57 57 57 58 58 58 58 58 59 58 58 58 58 59 59 59 59 59 59 59 59 59 59 59 59 59 59 60 60 60 60 60 60 60 60 61 61 61 61 60 61 61 61 61 61 61 61 62 62 62 62 62 62 63 63 63 63 63 63 63 63 63 63 63 63 63 64 64 64 64 64 64 64 64 64 64 64 64 64 64 64 65 65 65 65 65 65 65 65 65 65 65 65 65 66 66 66 66 66 66 66 66 66 66 66 67 67 67 67 67 67 67 67 67 67 67 67 67 67 67 67 67 67 68 68 68 68 68 68 68 68 68 68 68 68 68 68 68 68 68 68 68 69 69 69 69 69 69 69 69 69 69 69 69 70 69 70 70 70 70 70 70 70 70 70 70 70 70 70 70 71 71 71 71 71 71 71 71 71 71 71 71 71 71 71 71 71 72 72 72 72 72 74 74 74 74 75 75 75 75 75 75 75 75 75 75 75 75 75 75 76 76 76 76 76 76 76 76 76 76 76 76 76 76 76 76 77 77 77 77 77 77 77 77 77 77 77 77 77 77 77 77 76 76 76 76 76 76 77 77 77 77 77 77 77 77 77 77 77 77 77 77 77 77 77 77 77 78 77 77 78 78 78 78 78 78 78 78 78 78 78 78 78 79 79 79 79 78 79 79 78 79 79 79 79 79 79 79 79 79 79 79 79 79 80 80 79 80 80 79 80 80 80 80 80 80 79 80 79 80 80 80 81 81 81 81 81 81 81 81 81 81 81 81 82 82 81 81 81 81 81 82 82 81 81 81 81 81 81 81 81 81 81 81 81 82 82 82 82 83 83 83 83 83 83 83 83 83 83 83 83 83 83 83 83 83 83 83 83 83 83 83 83 83 83 83 83 83 83 84 84 83 54 55 55 55 55 55 55 55 55 55 56 56 56 57 57 57 57 57 58 58 58 58 58 58 58 58 58 58 58 58 59 59 59 59 59 59 59 59 59 59 60 60 60 60 60 60 60 60 60 60 61 61 61 61 61 61 61 61 61 61 61 61 62 62 62 62 62 62 62 63 63 63 63 63 63 63 63 63 63 63 63 63 63 64 64 64 64 64 64 64 64 64 64 64 64 64 65 65 65 65 65 65 65 65 65 65 65 65 65 65 66 66 66 66 66 66 66 66 66 66 67 67 67 67 67 67 67 67 67 67 67 67 67 67 67 67 67 67 68 68 68 68 68 68 68 68 68 68 68 68 68 68 68 68 68 68 68 69 69 69 69 69 69 69 69 69 69 69 69 70 70 70 70 70 70 70 70 70 70 70 70 70 70 70 71 71 71 71 71 71 71 71 71 71 71 71 71 71 71 71 71 71 72 72 72 72 72 74 74 74 74 75 75 75 75 75 75 75 75 75 75 75 75 75 75 76 76 76 76 76 76 76 76 76 76 76 76 76 76 76 77 77 77 77 77 77 77 77 77 77 77 77 77 77 77 77 77 76 77 76 76 76 76 77 77 77 77 77 77 77 77 77 77 77 77 77 77 77 77 77 77 78 78 78 78 78 78 78 78 78 78 78 78 78 78 79 78 78 79 79 79 79 79 79 79 78 79 79 79 79 79 79 79 79 79 79 79 79 79 79 80 80 80 80 79 80 81 80 80 80 80 80 80 79 80 80 80 81 81 81 81 81 81 81 81 81 81 81 81 82 82 81 81 81 81 81 82 82 82 82 81 81 82 82 82 82 81 81 81 82 82 82 82 83 83 83 83 83 83 83 83 83 83 83 83 83 83 83 83 83 83 83 83 83 83 83 83 84 84 84 84 84 83 83 84 84 84 83 54 55 55 55 55 55 55 55 55 55 56 56 56 56 57 57 57 58 58 58 58 57 57 57 58 58 58 58 58 58 59 59 59 59 59 59 59 59 59 59 59 60 60 60 60 60 60 60 60 61 61 61 61 61 61 61 61 61 61 61 61 61 61 62 62 62 62 62 62 63 63 63 63 63 63 63 63 63 63 64 64 64 64 64 64 64 64 64 64 64 64 64 64 64 65 65 65 65 65 65 65 65 65 65 65 65 65 65 66 66 66 66 66 66 66 66 66 66 66 67 67 67 67 67 67 67 67 67 67 67 67 67 67 67 67 67 67 67 68 68 68 68 68 68 68 68 68 68 68 68 68 68 68 68 68 68 68 69 69 69 69 69 69 69 69 69 69 69 70 70 69 70 70 70 70 70 70 70 70 70 70 70 70 71 71 71 71 71 71 71 71 71 71 71 71 71 71 71 71 71 71 71 72 72 72 72 72 74 74 75 75 75 75 75 75 75 75 75 75 75 75 75 75 75 75 76 76 76 76 76 76 76 76 76 76 76 76 76 76 77 77 77 77 77 77 77 77 77 77 77 77 77 77 77 77 77 77 76 77 76 76 76 76 77 77 77 77 77 77 77 77 77 77 77 77 77 77 77 77 78 78 78 78 78 78 78 78 78 78 78 78 78 78 78 78 78 78 79 79 79 79 78 79 79 79 78 78 79 79 79 79 79 79 79 80 80 80 79 79 79 80 80 80 80 80 80 81 81 81 81 81 81 81 80 80 80 80 81 81 81 81 81 82 82 81 81 81 81 81 82 81 81 81 81 81 82 82 82 82 82 82 82 82 82 82 82 81 81 81 82 82 82 82 82 83 83 83 83 83 83 83 83 83 83 83 83 83 83 83 83 83 83 83 83 83 83 84 84 84 84 84 84 84 84 84 84 84 83 53 54 54 54 55 55 55 56 56 55 56 56 56 56 56 57 57 57 58 58 58 58 57 57 58 58 58 58 58 58 58 58 59 59 59 59 59 59 59 59 60 60 60 60 60 60 60 60 60 60 60 60 61 61 61 61 61 61 61 61 61 61 61 61 62 62 62 62 62 62 62 63 63 63 63 63 63 63 64 63 64 64 64 64 64 64 64 64 64 64 64 64 65 65 65 65 65 65 65 65 65 65 65 65 65 65 66 66 66 66 66 66 66 66 66 66 66 66 66 66 66 67 67 67 67 67 67 67 67 67 67 67 67 67 67 67 67 67 67 68 68 68 68 68 68 68 68 68 68 68 68 68 68 68 68 68 68 68 69 69 69 69 69 69 69 69 69 69 69 70 70 69 70 70 70 70 70 70 70 70 70 70 70 70 70 71 71 71 71 71 71 71 71 71 71 71 71 71 71 71 71 71 72 72 72 72 72 72 74 74 75 75 75 75 75 75 75 75 75 75 75 75 75 75 75 75 76 76 76 76 76 76 76 76 76 76 76 76 76 77 77 77 77 77 77 77 77 77 77 77 77 77 77 77 77 77 77 77 77 77 77 76 77 77 77 77 77 77 77 77 77 77 77 77 77 77 77 77 77 77 78 78 78 78 78 78 78 78 78 78 78 78 78 78 78 78 78 78 79 79 79 79 79 79 79 79 79 78 79 79 79 79 79 79 80 80 80 79 79 79 79 80 80 81 81 80 81 81 81 81 81 81 81 81 81 81 80 80 81 81 81 81 81 82 82 81 81 81 81 82 82 81 81 81 81 82 82 82 82 82 83 82 82 82 82 82 82 82 81 81 82 82 82 82 83 83 83 83 83 83 83 83 83 83 83 83 83 84 84 84 83 84 83 83 83 84 84 84 84 84 84 84 84 84 84 84 84 84 84 53 54 55 55 56 56 56 56 56 56 57 56 57 57 57 57 57 58 58 58 58 58 57 57 58 58 58 58 58 58 58 58 58 59 59 59 60 60 60 60 60 60 60 60 60 60 60 61 61 60 60 61 61 61 61 61 61 61 61 61 61 61 61 62 62 62 62 62 62 62 63 63 63 63 63 63 63 63 64 64 64 64 64 64 64 64 64 64 64 65 65 65 65 65 65 65 65 65 65 65 65 66 66 66 66 66 66 66 66 66 66 66 66 66 66 66 66 66 66 66 67 67 67 67 67 67 67 67 67 67 67 67 67 67 67 67 68 68 68 68 68 68 68 68 68 69 68 68 68 68 68 68 68 69 69 69 69 69 69 69 69 69 70 70 70 70 70 70 70 70 70 70 70 70 70 70 70 70 70 70 70 70 70 71 71 71 71 71 71 71 71 71 71 71 71 72 72 72 72 72 72 72 72 72 72 72 74 74 75 75 75 75 75 75 75 75 75 75 75 75 75 75 75 76 75 76 76 76 76 76 76 76 76 76 76 76 77 77 77 77 77 77 77 77 77 77 77 77 77 77 77 77 77 77 77 77 77 77 77 77 77 77 77 77 77 77 77 77 77 77 77 77 77 77 77 77 77 78 78 78 78 78 78 78 78 78 78 78 78 78 78 79 79 78 78 79 78 79 79 80 80 80 80 79 79 78 79 80 80 80 79 79 80 80 79 79 79 80 79 80 80 80 81 81 81 81 81 80 80 81 80 81 80 81 81 81 81 81 81 81 81 81 81 81 81 81 81 81 82 81 81 81 82 82 82 82 82 82 82 82 82 82 82 82 82 82 81 81 82 82 82 82 83 83 83 83 83 83 84 84 84 83 83 83 84 84 84 84 84 84 84 84 84 84 84 84 84 84 84 84 84 84 84 84 84 84 84 84 54 54 54 55 55 55 56 55 56 56 56 56 56 57 57 57 57 57 57 58 58 58 58 57 57 57 58 58 58 58 58 58 58 59 59 59 60 60 60 60 60 60 60 60 60 60 60 60 60 60 60 60 61 61 61 61 61 61 61 61 61 61 61 61 61 62 62 62 62 62 62 63 63 63 63 63 63 63 63 64 64 64 64 64 64 64 64 64 64 64 64 65 65 65 65 65 65 65 65 65 65 65 65 65 66 66 66 66 66 66 66 66 66 66 66 66 66 66 66 66 66 67 67 67 67 67 67 67 67 67 67 67 67 67 68 68 68 68 68 68 68 68 68 68 68 69 68 68 68 68 68 68 68 68 68 68 69 69 69 69 69 69 69 69 69 70 70 70 70 70 70 70 70 70 70 70 70 70 70 70 70 70 70 71 71 71 71 71 71 71 71 71 71 71 71 72 72 71 72 72 72 72 72 72 72 72 72 75 75 75 75 75 75 75 75 75 75 75 75 75 75 75 75 76 76 76 76 76 76 76 76 76 76 76 76 76 77 77 77 77 77 77 77 77 77 77 77 77 77 77 77 77 77 77 77 77 77 77 77 77 77 77 77 77 77 77 77 77 77 77 77 78 77 77 77 77 77 78 78 78 78 78 78 78 78 78 78 78 78 78 78 78 78 79 79 79 79 79 79 79 79 79 80 80 79 79 79 80 80 80 80 80 80 80 80 80 80 80 80 80 80 80 80 81 81 81 81 81 80 80 80 81 81 81 81 81 81 82 81 81 81 81 82 82 82 81 82 81 81 81 81 81 81 81 82 82 82 82 82 82 83 83 83 82 83 82 82 82 81 82 82 82 83 83 83 83 84 84 83 84 84 84 84 84 84 84 84 84 84 84 84 84 84 84 84 84 84 84 84 84 84 85 84 84 84 84 84 84 84 54 54 54 54 55 55 55 55 55 55 56 56 56 56 56 57 57 57 58 58 58 58 58 57 58 58 59 58 58 58 58 58 58 59 59 60 60 60 60 60 60 60 60 60 60 60 60 60 60 60 60 61 61 61 61 61 60 61 61 61 61 61 61 62 62 62 62 62 62 62 62 63 63 63 63 63 63 63 63 63 63 64 64 64 64 64 64 64 64 64 65 65 65 65 65 65 65 65 65 65 65 65 65 65 66 66 66 66 66 66 66 66 66 66 66 66 66 66 66 66 67 67 67 67 67 67 67 67 67 67 67 67 67 68 68 68 68 68 68 68 68 68 69 69 69 69 69 69 69 69 68 68 68 68 68 69 69 69 69 69 69 69 69 69 69 69 70 70 70 70 70 70 70 70 70 70 70 70 70 70 71 71 71 71 71 71 71 71 71 71 71 71 71 71 72 72 72 72 72 71 72 72 72 72 72 72 75 75 75 75 75 75 75 75 75 75 75 75 75 75 75 75 76 76 76 76 76 76 76 76 76 76 76 76 76 77 77 77 77 77 77 77 77 77 77 77 77 77 77 77 77 77 77 77 77 78 77 77 77 77 77 77 77 77 77 77 77 77 78 78 78 78 78 78 77 78 78 78 78 78 78 78 78 78 78 78 78 78 78 78 79 79 79 79 79 80 79 79 79 79 79 79 79 80 80 80 80 81 81 81 81 81 81 80 80 80 80 80 80 80 80 80 80 80 81 81 80 80 80 81 81 81 81 81 81 81 82 81 82 81 82 82 82 82 82 82 82 81 81 82 82 81 81 81 82 82 82 82 83 83 83 83 83 83 83 82 82 82 82 82 83 83 83 83 84 84 84 83 84 84 84 84 84 84 84 84 84 84 84 84 84 84 84 84 85 84 84 85 85 85 84 84 84 84 84 85 84 84 84 54 55 55 55 55 55 55 56 56 56 57 57 57 57 57 57 57 57 58 58 58 58 58 59 59 59 59 59 59 59 59 59 59 59 60 60 60 60 60 60 60 60 60 60 60 60 60 60 61 61 61 61 61 61 61 61 61 61 61 61 61 61 62 62 62 62 62 62 63 63 63 63 63 63 63 63 63 63 63 63 64 64 64 64 64 64 64 64 64 65 65 65 65 65 65 65 65 65 65 65 65 65 66 66 66 66 66 66 66 66 66 66 66 66 66 66 66 66 66 66 67 67 67 67 67 67 67 67 67 67 67 68 67 68 68 68 68 68 68 68 68 68 69 69 68 69 69 69 69 69 69 69 69 69 69 69 69 69 69 69 69 69 69 69 69 69 70 70 70 70 70 70 70 70 70 70 70 70 70 71 71 71 71 71 71 71 71 71 71 71 71 71 71 71 71 71 71 71 72 72 72 72 72 72 75 75 75 75 75 75 75 75 75 75 75 75 75 75 76 76 76 76 76 76 76 76 76 76 76 76 76 76 76 76 77 77 77 77 77 77 77 77 77 77 77 77 77 77 77 77 77 77 78 78 77 77 77 77 77 77 77 77 77 77 77 77 77 78 78 78 78 78 77 78 78 78 78 78 78 78 78 78 78 78 78 78 78 79 79 79 79 79 79 80 79 79 79 79 80 79 79 80 80 80 81 80 81 81 81 81 81 81 81 81 80 81 80 80 80 81 80 81 81 81 81 81 81 81 81 81 81 81 81 82 82 81 81 82 82 82 82 82 82 82 83 82 82 82 81 81 81 81 81 82 82 82 83 83 82 83 83 82 82 82 82 82 82 82 83 83 83 83 84 84 84 84 84 84 84 84 84 84 84 84 84 84 84 84 84 84 84 84 84 84 84 85 85 85 85 85 84 84 85 85 85 84 84 84 54 55 55 54 54 55 55 55 55 56 57 57 57 56 57 57 57 57 58 58 58 58 58 59 59 59 59 59 59 60 59 59 59 59 60 60 60 60 60 60 60 60 60 60 60 60 60 60 60 61 61 61 61 61 61 61 61 61 61 62 61 61 61 62 62 62 62 62 63 63 63 63 63 63 63 63 63 63 63 63 64 64 64 64 64 64 64 64 65 65 65 65 65 65 65 65 65 65 65 65 65 65 66 66 66 66 66 66 66 66 66 66 66 66 66 66 66 67 67 67 67 67 67 67 67 67 67 67 67 67 67 67 68 68 68 68 68 68 68 68 68 68 68 68 68 69 69 69 69 69 69 69 69 69 69 69 69 69 69 69 69 69 69 69 69 69 69 69 70 70 70 70 71 70 70 70 70 71 71 71 71 71 71 71 71 71 71 71 71 71 71 71 71 71 71 71 72 72 72 72 72 72 72 72 75 75 75 75 75 75 75 75 75 75 75 75 76 76 76 76 76 76 76 76 76 76 76 76 76 76 77 76 76 77 77 77 77 77 77 77 77 77 77 77 78 78 78 78 78 77 77 77 78 78 77 77 77 77 77 77 77 77 77 77 78 77 77 78 78 78 78 78 78 78 78 78 78 78 78 78 78 78 78 78 78 78 78 78 79 79 79 79 79 79 79 79 80 80 80 79 79 80 80 80 81 80 81 81 81 81 81 80 81 81 81 81 81 81 81 81 81 81 82 82 82 81 82 82 82 82 81 81 82 82 82 82 82 82 83 83 83 83 83 83 83 83 82 82 81 82 82 82 82 82 82 82 83 83 83 82 83 82 82 82 82 82 83 82 83 83 83 84 84 84 84 84 84 84 84 84 84 84 84 84 84 84 84 84 84 84 84 84 84 84 85 85 85 85 85 85 85 85 85 85 85 85 85 85 85 54 54 54 54 54 55 56 56 56 56 56 57 57 56 56 56 57 58 58 58 58 58 58 58 58 58 58 59 59 60 60 60 59 59 60 60 60 60 60 60 60 60 60 60 60 60 60 60 61 61 61 61 61 61 61 61 61 61 61 62 62 62 62 62 62 62 62 62 63 63 63 63 63 63 63 63 63 63 63 63 64 64 64 64 64 64 64 65 65 65 65 65 65 65 65 65 65 65 65 65 65 65 66 66 65 66 66 66 66 66 66 66 66 66 66 67 67 67 67 67 67 67 67 67 67 67 67 67 67 67 67 67 68 68 68 68 68 68 68 68 68 68 68 68 69 69 69 69 69 69 69 69 69 69 69 70 69 69 69 69 70 70 70 70 70 70 69 69 69 70 70 70 70 70 71 71 71 71 71 71 71 71 71 71 71 71 71 71 71 71 71 71 71 71 72 72 72 72 72 72 72 72 72 72 75 75 75 75 75 75 75 75 75 75 75 76 76 76 76 76 76 76 76 76 76 76 76 76 76 77 77 77 76 77 77 77 77 77 77 77 77 77 77 77 78 78 78 78 78 77 77 77 78 78 77 77 77 77 77 77 77 77 77 77 78 77 78 78 78 78 78 78 78 78 78 78 78 78 78 78 78 78 78 78 78 78 78 78 79 79 79 80 80 79 79 79 79 79 79 80 80 80 80 80 80 80 81 81 81 81 81 80 81 81 81 82 82 82 81 82 81 82 82 82 82 82 82 82 82 82 82 81 82 82 82 82 82 82 82 83 83 83 83 83 83 83 82 82 82 82 82 82 82 82 82 82 82 83 83 83 83 82 83 83 83 83 83 83 83 83 84 84 84 84 84 84 84 84 84 84 84 84 84 84 84 84 84 84 85 85 85 85 85 85 85 85 85 85 85 85 85 85 85 85 85 85 85 85 85 85 54 55 55 55 56 56 56 56 56 56 57 56 56 56 57 57 57 57 57 57 57 58 58 58 58 58 59 59 59 59 60 60 60 60 60 60 59 59 59 60 60 60 60 60 60 60 60 61 61 61 61 61 61 61 61 61 61 61 62 62 62 62 62 62 62 62 63 63 63 63 63 63 63 63 63 63 63 63 63 63 64 64 64 64 64 64 65 65 65 65 65 65 65 65 65 65 65 65 65 65 65 66 66 66 66 66 66 66 66 66 66 66 66 66 66 67 67 67 67 67 67 67 67 67 67 68 67 67 67 67 67 68 68 68 68 68 68 68 68 68 68 68 68 69 69 69 69 69 69 69 69 69 69 69 70 70 70 70 70 70 70 70 70 70 70 70 69 69 70 70 70 70 70 70 70 71 71 71 71 71 71 71 71 71 71 71 71 71 71 71 72 71 72 72 72 72 72 72 72 72 72 72 72 75 75 75 75 75 75 75 75 75 76 76 76 76 76 76 76 76 76 76 76 76 76 76 76 77 77 77 77 77 77 77 77 77 77 77 77 77 78 78 78 78 78 78 78 78 78 77 78 78 78 77 77 77 77 77 77 77 77 77 77 78 78 78 78 78 78 78 78 78 78 78 78 78 78 78 78 79 79 79 78 78 78 78 78 79 79 79 80 79 79 79 79 79 79 79 80 80 80 80 80 80 81 81 81 81 81 81 80 81 81 82 82 82 82 82 82 82 82 82 82 82 81 82 82 82 82 82 82 82 82 82 82 82 82 82 83 83 83 83 83 83 83 82 82 82 82 82 82 82 82 82 82 82 82 82 83 83 83 83 83 83 83 84 84 83 83 84 84 84 84 84 84 84 84 84 84 84 84 85 85 85 85 85 85 85 85 85 85 85 85 85 85 85 85 85 85 85 85 85 85 85 85 85 85 85 85 85 55 55 55 55 55 56 56 56 56 56 56 56 57 57 57 57 57 57 57 57 58 58 58 58 58 59 59 59 59 60 60 60 60 60 60 60 60 59 60 60 60 60 60 60 60 60 61 61 61 62 62 61 61 61 61 61 62 62 62 62 62 62 62 63 63 63 63 63 63 63 63 63 63 63 63 64 64 63 64 64 64 64 64 64 64 64 65 65 65 65 65 65 65 65 65 65 65 65 65 65 66 65 65 66 66 66 66 66 66 66 66 66 66 67 67 67 67 67 67 67 67 67 67 67 68 67 67 67 67 68 68 68 68 68 68 68 68 68 68 68 68 68 68 68 69 69 69 69 69 69 69 70 70 70 70 70 70 70 70 70 70 70 70 70 70 70 70 70 70 70 70 70 70 70 71 71 71 71 71 71 71 71 71 71 71 71 71 72 72 72 72 72 72 72 72 72 72 72 72 72 72 75 75 75 75 75 75 75 75 75 76 76 76 76 76 76 76 76 76 76 76 76 76 76 77 77 77 77 77 77 77 77 77 77 77 77 77 77 78 78 78 78 78 78 78 78 78 78 78 78 78 77 77 77 77 78 78 78 77 77 77 78 78 78 78 78 78 78 78 78 78 78 78 78 78 78 78 79 79 79 79 78 78 78 79 80 79 79 79 79 79 79 79 79 79 80 80 80 80 80 80 80 81 81 81 81 81 80 81 81 82 82 82 82 82 82 82 82 82 82 82 82 82 82 81 82 81 82 82 82 82 83 83 83 82 83 83 83 83 83 83 84 84 83 82 83 82 82 82 82 82 83 83 83 83 83 82 83 83 83 83 83 83 84 84 84 84 84 84 84 84 84 84 84 84 84 84 84 84 84 85 85 84 85 85 85 85 85 85 85 85 85 85 85 85 85 85 85 85 85 85 85 85 85 85 85 85 85 85 54 54 55 55 55 55 55 55 56 56 56 56 56 57 57 57 57 57 57 58 58 58 58 58 58 59 59 60 59 60 60 60 60 60 60 60 60 60 60 60 60 60 61 61 61 60 61 61 61 61 62 61 61 61 61 61 62 62 62 62 62 62 63 63 63 63 63 63 63 63 63 63 63 63 63 64 64 64 64 64 64 64 64 64 64 64 64 65 65 65 65 65 65 65 65 65 65 65 66 66 66 65 65 66 66 66 66 66 66 66 66 66 66 66 67 67 67 67 67 67 67 67 67 67 68 68 68 68 68 68 68 68 68 68 68 68 68 68 68 68 68 68 69 69 69 69 69 69 69 69 69 70 70 70 70 70 70 70 70 70 70 70 70 70 71 70 70 70 70 70 70 70 70 70 71 71 71 71 71 71 71 71 71 71 71 71 71 72 72 72 72 72 72 72 72 72 72 72 72 72 72 75 75 75 75 75 75 75 75 76 76 76 76 76 76 76 76 76 76 77 76 76 76 76 77 77 77 77 77 77 77 77 77 77 77 77 78 78 78 78 78 78 78 78 78 78 78 78 78 78 78 77 77 77 78 78 78 78 78 78 78 78 78 78 78 78 78 78 78 78 78 78 79 79 78 78 79 79 79 79 79 78 78 79 79 80 79 79 79 79 79 79 79 79 79 80 80 80 80 80 80 80 80 81 80 81 81 81 81 81 81 81 82 81 82 82 82 82 82 82 82 82 83 82 82 82 82 82 82 83 83 83 83 83 83 83 83 83 83 83 83 84 84 83 83 83 83 82 82 82 82 83 83 83 83 83 83 83 83 84 84 83 84 84 84 84 84 84 84 84 84 84 84 85 85 85 85 85 85 85 85 84 84 85 85 85 85 85 85 85 86 86 85 85 85 85 85 86 85 85 85 85 85 85 85 85 85 86 86 86 86 86 86 54 54 54 54 55 55 56 56 57 57 57 56 56 57 57 57 58 58 58 58 58 59 59 59 59 59 59 60 60 60 61 61 61 61 61 60 60 60 60 60 61 61 60 60 61 61 62 62 61 62 61 61 61 62 62 62 62 62 62 62 63 63 63 63 63 63 63 63 63 63 63 63 64 64 64 64 64 64 64 64 64 64 64 64 65 65 65 65 65 65 65 65 65 65 65 65 66 66 65 65 66 66 66 66 66 66 66 66 67 67 66 67 67 67 67 67 67 67 67 68 68 68 68 68 68 68 68 68 68 68 68 68 68 68 68 68 68 68 69 69 69 69 69 69 69 69 70 70 70 70 70 70 69 70 70 70 70 70 70 70 70 71 71 70 70 70 70 70 70 70 70 70 71 71 71 71 71 71 71 71 71 71 71 71 72 72 72 72 72 72 72 72 72 72 72 72 72 72 75 75 75 75 75 75 75 76 76 76 76 76 76 76 76 76 76 77 77 77 77 77 77 77 77 77 77 77 77 77 77 77 77 77 78 78 78 78 78 78 78 78 78 78 78 78 78 78 78 78 77 77 77 78 78 78 78 78 78 78 78 78 78 78 78 78 78 78 78 78 79 79 79 79 79 79 79 79 79 79 78 78 79 80 80 79 78 79 79 79 80 79 79 79 80 80 80 81 80 80 80 80 81 81 80 81 81 81 81 81 81 82 81 82 81 82 82 82 82 82 82 83 83 82 83 83 83 83 83 83 83 83 83 83 83 83 83 83 84 83 84 84 84 84 84 83 82 82 82 83 83 83 83 83 84 84 83 83 84 84 83 84 84 85 84 84 84 84 84 84 84 85 85 85 85 85 85 85 85 85 85 85 85 85 85 85 85 85 86 86 86 85 86 86 86 86 86 85 85 85 85 85 85 86 86 86 86 86 86 86 86 86 86 86 87 87 87 87 87 87 55 55 56 56 56 57 56 56 56 56 57 57 57 57 58 57 58 59 59 59 58 59 60 59 59 60 60 61 61 61 61 61 60 60 60 60 60 61 61 61 61 61 61 61 61 62 61 62 62 62 62 62 62 62 63 63 63 63 63 63 63 63 63 63 63 63 63 63 63 63 64 64 64 64 64 64 64 64 64 64 64 65 65 65 65 65 65 65 65 65 65 65 65 66 66 66 66 66 66 66 66 66 66 66 67 67 67 67 67 67 67 67 67 67 68 68 68 68 68 68 68 68 68 68 68 68 68 68 68 68 68 69 69 69 69 69 69 69 69 69 69 69 69 69 70 70 70 69 69 70 70 70 70 70 70 70 70 71 71 71 71 70 70 70 70 70 70 70 71 71 71 71 71 71 71 71 71 71 71 72 72 72 72 72 72 72 72 72 72 72 72 72 73 73 75 75 75 75 75 75 75 76 76 76 76 76 76 76 76 76 76 77 77 77 77 77 77 77 77 77 77 77 77 77 77 77 77 78 78 78 78 78 78 78 78 78 78 78 78 78 78 78 78 78 77 77 77 78 78 78 78 78 78 78 78 78 78 78 78 78 78 78 78 79 79 79 79 79 79 79 79 79 79 79 78 78 78 79 79 79 79 79 79 79 80 79 79 79 80 80 80 80 80 80 80 81 81 81 81 81 81 81 81 81 81 81 81 82 81 82 82 82 82 82 82 83 83 83 83 83 83 83 83 83 82 83 83 83 83 83 83 83 83 83 84 84 84 84 84 83 82 82 82 83 84 83 83 83 84 84 84 83 84 84 84 84 84 84 85 85 84 84 84 84 84 85 85 85 85 85 85 85 85 85 85 85 85 85 85 85 86 86 86 86 86 86 86 86 86 86 86 85 85 85 85 85 86 86 86 86 86 86 86 86 86 86 87 87 87 87 87 87 87 87 87 55 55 56 56 56 56 56 56 57 57 57 58 58 59 59 59 59 59 59 59 59 59 60 60 61 61 61 61 61 61 61 60 61 61 61 61 61 61 61 61 61 62 62 62 62 62 62 62 62 62 62 63 63 62 63 63 63 63 63 63 63 63 63 64 64 64 64 64 64 64 64 64 64 64 64 64 64 65 65 65 65 65 65 65 65 65 66 66 66 66 66 66 66 66 66 66 66 66 66 66 67 67 67 67 67 67 67 67 67 68 68 68 68 68 68 68 68 68 68 68 68 68 68 68 68 68 69 69 69 69 69 69 69 69 69 69 69 69 69 69 70 70 70 70 70 70 70 70 70 70 71 71 71 71 71 71 71 71 71 71 71 70 70 71 71 71 71 71 71 71 71 71 71 71 72 72 72 72 72 72 72 72 72 72 72 72 73 73 73 75 75 75 75 75 75 76 76 76 76 76 76 76 76 76 77 77 77 77 77 77 77 77 77 77 77 77 77 77 77 77 77 77 78 78 78 78 78 78 78 78 78 78 78 78 78 78 78 78 78 77 78 78 78 78 78 78 78 78 78 78 78 78 78 78 78 78 78 79 79 79 79 79 79 79 79 79 79 79 79 79 79 79 79 78 78 79 79 79 79 79 79 79 79 80 80 80 80 80 80 80 81 81 81 81 81 81 81 81 81 81 82 82 82 81 82 82 82 82 82 82 82 83 83 83 83 83 83 83 83 83 83 83 83 83 83 83 83 83 83 83 84 84 84 84 83 82 83 83 83 84 84 83 84 84 84 84 84 84 84 84 85 85 85 84 84 84 84 84 84 85 85 85 85 85 85 85 85 86 85 85 85 85 86 86 86 86 86 86 86 86 85 85 85 85 85 86 86 86 86 85 85 86 86 86 86 86 86 86 86 87 87 87 87 87 87 87 87 87 87 87 87 55 55 56 57 57 57 58 59 58 59 59 58 59 59 59 59 60 61 61 60 61 61 61 61 61 61 61 62 62 62 62 62 61 61 61 61 62 62 62 62 62 62 62 62 62 62 62 62 63 63 63 63 63 63 63 64 64 64 64 64 64 64 64 64 64 64 64 64 64 65 65 65 65 65 65 65 65 65 65 66 66 66 66 66 66 66 66 66 66 66 66 66 66 66 67 67 67 67 67 67 67 67 67 68 68 68 68 68 68 68 68 68 68 68 68 68 68 68 68 68 68 69 69 69 69 69 69 69 69 69 69 69 69 69 70 70 70 70 70 70 70 70 70 70 70 71 71 71 71 71 71 71 71 72 72 71 71 71 71 71 71 71 71 71 71 71 72 72 72 72 72 72 72 72 72 72 72 72 72 72 73 73 73 75 75 75 75 75 76 76 76 76 76 76 76 76 76 76 76 77 77 77 77 77 77 77 77 77 77 77 77 77 77 77 77 78 78 78 78 78 78 78 78 78 78 78 78 78 78 78 78 78 78 78 78 78 78 78 78 78 78 78 78 78 78 78 78 78 78 78 78 79 79 79 79 79 79 79 79 78 78 79 79 79 80 80 79 78 78 79 79 79 79 80 79 79 80 80 80 80 80 81 81 81 81 81 81 81 81 81 82 81 81 82 82 82 82 82 82 82 82 82 82 82 83 83 83 83 83 83 83 83 83 83 83 83 83 83 83 83 84 83 83 83 84 84 84 84 83 83 83 83 83 84 83 84 84 84 84 84 84 84 84 84 84 85 85 85 85 84 84 84 84 85 85 85 85 85 85 85 85 85 85 86 86 86 86 86 86 86 86 86 86 86 86 86 86 85 86 86 86 86 86 85 86 86 86 86 86 86 86 87 87 87 87 87 87 87 87 87 87 87 87 87 87 56 57 57 58 58 58 59 58 58 58 59 59 60 60 60 60 60 59 60 60 60 60 60 61 62 62 63 63 63 62 62 61 61 62 62 62 62 62 62 62 62 62 62 62 63 63 63 63 64 64 64 63 63 63 63 64 64 64 64 64 64 64 64 64 64 64 64 64 65 65 65 65 65 65 65 65 65 66 66 66 66 66 66 66 66 66 66 66 66 66 66 66 67 67 67 67 67 67 67 67 67 68 68 68 68 68 68 68 68 68 68 68 68 68 68 68 68 69 69 69 69 69 69 69 69 69 69 69 69 69 69 69 70 70 70 70 70 70 70 70 70 70 70 70 71 71 71 71 71 71 71 71 71 71 71 71 71 72 72 71 71 71 72 72 72 72 72 72 72 72 72 72 72 72 72 72 72 72 73 73 73 75 75 75 76 76 76 76 76 76 76 76 76 76 76 76 76 77 77 77 77 77 77 77 77 77 77 77 77 77 77 77 77 78 78 78 78 78 78 78 78 78 78 78 78 78 78 78 78 78 79 78 78 78 78 78 78 78 78 78 78 78 78 78 78 79 79 78 78 79 79 79 79 79 79 79 78 78 79 79 79 79 80 80 79 79 79 79 79 79 80 80 79 79 79 80 80 80 81 81 81 81 81 81 81 81 81 82 82 81 82 82 82 82 82 82 82 82 82 82 83 83 83 83 83 83 83 83 83 84 84 84 84 83 83 83 83 84 84 84 84 84 84 84 84 84 83 83 83 83 83 84 84 84 84 84 84 84 84 84 84 84 84 85 85 86 85 85 84 85 85 85 85 85 85 85 86 86 86 85 85 85 86 86 86 86 86 86 86 86 86 86 86 86 86 86 86 86 86 86 86 86 86 86 86 86 86 87 87 87 87 87 87 87 87 87 87 87 87 87 87 87 87 57 58 58 58 59 59 58 59 59 60 60 60 61 61 60 60 59 60 60 60 60 60 61 61 62 62 62 63 63 62 61 62 62 63 63 62 62 62 62 62 62 62 63 63 63 64 64 64 64 63 63 64 64 64 64 64 64 64 65 64 65 64 64 64 64 64 65 65 65 65 65 65 65 65 66 66 66 66 66 66 66 66 66 66 66 66 66 66 66 66 66 67 67 67 67 67 67 67 67 68 68 68 68 68 68 68 68 68 68 68 68 68 68 68 68 68 69 69 69 69 69 69 69 69 69 69 69 69 69 69 70 70 70 70 70 70 70 70 70 70 70 71 70 71 71 71 71 71 71 71 71 71 71 71 71 72 72 72 71 71 72 72 72 72 72 72 72 72 72 72 72 72 72 72 72 72 73 73 73 75 75 76 76 76 76 76 76 76 76 76 76 76 76 76 76 77 77 77 77 77 77 77 77 77 77 77 77 77 77 78 78 78 78 78 78 78 78 78 78 78 78 78 78 78 78 78 78 78 79 78 78 78 78 78 78 78 78 78 78 78 79 79 79 79 79 79 79 79 79 79 79 79 79 79 79 79 79 80 79 79 79 79 79 79 79 79 79 79 80 80 79 79 79 79 80 80 80 80 81 81 81 81 81 81 82 82 81 82 82 82 82 82 82 82 82 82 82 82 82 82 83 83 83 83 83 83 84 84 84 84 84 84 84 83 83 84 84 84 84 84 84 84 84 84 83 83 83 83 83 84 84 85 85 84 84 84 84 84 85 85 85 85 85 86 86 85 85 84 85 85 85 85 85 86 86 86 86 86 86 86 86 86 86 86 86 86 86 86 86 86 86 86 86 86 86 86 87 86 86 86 86 86 86 86 87 87 87 87 87 87 87 87 87 87 87 87 87 88 88 88 88 57 58 58 58 58 59 59 59 59 60 60 60 60 60 60 60 60 61 61 61 61 61 61 61 62 62 62 63 63 63 62 63 63 63 63 63 62 62 62 62 63 63 63 64 63 63 63 63 63 64 64 64 64 64 64 64 65 65 65 65 65 64 64 64 64 65 65 65 65 65 65 65 66 66 66 66 66 66 66 66 66 66 66 66 66 66 66 66 66 66 67 67 67 67 67 67 67 67 68 68 68 68 68 68 68 68 68 68 68 68 68 68 69 69 69 69 69 69 69 69 69 69 69 69 69 69 69 69 70 70 70 70 70 70 70 70 70 70 70 70 71 71 71 71 71 71 71 71 71 71 71 71 72 72 71 71 72 72 72 72 72 72 72 72 72 72 72 72 72 72 72 72 72 73 73 73 73 73 75 75 76 76 76 76 76 76 76 76 76 76 76 76 76 76 76 77 77 77 77 77 77 77 77 77 77 77 77 77 78 78 78 78 78 78 78 78 78 78 78 78 78 78 78 78 78 78 78 79 78 78 78 78 78 78 78 78 78 79 79 79 79 79 79 79 79 79 79 79 79 79 79 79 79 79 79 80 80 80 80 79 79 79 79 79 80 79 79 79 79 79 80 80 80 80 81 81 80 80 81 81 81 81 81 81 81 82 82 82 82 82 82 82 82 82 82 82 82 82 82 82 83 83 83 83 83 83 84 84 84 84 84 83 84 84 84 84 84 84 84 84 84 84 84 84 83 83 83 84 84 84 85 85 85 85 85 85 85 85 85 85 85 85 85 86 85 85 85 85 85 85 85 85 85 86 86 86 86 86 86 86 86 86 86 86 86 86 86 86 86 86 86 86 86 86 87 87 86 86 86 86 86 86 87 87 87 87 87 87 87 87 87 87 87 87 87 88 88 88 88 58 58 58 59 59 59 59 59 59 59 59 59 60 60 60 60 60 61 61 61 62 62 62 62 62 61 62 63 63 63 63 63 63 63 63 63 63 63 63 63 63 63 63 63 63 63 63 63 64 64 64 64 64 64 64 65 65 65 65 65 65 64 64 65 65 65 65 65 65 65 65 66 66 66 66 66 66 66 66 66 66 66 66 66 66 66 66 66 66 66 66 67 67 67 67 67 67 67 67 68 68 68 68 68 68 68 68 68 68 68 68 68 69 69 69 69 69 69 69 69 69 69 69 69 69 69 69 70 70 70 70 70 70 70 70 70 70 70 70 70 71 71 71 71 71 71 71 71 71 72 72 72 72 72 72 72 72 72 72 72 72 72 72 72 72 72 72 72 72 72 72 72 73 73 73 73 73 73 75 76 76 76 76 76 76 76 76 76 76 76 76 76 76 76 76 77 77 77 77 77 77 77 77 77 77 77 77 77 78 78 78 78 78 78 78 78 78 78 78 78 79 79 79 79 79 79 79 79 78 78 78 78 78 78 78 78 78 78 79 79 79 79 79 79 79 79 79 79 79 79 79 79 79 80 80 80 80 80 80 80 80 79 79 80 80 80 80 79 79 80 80 80 80 81 81 81 81 81 81 81 81 81 81 81 81 82 82 82 82 82 82 82 82 82 82 82 82 82 82 83 83 83 84 83 84 84 84 84 84 83 83 83 84 84 84 84 84 84 84 84 84 85 85 84 83 83 83 84 84 85 85 85 85 85 85 85 85 85 85 85 85 85 85 86 86 86 86 85 85 85 85 85 85 86 86 86 86 86 86 86 86 86 86 86 86 86 86 86 86 86 86 86 86 86 86 87 86 86 86 86 86 87 87 87 87 87 87 87 87 87 87 87 87 87 88 88 88 88 88 57 58 58 59 59 59 59 59 59 59 59 59 60 60 60 60 61 61 61 61 61 62 62 63 62 62 62 61 62 62 62 62 63 63 63 63 63 63 63 63 63 63 63 63 63 63 63 63 63 64 64 64 64 65 65 64 64 65 65 65 65 64 65 65 65 65 65 65 65 65 65 66 66 66 66 66 66 66 66 66 66 66 66 66 66 66 67 67 67 67 66 67 67 67 67 67 67 67 67 67 67 67 68 68 68 68 68 68 68 68 68 68 68 68 68 68 68 68 69 69 69 69 69 69 69 69 69 69 70 70 70 70 70 70 70 70 70 70 71 71 71 71 71 71 71 71 71 71 71 71 72 72 72 72 72 72 71 71 72 72 72 72 72 72 72 72 72 72 72 72 73 73 73 73 73 73 73 73 73 75 76 76 76 76 76 76 76 76 76 76 76 76 76 76 76 76 77 77 77 77 77 77 77 77 77 77 77 77 77 78 78 78 78 78 78 78 78 78 78 79 79 79 79 79 79 79 79 79 79 78 78 78 78 78 78 78 78 78 78 79 79 79 79 79 79 79 79 79 79 79 79 79 79 79 80 80 80 80 80 80 80 80 80 80 80 80 80 80 80 79 79 79 79 80 81 81 81 81 81 81 81 81 81 81 81 81 82 82 82 82 82 82 82 82 82 82 82 83 83 83 83 83 83 84 84 84 84 84 84 84 84 84 84 84 84 85 85 84 84 84 84 84 84 85 84 83 83 83 84 84 85 85 85 85 85 85 85 85 85 85 85 85 85 86 86 87 86 86 85 86 85 85 85 86 86 86 86 86 86 86 86 86 86 86 86 86 87 87 87 87 87 87 87 87 87 87 87 87 86 86 86 86 87 87 87 87 87 87 87 87 87 88 88 88 88 88 88 88 88 88 58 59 59 59 59 58 59 59 59 60 60 60 60 60 60 60 60 60 61 61 61 62 63 63 62 62 62 61 62 62 62 62 64 64 64 63 63 63 64 64 63 63 63 63 63 63 64 64 64 65 65 65 65 65 65 65 65 65 64 64 65 65 65 65 65 65 65 65 66 66 66 66 66 66 66 66 66 66 66 66 66 66 67 67 67 67 67 67 67 67 67 67 67 67 67 67 67 67 67 68 67 68 68 68 68 68 68 68 68 68 68 69 69 69 68 68 69 69 69 69 69 69 69 70 70 69 69 70 70 70 70 70 70 70 70 71 71 71 71 71 71 71 71 71 71 71 71 72 72 72 72 72 72 72 71 71 71 72 72 72 72 72 72 72 72 73 72 72 73 73 73 73 73 73 73 73 73 76 76 76 76 76 76 76 76 76 76 76 76 76 76 77 77 77 77 77 77 77 77 77 77 77 77 77 78 78 78 78 78 78 78 78 78 78 78 78 78 79 79 79 79 79 79 79 79 79 79 78 78 78 78 78 78 78 78 79 79 79 79 79 79 79 79 79 79 79 79 79 79 79 80 80 80 80 80 80 80 80 80 80 80 80 80 80 80 80 80 79 79 79 79 80 81 81 81 81 81 82 82 81 81 81 81 81 81 82 82 82 82 82 82 82 82 82 82 82 83 83 83 83 83 84 84 84 84 84 85 84 84 84 84 84 84 85 85 85 84 84 85 84 85 85 85 84 83 83 84 84 85 85 85 85 85 85 85 85 85 85 85 85 85 85 86 86 86 85 85 85 86 86 86 86 86 86 86 86 86 86 86 86 86 86 87 87 87 87 87 87 87 87 87 87 87 87 87 87 87 86 86 86 87 87 87 87 87 87 87 87 88 88 88 88 88 88 88 88 88 58 59 58 58 59 59 59 60 60 60 60 60 60 61 61 61 61 61 61 60 61 61 62 63 63 63 62 62 62 62 63 63 63 64 64 64 63 63 63 63 63 63 63 64 64 63 64 64 64 64 65 65 65 65 65 65 65 64 65 64 64 65 65 65 65 65 65 65 65 66 66 66 66 66 67 66 66 66 66 66 66 67 67 67 67 67 67 67 67 67 67 67 67 67 67 67 67 67 68 68 68 68 68 68 68 68 68 68 68 68 68 69 69 69 69 69 69 69 69 69 69 69 69 70 70 70 69 70 70 70 70 71 70 70 70 71 71 71 71 71 71 71 72 71 71 71 71 72 72 72 72 72 72 72 72 72 72 72 72 72 72 72 72 72 72 72 73 73 73 72 73 73 73 73 73 73 73 76 76 76 76 76 76 76 76 76 77 76 76 77 77 77 77 77 77 77 77 77 77 77 77 77 78 78 78 78 78 78 78 78 78 78 78 78 78 78 79 78 78 78 78 79 79 79 79 79 79 78 78 78 78 78 78 78 79 79 78 79 79 79 79 79 79 79 79 80 80 79 79 79 80 80 80 80 80 81 81 80 80 81 81 80 80 80 80 80 80 80 79 79 80 80 81 81 81 81 81 82 82 82 82 82 82 81 81 81 82 82 82 82 82 82 82 82 82 82 83 83 83 83 84 83 83 83 83 84 84 84 84 84 84 84 84 84 85 85 85 85 85 85 85 85 86 85 84 84 84 84 84 85 85 85 85 85 85 85 85 85 85 85 85 85 86 86 86 86 86 86 86 86 86 86 86 86 86 87 87 87 87 86 87 87 87 87 87 87 87 87 87 87 87 87 87 87 87 87 87 86 86 86 87 87 87 87 87 87 87 88 88 88 88 88 88 88 88 58 59 58 59 59 59 59 59 59 60 60 60 61 61 61 61 61 61 61 61 61 61 62 64 64 64 63 62 62 63 63 63 63 64 64 63 63 63 63 63 63 64 64 64 64 64 64 64 64 65 64 64 65 65 65 65 65 65 65 64 65 65 65 65 65 66 66 65 65 65 65 66 66 66 66 66 67 67 67 67 67 67 67 67 67 67 67 67 67 67 67 67 67 67 67 67 68 68 68 68 68 68 68 67 68 68 68 68 68 68 68 68 68 69 69 69 69 69 69 70 70 69 69 70 70 70 70 70 70 70 70 71 71 71 70 71 71 71 71 71 71 71 71 71 71 71 71 71 72 72 72 72 72 72 72 72 72 72 72 72 72 72 72 72 72 73 73 73 73 72 73 73 73 73 73 73 73 76 76 76 76 76 76 76 76 76 77 77 77 76 77 77 77 77 77 77 77 77 77 77 77 77 78 78 78 78 78 78 78 78 78 78 78 78 78 78 78 78 78 78 78 78 79 79 79 79 79 78 78 78 78 78 78 78 78 79 79 79 79 79 79 79 79 79 79 79 79 79 79 79 80 80 80 80 80 81 81 81 80 81 81 80 80 80 81 80 80 80 79 79 80 81 81 81 82 82 82 82 82 82 82 82 82 82 82 82 82 82 82 82 82 82 82 82 82 82 83 83 83 83 83 83 83 83 84 84 84 84 84 84 84 85 84 85 85 84 84 85 85 85 85 85 85 86 85 84 84 84 84 84 85 85 85 85 85 85 85 85 85 85 86 85 86 86 86 87 87 86 86 86 86 86 86 86 87 87 87 87 87 87 87 87 87 87 87 87 87 87 87 87 87 87 87 87 87 87 87 87 87 87 87 87 87 87 87 87 88 88 88 88 88 88 88 88 58 58 58 59 59 59 59 59 60 61 61 60 61 60 60 60 61 61 62 61 61 61 62 63 63 64 64 63 62 62 63 63 63 64 64 64 64 64 63 63 63 64 64 64 64 64 65 64 64 65 65 64 65 65 65 65 65 65 65 65 64 64 65 65 66 66 66 66 66 65 65 65 66 66 66 66 66 66 66 66 67 67 67 67 67 67 67 67 67 67 67 67 67 67 67 68 68 68 68 68 68 67 67 67 68 68 69 69 69 69 68 68 68 69 69 69 69 69 69 69 69 69 70 70 70 70 70 71 70 71 70 70 71 71 71 71 71 71 71 71 71 71 71 71 71 71 71 71 71 71 72 72 72 72 72 72 72 72 72 72 72 72 72 72 72 73 73 72 73 73 73 73 73 73 73 73 73 76 76 76 76 76 76 76 76 77 77 77 77 77 77 77 77 77 77 77 77 77 77 77 78 78 78 78 78 78 78 78 78 78 78 78 78 78 78 78 78 78 79 79 79 79 79 79 79 79 79 78 78 78 78 78 78 79 79 79 79 79 79 79 79 79 79 79 79 79 79 79 80 80 80 80 80 80 80 81 81 81 80 81 81 80 80 80 81 81 80 80 80 79 80 81 81 82 82 82 82 82 82 82 82 82 82 82 82 82 82 82 82 82 82 82 82 82 82 83 83 83 83 83 84 84 84 83 84 84 84 84 84 84 85 85 84 85 85 84 84 85 85 85 85 85 85 85 86 85 84 84 84 85 85 85 86 86 85 85 85 85 85 86 86 86 86 86 86 86 86 86 86 86 86 86 86 86 87 87 87 87 87 87 87 87 87 87 87 87 87 87 87 87 87 87 87 87 87 87 87 87 87 87 87 87 87 87 87 87 88 88 88 88 88 88 88 88 58 58 58 59 59 60 60 60 60 60 60 60 61 61 62 62 62 62 63 62 62 62 63 64 64 63 63 63 63 63 64 64 65 65 65 64 64 63 63 64 65 65 65 64 65 65 64 64 65 65 65 65 65 65 65 65 65 64 64 65 65 66 66 66 66 66 66 66 65 65 66 66 67 67 66 67 67 67 67 67 67 67 67 67 67 67 67 68 68 68 68 68 68 67 67 67 67 67 67 67 67 67 68 68 69 69 69 69 69 68 68 69 69 69 69 69 69 69 69 69 69 70 70 70 70 70 70 71 71 71 71 71 71 71 71 71 71 71 71 71 71 71 71 71 71 71 71 71 71 72 72 72 72 72 72 72 72 72 72 72 73 73 73 73 73 73 73 73 73 73 73 73 73 73 76 76 76 76 77 77 76 77 77 77 77 77 77 77 77 77 77 77 77 77 77 78 78 78 78 78 78 78 78 78 78 78 78 78 78 78 78 78 78 78 79 79 79 79 79 79 79 79 79 79 78 78 78 78 79 79 79 79 79 79 79 79 79 79 79 79 79 80 79 79 80 79 79 80 80 80 80 80 81 81 80 80 80 81 80 80 81 81 80 80 80 80 80 80 81 81 82 82 82 82 82 82 82 82 82 82 82 82 82 82 82 82 83 83 83 82 82 83 83 83 83 83 84 84 84 84 84 84 84 84 84 85 85 85 85 84 85 84 85 85 84 85 85 85 85 85 85 85 86 86 85 85 85 86 86 86 86 85 85 85 85 86 86 86 86 86 86 86 86 87 87 87 86 86 86 86 87 87 87 87 87 87 87 87 87 87 87 87 87 87 87 87 87 87 87 87 87 87 88 88 87 87 87 87 87 87 88 87 87 88 88 88 88 88 88 88 58 58 59 59 60 59 60 60 60 61 61 61 62 62 62 63 63 62 62 63 63 64 64 64 64 64 64 63 64 64 65 65 65 64 63 63 64 64 65 64 65 65 64 64 64 65 65 65 65 65 65 65 65 65 65 64 64 65 65 66 66 66 66 66 66 67 66 66 66 66 66 67 66 66 66 66 66 66 67 67 67 67 67 68 68 68 68 68 67 67 67 67 67 67 67 67 68 68 68 68 68 68 68 68 69 69 69 68 68 69 69 69 69 70 70 70 69 69 69 69 70 70 70 70 70 70 71 71 71 71 71 71 71 71 71 71 71 71 71 71 71 72 71 71 72 71 72 72 72 72 72 72 72 72 72 72 72 72 73 73 73 73 73 73 73 73 73 73 73 73 73 73 76 76 76 76 77 77 77 77 77 77 77 77 77 77 77 77 77 77 77 77 78 78 78 78 78 78 78 78 78 78 78 78 78 78 79 79 78 78 79 79 79 79 79 79 79 79 79 79 79 79 78 78 78 79 79 79 79 79 79 79 79 79 79 79 79 79 80 80 79 79 79 80 80 80 80 80 81 81 81 81 80 80 80 81 81 81 81 80 80 80 80 80 80 80 81 82 82 82 82 82 82 82 82 82 82 82 82 82 82 82 82 82 82 83 83 83 83 83 83 84 84 84 84 84 85 84 84 84 84 84 84 85 85 85 85 85 85 84 84 84 84 84 85 85 85 85 85 85 85 86 87 86 85 86 86 86 87 85 85 85 85 86 86 86 86 86 86 86 86 87 87 87 87 86 86 86 87 87 87 87 87 87 87 87 87 87 87 87 87 87 87 87 87 87 87 87 87 87 87 88 87 87 87 87 88 88 88 88 88 88 88 88 88 88 58 58 58 59 59 59 60 60 60 60 60 61 62 62 62 61 62 63 63 63 64 63 63 64 64 64 64 64 65 65 65 65 64 64 64 64 64 64 64 65 65 64 65 65 64 65 65 65 65 65 65 65 65 65 65 65 64 65 65 66 66 66 67 66 66 67 66 66 66 66 66 66 66 66 66 66 67 67 67 66 67 67 67 68 68 68 67 67 67 67 67 67 67 67 67 67 68 68 68 68 67 68 68 68 68 68 68 68 68 69 69 69 69 69 69 69 69 69 69 69 69 70 70 70 70 70 71 71 71 71 71 71 70 71 71 71 71 71 72 72 71 71 71 71 71 71 71 71 71 72 72 72 72 71 71 71 72 72 72 73 72 72 73 73 73 73 73 73 73 73 73 74 74 74 74 74 74 74 74 74 74 75 75 74 74 74 75 75 75 75 75 75 75 75 75 75 75 75 75 75 75 76 76 76 76 76 76 76 76 76 76 76 76 76 77 76 76 76 77 77 77 78 79 79 79 79 79 79 79 79 79 79 79 79 79 79 79 80 80 80 80 80 80 80 80 80 81 81 81 81 80 80 80 81 81 81 81 81 81 80 80 80 80 80 81 81 82 82 82 82 82 82 82 82 82 82 83 83 83 82 83 83 82 83 82 83 84 84 84 84 84 84 84 84 84 84 84 84 85 85 84 84 85 85 85 85 85 84 84 84 84 84 84 84 85 85 85 85 85 85 85 86 86 86 85 85 86 86 85 85 85 86 86 86 86 86 86 86 86 87 87 87 87 87 86 86 86 86 87 87 87 87 87 87 87 87 87 87 87 87 87 87 87 87 87 87 87 87 87 87 87 87 87 87 87 87 88 88 88 88 88 88 88 88 88 58 58 59 59 59 60 59 59 59 60 61 62 62 62 61 62 62 63 63 64 63 63 64 64 64 64 64 65 65 65 65 65 65 65 64 64 64 64 64 65 65 65 64 65 65 65 65 66 66 66 66 65 65 65 65 65 65 65 65 66 66 66 66 66 66 66 66 66 66 66 66 66 66 66 67 66 66 67 67 67 67 67 68 68 68 68 68 67 67 67 67 68 67 67 67 67 67 67 67 67 67 68 68 69 69 68 68 68 68 68 69 69 69 69 70 69 69 69 70 70 70 70 70 70 70 70 70 71 71 71 71 71 71 72 71 71 71 72 72 71 71 71 71 71 71 71 71 72 72 72 72 72 72 72 72 72 72 72 73 73 73 73 73 73 73 73 73 73 73 73 74 74 74 74 74 74 74 74 74 75 75 75 75 75 75 75 75 75 75 75 75 75 75 75 75 75 75 75 75 75 76 76 76 76 76 76 76 76 76 76 76 76 76 77 76 76 77 77 77 77 79 79 79 79 79 79 79 79 79 79 79 79 79 79 80 80 80 80 80 80 80 80 80 80 80 81 81 81 81 81 80 81 81 81 81 81 81 81 81 80 80 80 81 81 81 82 82 82 83 83 83 83 83 83 83 83 83 83 83 83 83 83 83 83 83 83 83 84 84 84 84 84 84 85 85 84 84 85 85 85 85 85 85 85 85 85 84 84 84 85 85 85 84 84 84 84 85 85 85 85 85 85 86 85 85 85 86 86 86 86 85 86 86 86 86 86 86 87 87 87 87 87 87 87 86 86 86 87 87 87 87 87 87 87 87 87 87 87 87 87 87 87 87 87 87 87 87 87 87 87 88 88 88 88 88 88 88 88 88 88 88 88 88 88 89 58 58 59 59 59 59 60 61 61 61 61 61 61 62 62 63 63 63 64 64 64 64 64 64 64 64 64 64 65 65 65 65 65 65 65 65 65 65 65 65 65 65 66 66 66 66 66 66 66 65 65 65 65 65 66 65 65 65 65 66 66 66 66 66 66 67 67 67 67 67 67 67 67 67 67 67 67 67 67 67 68 67 68 68 68 68 68 68 68 68 68 69 68 68 68 68 68 68 69 69 69 69 69 69 69 69 68 69 69 69 69 70 70 69 69 70 70 70 70 70 70 70 70 70 71 71 71 71 71 71 72 72 71 71 72 72 72 71 71 71 71 72 71 71 71 71 71 72 72 72 72 72 72 72 72 73 73 73 73 73 73 73 73 73 73 73 73 74 74 74 74 74 74 74 74 74 75 75 75 75 75 75 75 75 75 75 75 75 75 75 75 75 75 75 75 75 75 76 76 76 76 76 76 76 76 76 76 76 76 76 77 77 77 77 77 77 77 79 79 79 79 79 79 79 79 79 79 79 79 79 80 80 80 80 80 80 80 80 80 80 80 80 81 81 81 81 81 81 81 81 81 81 81 81 81 81 81 81 81 81 81 81 82 83 83 83 83 84 84 84 84 83 83 83 84 83 83 83 83 83 84 84 84 83 84 84 84 84 84 84 84 85 85 84 85 85 85 85 85 85 85 85 85 85 84 85 85 85 85 85 85 84 84 84 85 85 85 85 85 85 85 85 85 86 86 86 86 86 86 86 86 86 87 87 87 87 87 87 87 87 87 87 86 86 86 87 87 87 87 87 87 87 87 87 87 87 87 87 87 87 87 87 87 87 87 88 88 88 88 88 88 88 88 88 88 88 88 88 88 88 88 58 59 60 60 61 60 60 60 61 62 62 62 62 62 62 63 64 64 64 64 64 64 65 64 65 65 65 65 65 66 66 66 66 66 66 65 65 65 66 66 65 65 65 65 65 66 65 65 65 65 66 66 65 66 66 65 66 66 67 67 67 67 67 67 68 68 67 67 67 67 67 67 67 67 67 67 67 67 67 68 68 68 68 68 69 69 69 69 69 69 69 69 69 69 69 69 69 69 69 69 69 69 69 69 69 69 69 69 70 70 70 70 70 70 70 70 70 70 70 70 70 71 71 71 72 72 71 72 72 72 72 72 72 72 72 72 72 72 71 71 72 72 72 71 71 72 72 73 73 72 73 73 73 73 73 73 73 73 73 73 74 73 73 74 74 74 75 75 75 74 74 74 75 75 75 75 75 75 75 75 74 75 75 75 75 75 75 75 75 76 76 75 75 75 76 76 76 76 76 76 76 76 76 76 76 76 76 76 77 77 77 77 77 77 79 79 79 79 79 79 79 79 79 79 79 79 80 80 80 80 80 80 80 80 80 80 80 80 80 81 81 81 81 81 80 81 81 81 81 81 81 81 81 81 81 81 81 81 82 82 83 83 83 84 84 84 84 84 84 84 84 84 84 84 84 84 84 84 84 84 84 84 84 84 84 84 84 84 84 85 84 84 85 85 85 85 85 85 85 86 85 85 85 85 85 85 85 85 85 85 85 85 85 85 85 85 85 85 85 85 86 86 86 86 86 86 86 86 86 87 87 87 87 87 87 87 87 87 87 87 87 87 87 87 87 87 87 87 87 87 87 87 88 88 88 87 87 87 87 87 87 88 88 88 88 88 88 88 88 88 88 88 88 88 88 88 88 89 60 60 60 60 60 60 61 62 63 63 63 63 64 63 63 64 64 64 64 64 64 65 65 65 65 65 65 65 66 66 66 66 66 66 65 65 65 65 65 65 65 65 65 65 65 65 65 66 66 66 66 66 66 66 66 66 66 66 67 67 67 67 68 68 68 68 68 68 68 67 68 67 67 67 67 67 67 67 68 68 68 69 69 69 69 69 69 69 69 69 70 69 69 69 69 69 69 69 69 69 69 69 69 69 69 69 69 70 70 70 70 70 70 70 70 70 70 71 71 71 71 71 71 72 72 73 73 73 73 73 72 71 71 71 72 72 71 72 72 72 72 72 72 71 72 72 73 73 73 73 73 73 73 73 73 73 73 73 73 73 74 74 74 74 74 75 75 74 74 75 75 75 75 75 75 75 75 75 75 75 75 75 75 75 75 75 75 75 76 76 76 76 76 76 76 76 76 76 76 76 76 76 76 76 76 76 77 77 77 77 77 77 77 79 79 79 79 79 79 80 79 79 79 80 80 80 80 80 80 80 80 80 80 80 80 80 80 81 81 80 81 81 81 80 81 81 81 81 81 81 81 82 82 82 82 82 82 82 83 83 83 84 84 84 84 84 84 84 84 84 84 84 84 84 84 85 85 84 84 84 84 84 84 84 84 84 85 84 84 84 85 85 85 85 85 86 86 86 86 85 85 84 84 85 85 85 85 85 85 85 85 85 85 85 85 85 85 85 85 86 86 86 86 87 86 86 86 86 86 87 87 87 87 87 87 87 87 87 87 87 87 87 87 87 87 87 87 87 87 87 88 88 88 88 87 87 87 87 88 88 88 88 88 88 88 88 88 88 88 88 88 88 88 89 89 89 89 59 60 60 60 60 61 61 61 61 62 63 63 63 64 64 64 64 64 64 64 64 64 65 65 64 64 64 64 64 65 65 66 66 66 66 66 66 66 65 65 65 65 65 65 65 65 65 65 66 66 66 67 66 66 67 66 66 66 67 67 68 68 68 68 68 69 69 69 68 68 68 68 68 68 68 68 67 67 68 68 69 69 69 69 69 70 69 69 69 69 69 70 70 69 69 69 70 69 69 69 69 69 70 70 69 69 69 69 69 70 70 70 70 70 70 70 70 70 71 71 71 71 71 71 71 71 72 72 72 72 73 72 71 71 71 71 71 72 72 72 72 72 72 72 72 72 72 73 73 73 73 73 73 73 73 73 73 73 73 73 73 73 74 74 74 74 75 75 75 75 75 75 75 75 75 75 75 75 75 75 75 75 75 75 75 75 75 75 76 76 76 76 76 76 76 76 76 76 76 76 76 76 76 76 76 76 77 77 77 77 77 77 77 77 79 79 79 79 80 80 80 80 80 80 80 80 80 80 80 80 80 80 80 80 80 80 80 80 81 81 80 80 80 81 81 81 81 81 81 81 81 81 81 82 82 82 82 82 83 83 83 83 84 84 84 84 84 85 85 85 85 85 85 85 84 84 84 84 84 84 84 84 85 85 85 85 85 85 84 85 85 85 85 85 85 85 86 86 85 85 85 85 85 84 84 85 85 85 85 85 85 85 85 86 86 85 85 85 85 85 86 86 86 86 86 87 87 86 86 86 87 87 87 87 87 87 87 87 87 87 87 87 87 87 87 87 88 88 88 88 88 88 88 88 88 87 87 87 87 87 87 87 87 88 88 88 88 88 88 88 88 88 88 88 89 89 89 89 60 60 61 62 62 62 62 62 62 62 63 64 64 64 64 64 64 65 65 65 65 64 64 64 64 64 64 65 65 66 66 66 65 66 66 66 66 66 65 65 66 65 66 66 66 66 67 67 67 67 67 67 67 67 67 67 67 67 68 68 68 69 69 69 69 68 68 68 69 69 69 68 68 68 68 68 68 69 69 69 69 69 69 69 69 69 69 69 69 70 70 70 69 69 70 69 69 69 69 70 70 70 70 69 69 70 70 70 70 70 70 70 70 71 71 71 71 72 72 71 71 72 71 71 72 72 72 73 72 72 72 72 72 72 72 73 72 72 72 72 73 73 72 72 73 73 73 73 73 73 73 73 73 73 73 73 74 74 73 73 74 74 74 75 75 75 75 75 75 75 75 75 75 75 75 75 75 75 75 75 75 75 75 75 75 76 76 76 76 76 76 76 76 76 76 76 76 76 76 76 76 76 76 76 77 77 77 77 77 77 77 79 79 79 79 79 80 80 80 80 80 80 80 80 80 80 80 80 80 80 80 80 80 80 80 81 80 80 81 81 81 81 81 81 81 81 81 81 81 81 82 81 81 81 82 82 82 83 83 83 83 84 84 84 85 85 85 85 85 85 85 84 84 84 84 84 85 85 85 85 85 85 85 85 85 85 85 85 85 85 85 84 84 85 85 85 84 84 85 85 85 84 85 85 85 85 85 85 85 85 85 86 86 85 85 85 86 86 86 86 86 86 86 87 87 86 86 86 87 87 87 87 87 87 87 87 87 87 87 87 87 87 87 87 88 88 88 88 88 88 88 88 87 87 87 87 87 87 87 88 88 88 88 88 88 88 88 88 88 88 88 89 89 89 60 60 61 61 62 61 61 61 61 62 63 62 63 64 64 65 65 65 65 65 65 65 65 64 64 64 64 65 65 66 66 66 66 66 66 66 66 66 66 66 66 66 66 66 66 66 66 66 67 67 66 66 66 67 67 67 68 67 68 68 68 68 68 68 68 68 68 68 69 69 69 69 69 69 69 69 69 69 69 69 69 69 69 69 70 70 70 69 69 69 69 69 69 69 69 69 69 69 69 70 70 70 70 70 70 70 70 70 70 70 70 71 71 71 71 71 71 71 72 72 72 72 71 72 72 72 72 72 72 72 73 73 73 73 73 73 73 73 73 73 73 73 72 72 73 73 73 73 73 73 73 73 73 73 73 73 74 74 74 74 74 74 74 75 75 75 75 75 75 75 75 75 75 75 75 75 75 75 75 75 75 75 75 76 76 76 76 76 76 76 76 76 76 76 76 76 76 76 76 76 76 76 77 77 77 77 77 77 77 77 77 79 79 79 79 79 80 80 80 80 80 80 80 80 80 80 80 80 80 80 80 80 80 80 80 80 81 81 81 81 81 81 81 81 81 81 81 81 81 81 81 81 81 81 81 81 81 81 81 82 82 83 83 83 84 84 84 84 84 84 85 84 84 85 85 85 85 86 86 85 86 86 86 86 86 86 86 85 85 85 85 84 84 84 84 84 85 85 85 85 85 85 85 85 85 85 85 85 85 85 85 86 86 86 85 85 85 86 86 86 86 86 86 87 87 87 86 86 87 87 87 87 87 87 87 87 87 87 87 87 87 87 87 87 87 87 88 88 88 88 88 88 88 87 87 87 87 87 87 87 88 88 88 88 88 89 89 89 89 88 89 89 89 89 60 60 60 61 61 61 62 62 63 62 61 62 63 62 63 63 64 65 65 65 64 64 64 64 65 65 65 65 66 66 66 66 66 66 66 66 66 66 66 66 66 66 66 66 66 66 66 66 66 66 66 67 67 67 67 68 68 68 68 69 69 68 68 68 68 68 68 69 69 69 69 69 69 69 69 69 69 69 69 69 69 69 70 70 70 70 70 70 70 70 69 69 69 69 69 70 70 70 70 70 70 70 70 70 70 70 70 70 70 71 71 71 71 71 72 72 72 72 72 72 72 72 72 72 72 72 72 72 72 72 72 73 73 73 73 72 72 73 73 73 73 72 73 73 73 73 73 73 73 73 73 73 73 73 73 73 73 74 74 74 74 74 75 75 75 75 75 75 75 75 75 75 75 75 75 75 75 75 75 75 75 75 76 76 76 76 76 76 76 76 76 76 76 76 76 76 76 77 76 76 76 77 77 77 77 77 77 77 77 77 79 79 79 79 79 80 80 80 80 80 80 80 80 80 80 80 80 80 80 80 80 80 80 80 80 81 81 81 81 81 81 81 81 81 81 81 81 81 81 81 82 82 82 82 82 81 81 81 82 82 83 83 83 84 83 84 84 83 84 85 85 85 84 85 85 85 85 86 86 86 86 86 86 86 86 86 86 86 86 85 85 84 84 84 84 85 85 85 85 85 85 85 85 85 86 86 86 86 86 85 85 85 86 86 86 85 86 86 86 86 86 86 86 87 87 87 86 87 87 87 87 87 87 87 87 87 87 87 87 87 87 87 87 87 87 88 88 88 88 88 88 88 88 88 87 87 87 87 88 88 88 88 88 88 88 89 88 88 88 89 89 89 89 89 60 60 61 61 62 62 62 62 62 61 62 62 62 62 62 63 63 63 64 64 64 64 64 64 64 65 65 65 66 66 66 66 66 66 66 66 65 66 66 66 66 66 66 66 66 66 66 66 66 66 67 67 68 67 67 67 67 68 68 68 68 68 68 68 68 68 69 69 69 69 69 69 69 69 69 69 69 69 69 69 69 69 69 70 70 70 70 70 70 70 69 69 69 70 70 70 70 70 70 70 70 70 70 70 71 71 71 71 71 71 72 72 72 72 72 72 72 72 72 72 72 72 72 73 73 72 72 72 73 73 73 72 72 72 72 72 73 73 72 73 73 73 73 73 73 73 73 73 73 73 73 73 73 73 73 73 73 74 74 74 74 75 75 75 75 75 75 75 75 75 75 75 75 75 75 75 75 75 75 75 75 76 76 76 76 76 76 76 76 76 76 76 76 76 76 77 77 77 77 77 77 77 77 77 77 77 77 77 77 79 79 79 79 80 80 80 79 79 80 80 80 80 80 80 80 80 80 80 81 80 81 81 81 81 81 81 81 81 81 81 81 81 81 81 81 81 81 82 82 81 82 82 82 83 82 82 82 82 82 82 83 83 83 83 83 83 84 84 85 85 85 84 85 85 84 85 85 86 86 86 86 86 86 86 86 86 86 86 86 85 84 84 84 84 85 85 85 85 85 85 85 85 85 85 86 86 86 86 86 86 85 85 86 86 86 86 86 86 86 86 87 87 86 87 87 86 87 87 87 87 87 88 88 87 87 87 87 87 87 87 87 87 87 88 88 88 88 88 88 88 88 87 87 87 87 87 88 88 88 88 88 88 88 88 88 88 88 88 89 89 89 89 89 60 60 60 61 61 62 62 61 61 61 61 62 62 62 62 62 63 64 65 65 64 64 64 64 64 64 65 66 66 66 66 66 66 66 66 66 66 66 66 66 66 66 66 66 66 66 67 66 67 67 67 67 67 67 67 68 68 68 68 68 68 68 68 68 68 69 69 69 69 69 69 69 69 69 69 69 69 69 69 69 69 69 70 70 70 70 70 70 70 70 70 69 69 70 70 70 70 70 70 70 70 71 71 71 71 71 71 71 71 72 71 72 72 72 72 72 72 72 72 72 72 72 72 73 72 72 72 72 73 73 73 73 73 72 72 72 72 73 73 73 73 73 73 73 73 73 73 73 73 73 73 74 74 74 74 73 73 74 74 74 74 75 75 75 75 75 75 75 75 75 75 75 75 75 75 75 75 75 75 75 76 76 76 76 76 76 76 76 76 76 76 77 77 77 77 77 77 77 77 77 77 77 77 77 77 77 77 77 79 79 79 79 79 79 79 79 80 80 80 80 80 80 80 80 80 80 81 81 81 81 81 81 81 81 81 81 81 81 81 81 81 81 81 81 81 82 82 82 82 82 82 82 82 83 82 83 83 83 83 83 83 83 83 83 83 84 84 84 84 84 84 84 84 85 85 86 86 86 86 86 86 86 86 86 87 87 87 86 86 85 84 84 84 85 85 85 85 86 85 85 85 85 85 86 86 86 86 86 86 86 86 86 86 86 86 86 86 86 86 86 87 86 86 86 87 87 87 87 87 87 87 88 88 87 87 87 87 87 87 87 87 87 88 88 88 88 88 88 88 88 87 87 87 87 88 88 88 88 88 88 88 88 88 88 88 88 89 89 89 89 90 90 61 62 61 61 62 61 62 62 63 63 64 65 65 65 64 64 64 64 65 65 66 65 66 66 66 66 66 66 66 66 66 66 66 66 66 67 67 66 66 67 67 67 67 67 67 67 67 67 67 67 68 68 68 68 68 68 68 69 68 69 69 69 69 69 69 69 69 69 69 69 69 69 69 69 69 69 69 70 70 70 70 70 70 70 70 70 70 70 70 70 70 70 70 70 70 71 71 71 71 71 71 72 72 71 72 72 72 72 72 72 72 72 72 72 72 72 72 72 72 72 72 72 72 72 73 73 73 72 72 73 73 73 73 73 73 73 73 73 73 73 73 73 74 74 74 74 74 74 74 73 73 74 74 74 75 75 75 75 75 75 75 75 75 75 75 75 75 75 75 75 75 75 75 76 76 76 76 76 76 76 76 76 77 76 76 76 77 77 76 76 76 77 77 77 77 77 77 77 77 77 77 79 79 79 79 79 79 79 79 80 80 80 80 80 80 80 81 81 81 81 81 81 81 81 81 81 81 81 81 81 81 81 81 81 81 81 81 81 82 82 82 82 83 83 82 82 82 82 83 83 83 84 84 83 83 83 83 84 84 84 84 84 84 84 85 85 85 85 85 86 86 86 86 86 86 86 87 87 87 87 87 86 86 85 84 84 85 85 85 86 86 85 85 85 85 85 86 86 86 86 86 86 86 86 86 86 86 86 86 86 86 86 86 86 86 86 87 87 87 87 88 87 87 87 87 88 88 87 87 87 88 88 88 88 88 88 88 88 88 88 88 88 87 87 87 87 88 88 88 88 88 88 88 88 88 88 88 88 88 89 89 89 90 90 90 90 61 61 61 61 62 62 63 63 63 63 64 65 65 64 64 64 65 65 66 66 65 65 66 66 66 66 66 66 66 66 66 66 66 67 67 67 67 66 66 67 67 67 67 67 67 67 67 67 68 68 68 68 68 68 68 68 68 69 69 69 69 69 69 69 70 69 69 69 69 69 69 69 69 69 69 70 70 70 70 70 70 70 70 70 70 70 70 70 70 70 70 70 70 70 71 71 71 71 71 71 71 71 71 71 72 72 72 72 72 72 72 72 72 72 72 72 72 72 72 72 73 73 72 72 73 73 73 72 73 73 73 73 73 73 73 73 73 73 73 73 73 74 74 74 74 74 74 74 74 74 74 74 74 74 75 75 75 75 75 75 75 75 75 75 76 76 76 75 75 76 76 76 76 76 76 76 76 76 76 77 77 76 76 76 76 76 76 76 77 77 77 77 77 77 77 77 77 77 77 77 79 79 79 79 79 79 79 80 80 80 80 80 80 80 81 80 81 81 81 81 81 81 81 81 81 81 81 81 81 81 81 81 81 82 82 82 82 82 82 82 82 83 83 82 82 82 82 83 83 83 83 83 84 84 85 84 84 85 85 85 85 84 84 85 85 86 86 85 86 86 86 86 86 86 87 87 87 87 87 87 86 86 84 84 84 85 85 85 85 85 85 86 86 86 85 85 86 86 86 86 86 86 86 86 86 86 86 86 87 86 86 86 86 87 86 87 87 87 87 88 88 87 87 87 87 87 87 87 87 88 88 88 88 88 88 88 88 88 88 88 88 87 88 88 88 88 88 88 88 88 88 88 88 89 89 89 89 89 89 90 90 90 90 61 61 61 61 61 62 63 62 62 63 64 64 65 65 64 64 64 65 65 66 66 66 65 66 66 66 66 66 66 66 66 66 66 67 67 67 67 67 67 67 67 67 67 67 67 67 67 67 68 68 68 68 68 68 68 68 69 69 69 69 69 69 69 69 70 70 69 69 69 69 69 69 69 69 70 69 70 70 70 70 70 70 70 70 70 70 70 70 70 70 70 70 70 70 71 71 71 71 71 71 71 71 71 71 71 72 72 72 72 72 72 72 72 72 72 72 72 72 72 72 72 73 72 72 73 73 73 73 73 73 73 73 73 73 73 73 73 73 73 73 73 74 74 74 74 74 74 74 74 74 74 74 74 75 75 75 75 75 75 75 75 75 76 76 76 76 76 76 75 76 76 76 76 76 76 77 76 76 76 76 76 76 76 77 76 77 76 77 77 77 77 77 77 77 77 77 77 77 77 77 79 79 79 79 79 79 79 79 80 80 80 80 80 80 80 80 80 80 81 81 81 81 81 81 81 81 81 81 81 81 81 82 81 81 82 82 82 82 82 82 83 83 83 83 83 83 83 83 84 84 84 84 84 84 84 85 85 85 85 85 85 85 85 85 85 86 86 86 86 86 86 86 86 87 87 87 87 87 87 87 86 86 85 84 84 84 85 85 85 86 86 86 86 86 86 86 86 86 86 86 86 86 86 87 87 86 86 86 87 87 87 86 86 87 87 86 87 87 87 87 88 87 87 87 87 87 87 87 87 87 88 88 88 88 88 88 88 88 87 87 87 88 88 88 88 88 88 89 88 88 88 89 89 89 89 89 89 62 62 62 63 63 64 63 64 65 65 64 64 64 65 65 66 66 66 66 66 66 66 66 66 66 66 66 66 67 67 67 67 67 67 67 67 67 67 67 68 67 67 67 67 68 69 68 68 68 69 69 69 69 69 69 69 69 69 69 69 69 69 69 69 69 69 69 70 69 70 70 70 70 70 70 70 71 71 71 71 71 71 70 70 70 70 71 70 70 70 70 71 71 71 71 72 72 72 71 72 72 72 72 72 72 72 72 72 72 72 72 73 73 72 72 72 72 72 72 72 73 73 73 73 73 73 73 73 73 73 73 74 74 74 73 73 74 74 74 74 74 74 74 74 74 74 75 75 75 75 75 75 75 75 75 75 75 75 76 76 76 76 75 75 75 76 76 76 76 76 76 76 76 76 76 76 76 76 77 77 77 77 77 77 77 77 77 77 77 77 77 77 77 77 77 79 79 79 80 80 80 80 80 80 80 80 80 80 80 80 80 80 81 81 81 81 81 81 81 81 81 81 81 81 81 81 82 82 81 82 82 82 82 82 82 82 82 83 83 83 83 83 84 84 84 85 84 84 84 84 84 85 85 85 85 85 86 86 85 85 86 86 86 86 86 86 86 86 86 86 86 87 87 87 87 87 86 85 84 84 84 85 85 85 86 86 86 86 86 86 86 86 86 86 86 86 86 87 87 87 87 86 86 86 86 87 87 87 87 87 87 87 87 87 87 87 88 87 87 87 87 87 87 87 87 88 88 88 88 88 88 88 87 88 88 88 88 88 88 89 89 89 89 88 89 88 89 89 89 62 62 62 62 62 63 63 63 64 65 65 64 64 65 65 66 66 66 66 66 66 66 66 66 66 66 66 66 66 67 67 67 67 67 67 67 67 67 67 67 67 67 67 68 68 68 69 69 69 69 69 69 69 69 69 69 69 69 69 69 69 69 69 69 69 69 69 70 70 70 70 70 70 70 70 70 70 70 70 71 71 71 71 71 71 70 70 71 71 70 71 71 71 71 71 71 72 72 71 72 72 72 72 72 72 72 72 72 72 72 72 72 72 72 72 72 72 72 72 72 73 73 73 73 73 73 73 73 73 73 73 73 73 74 74 74 74 74 74 74 74 74 74 74 74 74 75 75 75 75 75 75 75 75 75 75 75 75 75 75 76 75 75 76 76 76 76 76 76 76 77 76 76 76 77 76 77 76 77 77 77 77 77 77 77 77 77 77 77 77 78 77 77 77 77 77 79 80 80 80 80 80 80 80 80 80 80 80 80 80 80 80 80 81 80 81 81 81 81 81 81 81 82 82 82 81 82 82 82 82 82 82 82 82 82 82 82 82 82 83 83 83 83 84 84 85 85 85 85 85 85 85 85 84 84 85 85 86 86 86 86 86 86 86 86 86 86 86 86 86 86 87 87 87 87 87 87 86 86 85 84 84 85 85 85 86 86 86 86 86 86 86 86 86 86 86 86 86 87 87 87 87 87 87 86 86 87 87 87 87 87 87 87 87 87 87 87 87 87 87 87 87 87 87 87 87 88 88 88 88 88 88 87 87 88 88 89 89 89 89 89 89 89 89 89 89 89 89 89 89 90 62 63 63 63 62 63 63 64 64 65 64 64 64 65 65 65 66 66 66 66 66 66 66 66 66 66 66 67 66 66 67 67 67 67 67 67 67 67 67 68 67 67 67 68 68 68 69 69 69 69 69 69 69 68 68 69 69 69 69 69 69 69 69 69 69 69 69 70 70 70 70 70 70 70 70 70 70 70 70 71 71 71 71 71 71 70 70 70 71 71 71 71 71 71 72 71 71 71 71 72 72 72 72 72 72 72 72 72 72 72 72 72 72 72 72 72 72 72 72 73 73 73 73 73 73 73 73 73 73 73 73 73 74 74 74 74 74 74 74 74 74 74 74 74 74 74 75 75 75 75 75 75 75 75 75 75 75 75 75 76 76 76 76 76 76 76 76 76 76 76 76 76 77 77 76 76 77 76 77 77 77 77 77 77 77 77 77 77 77 77 78 77 77 77 77 77 79 80 80 80 80 80 80 80 80 80 80 80 80 80 80 80 80 81 81 81 81 81 81 81 81 81 81 81 81 82 82 82 82 82 82 82 82 83 83 82 82 83 83 83 83 83 83 84 84 84 84 84 84 85 85 85 85 85 85 85 85 85 86 86 87 86 87 86 86 86 86 86 86 86 86 87 87 87 87 87 86 86 86 85 84 84 85 85 85 86 86 86 86 86 86 86 86 86 86 86 86 86 86 87 87 87 87 87 87 87 87 87 87 87 87 87 87 87 87 87 87 87 87 87 87 88 88 88 88 88 88 88 88 88 88 88 88 88 88 89 89 89 89 89 89 89 89 89 89 89 89 89 90 90 90 62 63 64 63 63 62 63 64 64 64 64 65 65 64 65 65 66 66 66 66 66 66 66 66 66 66 67 67 66 66 67 67 67 67 67 67 67 67 68 68 68 68 68 68 68 69 69 69 69 69 69 69 69 69 69 69 68 69 69 69 69 69 69 69 70 70 70 70 70 70 70 70 70 70 70 70 70 71 71 71 71 71 71 71 71 70 70 70 71 71 71 71 71 71 72 72 71 71 72 72 72 72 72 72 73 72 72 73 73 72 72 72 72 72 72 72 72 72 73 73 73 73 73 73 73 73 73 73 73 73 74 74 74 74 74 74 74 74 74 74 74 74 74 74 74 75 75 75 75 75 75 75 75 75 75 75 76 75 76 76 76 76 76 76 76 76 76 76 76 77 77 77 77 77 77 77 77 77 77 77 77 77 77 77 77 77 77 77 77 77 77 77 77 77 77 80 80 80 80 80 80 80 80 80 80 80 80 80 80 80 80 81 81 81 81 81 81 81 81 81 81 81 81 82 82 82 82 82 82 83 82 82 83 83 83 83 83 83 83 83 83 84 84 84 84 85 85 85 85 85 85 85 85 85 86 86 85 86 86 86 86 86 86 86 86 87 87 86 86 86 86 87 87 86 86 86 85 85 85 85 85 85 85 85 86 86 86 86 86 86 86 86 87 86 86 87 87 86 87 87 87 87 87 87 87 87 87 87 87 87 87 87 87 87 87 87 87 87 88 88 88 88 88 88 88 88 88 88 88 88 88 89 88 89 89 89 89 89 89 89 89 89 89 89 89 89 90 90 90 57 57 62 63 63 63 63 63 63 63 63 64 64 64 64 64 65 65 66 66 66 66 66 66 66 66 66 66 66 66 66 66 66 66 66 67 67 67 67 67 67 67 68 68 68 68 69 69 68 68 69 69 69 69 69 69 69 69 69 69 69 69 69 69 69 69 69 70 70 70 70 70 70 70 70 70 70 70 70 71 71 71 71 71 71 71 71 71 71 71 70 71 71 71 71 71 71 72 72 71 71 72 72 72 72 72 72 72 72 72 72 72 73 73 72 72 72 72 73 73 72 73 73 73 73 73 73 73 73 73 73 73 73 74 74 74 74 74 74 74 74 74 74 74 74 74 74 74 75 75 75 75 75 75 75 75 75 75 76 76 76 76 76 76 76 76 76 76 76 76 76 77 77 77 77 77 77 77 77 77 78 78 77 77 77 77 77 77 77 77 77 77 77 77 77 77 77 77 80 80 80 80 80 80 80 80 80 80 80 80 80 80 80 81 81 81 81 81 81 81 81 81 81 81 81 81 81 82 82 82 82 82 82 82 82 83 83 83 83 83 83 83 84 83 84 83 84 84 84 84 85 85 85 85 86 86 86 86 86 86 86 86 86 86 86 86 86 86 86 86 86 86 86 87 86 86 86 86 86 86 86 86 85 85 85 85 85 86 86 86 86 86 86 86 86 87 87 87 87 87 87 87 87 87 87 87 87 87 87 87 87 88 87 87 87 88 88 87 87 87 87 87 88 88 88 88 88 88 88 88 88 88 88 88 89 89 89 89 89 89 89 57 59 58 62 62 62 62 63 63 64 64 64 64 63 63 63 64 64 64 64 65 65 66 66 66 66 66 66 66 66 66 66 66 66 66 67 67 67 67 66 67 67 67 67 67 67 68 68 68 68 68 68 69 68 69 69 69 69 69 70 70 69 69 69 69 69 69 69 69 69 69 70 70 70 70 70 70 70 70 70 70 70 70 71 71 71 71 71 71 71 71 71 71 71 71 71 71 71 71 71 71 71 72 71 71 71 71 71 72 72 72 72 72 72 72 72 73 73 73 73 73 73 73 73 73 73 73 73 73 73 73 73 74 73 73 74 74 74 74 74 74 74 74 74 74 74 74 74 74 74 74 74 75 75 75 75 75 75 75 75 75 75 76 76 76 76 76 76 76 76 76 76 77 76 76 76 77 77 77 77 77 77 77 77 77 78 77 77 77 77 77 77 77 77 77 77 77 77 77 77 77 77 80 80 80 80 80 80 80 80 80 80 80 80 80 80 80 81 81 81 81 81 81 81 81 81 81 81 81 81 81 81 82 82 82 82 82 82 83 83 83 83 83 84 84 84 84 84 84 84 84 84 84 85 85 85 85 85 86 86 86 85 86 86 86 87 86 86 86 86 86 86 86 86 87 87 87 87 87 86 86 86 87 87 86 86 85 85 85 85 85 86 86 86 86 86 86 86 86 87 87 87 87 87 87 87 87 87 87 87 87 87 87 87 88 88 88 87 87 88 88 88 87 87 87 87 88 88 88 88 88 88 88 88 88 88 88 89 89 89 89 57 59 61 59 58 57 58 58 58 62 62 62 63 63 62 63 63 64 64 64 64 64 64 63 64 64 64 64 64 65 65 66 66 66 66 66 66 66 66 67 67 67 67 67 67 68 67 67 67 66 67 67 67 68 68 68 68 68 68 68 68 68 69 68 69 69 69 69 69 69 69 70 69 69 70 70 70 70 69 69 69 69 70 70 70 70 70 70 70 70 70 70 71 71 71 71 71 71 71 71 71 71 71 71 71 71 71 71 71 71 71 71 71 71 72 72 72 72 72 72 72 72 72 73 73 73 73 73 73 73 73 73 73 73 73 73 73 73 73 73 73 74 73 73 74 74 74 74 74 74 74 74 74 74 74 74 74 74 74 74 74 75 75 75 75 75 75 75 75 75 75 76 76 76 76 76 76 76 76 76 76 76 76 77 76 77 77 77 77 77 77 77 77 77 77 78 77 77 77 77 77 77 77 77 77 77 78 78 78 77 78 80 80 80 80 80 80 80 80 80 80 80 80 80 80 81 81 81 81 81 81 81 81 81 81 81 81 81 82 82 82 82 82 82 82 82 82 83 83 83 83 84 83 83 83 84 84 84 84 85 85 85 85 85 85 85 85 85 85 85 85 86 86 86 87 87 86 86 86 86 86 87 87 87 87 87 86 87 87 87 87 87 87 86 85 85 85 85 85 85 86 86 86 86 86 86 86 86 87 87 87 87 87 87 87 87 87 87 87 87 87 88 88 88 88 88 88 88 88 88 88 87 87 88 88 88 88 88 88 88 88 88 88 88 88 89 89 89 89 89 57 59 61 61 60 59 60 61 60 59 58 62 63 63 63 63 63 64 64 64 64 64 64 64 63 64 64 65 64 64 64 64 65 66 66 66 66 66 66 67 67 67 67 67 67 67 67 67 67 67 67 67 67 67 67 67 68 68 68 68 68 68 68 68 68 68 69 69 69 69 69 69 69 69 69 69 69 69 70 70 70 70 69 69 70 70 70 70 70 70 70 70 70 70 70 70 71 71 71 71 71 71 71 71 71 71 71 71 71 72 71 71 72 71 72 72 72 72 72 72 72 72 72 72 72 73 73 73 73 73 73 73 73 73 73 73 73 73 73 73 73 73 73 74 74 73 74 74 74 74 74 74 74 74 74 74 74 74 74 74 74 74 75 75 75 75 75 75 75 75 76 76 76 76 76 76 76 76 76 76 76 76 76 76 77 77 77 77 77 77 77 77 76 77 77 77 77 77 77 77 77 77 77 77 77 77 77 77 78 78 78 78 78 80 80 80 80 80 80 80 80 80 81 81 81 81 81 81 81 81 81 81 81 81 81 81 81 81 81 82 82 82 82 82 82 82 83 83 83 83 83 83 84 84 83 83 83 84 84 84 85 85 85 85 85 85 85 85 86 86 86 86 86 86 86 86 86 87 86 86 86 86 86 87 87 87 87 87 87 87 87 87 87 87 87 86 85 85 85 85 85 86 86 86 86 86 86 86 87 87 87 87 87 87 87 87 87 87 87 87 87 87 87 87 88 88 88 88 88 88 88 88 88 88 88 88 88 88 88 88 88 88 88 88 88 88 88 88 89 89 89 89 58 59 60 60 60 60 61 62 61 60 59 59 59 59 62 62 63 63 62 63 63 64 64 64 64 65 65 64 64 64 64 64 65 65 65 65 64 65 65 65 66 67 66 67 67 67 67 67 67 67 67 67 67 67 67 67 67 68 68 67 67 67 67 68 68 68 68 68 68 69 69 69 69 69 69 69 69 69 69 69 69 69 69 69 70 70 70 70 69 69 70 70 70 70 70 70 70 70 70 70 70 70 71 71 71 71 71 71 71 71 71 71 72 71 71 71 71 72 72 72 72 72 72 73 72 72 72 73 73 73 73 73 73 73 73 73 73 73 73 73 73 73 73 73 73 73 73 73 73 74 74 74 74 74 74 74 74 74 74 74 74 74 74 74 74 74 74 75 75 75 75 75 75 75 75 76 76 76 76 76 76 76 76 76 76 76 77 77 77 77 77 77 77 77 77 77 77 77 76 77 77 77 77 77 77 77 77 77 77 77 77 77 77 78 78 78 78 78 80 80 80 80 80 80 80 81 81 81 81 81 81 81 81 81 81 81 81 81 81 81 81 81 81 81 81 82 82 81 82 82 82 83 83 83 83 83 83 83 84 83 83 83 84 84 84 84 85 85 85 85 85 86 86 86 86 86 86 86 86 86 87 86 87 87 87 86 87 87 87 87 87 87 87 87 87 87 87 87 87 86 86 86 86 85 85 85 86 86 86 86 86 86 86 87 87 87 87 87 87 87 87 87 87 87 87 87 87 87 88 88 88 88 88 88 88 88 88 88 88 88 88 88 88 88 88 88 88 88 88 89 89 89 88 89 89 89 89 58 59 60 60 61 61 62 62 61 61 61 61 60 59 62 62 63 63 63 63 63 63 63 64 64 63 64 64 64 64 64 64 64 65 65 66 65 65 65 65 65 66 66 66 66 67 67 67 67 67 67 67 67 67 67 67 67 67 68 68 68 68 68 67 67 67 68 68 68 68 69 69 69 69 69 69 69 69 69 69 69 69 70 69 69 69 69 69 70 70 70 69 69 70 71 71 71 71 71 70 70 70 70 70 71 71 71 71 71 71 71 71 71 71 72 71 71 71 71 71 72 72 72 72 72 73 73 73 73 73 73 73 73 73 73 73 73 73 73 73 73 73 73 73 73 73 73 73 73 73 74 74 74 74 74 74 74 74 74 74 74 74 74 74 75 75 74 74 74 74 75 75 75 75 75 75 75 75 76 76 76 76 76 76 77 77 77 77 77 77 77 77 77 77 77 77 77 77 77 77 77 77 77 77 78 77 77 77 77 77 77 77 77 78 78 78 78 78 78 78 80 80 80 80 80 80 80 81 81 81 81 81 81 81 81 81 81 81 81 81 81 81 81 81 81 81 81 81 81 81 82 82 82 82 83 83 83 83 84 83 83 83 83 83 83 84 84 84 85 85 85 85 85 85 85 86 86 86 86 86 86 87 86 86 87 87 87 86 86 87 87 87 87 87 87 87 87 86 86 86 86 86 86 86 86 85 85 86 86 86 86 86 86 87 87 87 87 87 87 87 87 87 87 87 87 87 87 88 88 88 88 88 88 88 88 88 88 88 88 88 88 88 88 88 88 88 88 88 89 89 89 89 89 88 89 89 89 89 90 90 59 60 60 61 61 62 62 62 61 61 61 60 60 59 60 60 62 63 63 63 63 63 63 63 63 64 63 63 64 65 65 64 64 64 65 65 66 66 65 65 66 66 66 66 66 66 67 67 67 66 66 66 66 67 67 67 67 67 67 67 67 68 68 68 68 68 67 67 67 68 68 68 69 69 69 69 69 69 69 69 69 69 69 69 70 70 70 70 69 69 69 69 69 69 70 70 70 70 71 71 71 70 70 71 71 71 71 71 71 71 71 71 71 71 71 72 72 72 72 71 71 71 72 72 72 72 72 72 73 73 72 73 73 73 73 73 73 73 73 73 73 73 73 73 73 73 73 73 73 73 73 74 74 74 74 74 74 74 74 74 74 74 74 74 74 74 75 75 74 74 74 75 75 75 75 75 75 75 76 76 76 76 76 76 76 76 76 76 76 76 77 77 77 77 77 77 77 77 77 77 76 77 77 77 77 77 77 77 77 77 77 77 77 77 77 78 78 78 78 78 78 78 80 80 80 80 80 80 80 80 81 81 81 81 81 81 81 81 81 81 81 81 81 81 81 81 81 81 81 81 81 82 82 82 83 83 83 83 82 83 83 83 83 83 83 83 84 84 84 85 85 85 85 86 86 85 86 86 86 86 86 86 86 86 86 86 87 87 86 86 86 86 87 87 86 87 87 87 87 87 87 86 86 86 86 85 85 86 86 86 86 86 86 86 86 86 87 87 87 87 87 87 87 87 87 88 87 88 87 88 88 88 88 88 88 88 88 88 88 88 88 88 88 88 88 88 88 88 88 88 88 89 89 88 88 89 89 89 89 89 90 59 60 61 61 62 62 62 62 62 62 61 60 60 61 62 62 61 61 62 61 61 60 61 61 61 61 61 61 61 61 61 61 62 62 63 63 63 63 63 63 63 63 63 63 64 64 64 64 64 64 64 64 65 65 65 65 66 66 66 66 66 67 67 67 67 67 67 67 66 66 66 66 67 67 67 67 67 67 67 68 68 68 69 68 68 68 68 68 68 69 69 69 69 69 69 69 69 69 69 69 69 70 70 70 70 70 70 70 70 69 69 69 69 70 70 70 71 70 71 71 71 71 70 71 71 71 71 71 71 71 71 71 72 72 72 72 72 72 71 72 72 72 72 72 72 72 72 72 72 73 73 73 74 74 73 73 73 73 73 73 73 73 73 73 73 73 73 73 74 74 74 74 74 74 74 74 74 74 74 74 74 74 74 74 75 75 75 75 75 75 76 75 75 75 75 75 76 76 76 76 76 76 76 76 76 76 76 76 77 77 77 77 77 77 77 77 77 77 77 77 77 77 77 77 77 77 77 77 77 77 77 78 78 78 78 78 78 78 78 78 80 80 80 80 80 80 80 80 80 81 81 81 81 81 81 81 81 81 81 81 81 81 81 81 81 81 82 82 82 82 82 82 83 82 83 82 83 82 82 82 82 83 83 83 84 84 84 85 85 85 85 85 86 86 86 86 86 86 86 86 86 86 87 87 87 86 86 86 86 86 87 87 86 86 86 87 87 87 86 86 86 86 86 85 86 86 86 86 86 86 86 86 86 87 87 87 87 87 87 87 87 87 87 88 88 88 88 88 88 87 88 88 88 88 88 88 88 88 88 88 88 88 88 88 88 89 89 89 89 89 89 89 89 89 89 89 89 90 90 60 62 62 61 62 62 62 61 61 60 60 61 62 63 63 63 63 63 63 62 61 62 63 63 62 62 62 62 62 62 62 63 63 63 63 64 63 64 63 63 63 63 64 64 64 64 65 65 64 64 64 65 65 65 65 65 65 66 66 67 67 67 67 67 67 67 67 67 67 67 67 67 67 67 67 67 68 68 68 68 68 69 69 69 68 68 68 68 69 69 69 69 69 69 69 69 69 69 69 70 70 70 70 70 70 70 70 70 70 70 70 69 70 70 70 70 71 71 71 71 71 71 71 71 71 71 71 72 71 71 72 72 72 72 72 72 72 72 72 72 72 72 72 72 73 72 72 73 73 73 73 74 74 74 73 73 73 73 74 73 73 73 73 73 73 74 74 74 74 74 74 74 74 74 74 74 74 74 74 74 74 74 75 75 75 75 75 75 76 76 76 76 75 76 76 76 76 76 76 76 76 76 76 76 76 76 76 76 77 77 77 77 77 77 77 77 77 77 77 77 77 77 77 77 77 77 78 78 78 78 78 78 78 78 78 78 78 78 80 80 80 80 80 80 80 80 80 81 81 81 81 81 81 81 81 81 81 81 81 81 81 81 82 82 82 82 82 82 82 83 82 82 82 83 83 83 83 83 83 83 83 83 83 84 84 84 85 85 85 85 85 86 86 86 86 86 86 86 86 86 87 87 86 86 86 86 86 86 86 86 86 86 86 87 87 87 87 86 86 85 85 85 86 86 86 86 87 86 86 86 86 86 87 87 87 87 87 87 87 88 88 88 88 88 88 88 88 88 88 88 88 88 88 88 88 88 88 88 88 88 88 88 89 89 89 89 89 89 89 89 89 89 89 90 90 90 90 61 61 61 62 62 62 61 60 61 61 61 61 62 63 63 64 64 63 63 64 64 64 64 64 63 63 63 63 62 63 63 63 63 63 63 64 64 64 63 63 63 64 64 64 64 64 64 65 65 65 65 65 65 65 65 66 66 66 67 67 67 68 67 67 67 67 67 67 67 67 67 67 67 67 67 68 68 68 68 68 68 68 69 68 68 68 68 68 69 69 69 69 69 69 69 69 69 70 70 70 70 70 70 70 70 70 70 71 70 70 70 70 70 70 70 71 71 71 71 71 71 71 71 71 71 71 71 71 72 72 72 72 72 72 72 72 72 72 72 72 73 73 73 73 73 73 73 73 73 73 74 73 74 74 73 74 74 74 74 73 73 73 73 74 74 74 74 74 74 74 74 74 74 74 74 74 74 74 74 74 74 75 75 75 75 75 75 76 76 76 76 75 75 76 76 76 77 76 77 77 77 76 76 76 76 76 76 77 77 77 77 77 77 77 77 77 77 77 77 77 77 77 77 77 77 78 78 78 78 78 78 78 78 78 78 78 78 80 80 80 80 80 80 80 80 80 80 81 81 81 81 81 81 81 81 81 81 81 81 81 82 82 82 82 82 82 82 82 82 82 82 83 83 83 84 83 84 83 83 84 84 84 84 84 85 85 85 85 85 85 85 86 86 86 86 86 86 86 86 86 86 86 85 86 86 86 86 86 86 86 85 86 86 87 86 86 86 86 86 85 85 86 86 86 86 86 87 86 86 86 86 87 87 87 87 87 87 87 88 88 88 88 88 88 88 88 88 88 88 88 88 88 88 88 88 88 88 88 88 89 89 89 89 89 89 89 89 89 89 89 89 89 89 90 90 90 61 61 62 63 63 62 61 61 61 61 62 62 64 64 64 64 64 64 64 64 64 64 64 64 64 64 64 64 63 63 63 63 64 63 64 64 63 64 64 64 64 64 64 65 64 65 65 65 65 65 65 65 65 65 65 66 66 66 67 67 68 68 67 67 67 67 67 67 67 67 67 67 67 67 68 68 68 68 69 68 68 68 68 68 68 68 68 69 69 69 69 69 69 69 69 70 70 69 69 70 70 70 70 70 70 70 70 70 70 70 70 70 70 70 70 71 71 71 71 71 71 71 71 71 71 71 71 72 72 72 72 72 72 72 72 72 72 72 73 73 73 73 73 73 73 73 73 73 73 73 73 73 74 74 74 74 74 74 74 73 73 73 74 74 74 74 74 74 74 74 74 74 74 74 74 74 74 74 74 74 75 75 75 75 75 75 76 76 76 76 76 75 76 76 76 76 77 77 77 77 77 76 76 76 77 77 77 77 77 77 77 77 77 77 77 77 77 77 77 77 77 77 77 77 77 78 78 78 78 78 78 78 78 78 78 78 80 80 80 81 81 80 80 80 80 80 81 81 81 81 81 81 81 81 81 81 81 81 82 82 82 82 82 82 82 82 82 82 82 82 83 83 83 84 84 84 84 84 84 84 84 84 84 84 85 85 85 85 85 85 86 86 86 86 86 86 86 86 86 85 85 85 86 87 87 87 87 86 86 85 86 86 86 86 86 86 86 86 85 85 86 86 86 86 86 86 87 87 87 87 87 87 87 87 87 87 87 87 88 88 87 88 88 88 88 88 87 87 88 88 88 88 88 88 88 88 89 89 89 89 89 89 89 89 89 89 89 89 89 89 90 90 90 62 63 64 64 63 63 63 62 62 63 63 64 64 64 64 64 64 65 65 65 65 65 65 65 65 64 64 63 63 63 64 64 64 64 64 63 64 64 64 64 64 64 64 65 65 65 65 65 65 66 66 66 65 66 66 67 67 67 67 68 68 67 67 67 67 67 67 67 67 67 68 67 68 68 68 68 68 68 69 69 68 68 68 68 69 68 69 69 69 69 69 69 69 69 70 70 70 69 69 70 70 69 70 70 70 70 71 71 70 70 70 70 70 71 71 71 71 71 71 71 71 71 71 71 72 72 72 72 72 72 72 72 72 72 72 72 73 73 73 73 73 73 73 73 73 73 73 73 73 73 73 74 74 74 74 74 74 74 74 74 74 74 74 74 74 74 74 74 74 74 74 74 74 74 74 74 74 74 74 74 75 75 75 75 75 76 76 76 76 76 76 76 76 76 76 76 77 77 77 77 76 76 77 77 77 77 77 77 77 77 77 77 77 77 77 77 77 77 77 77 77 77 77 77 78 78 78 78 78 78 78 78 78 78 78 80 80 80 81 81 81 80 80 80 81 81 81 81 81 81 81 81 81 81 81 82 82 82 82 82 82 82 82 82 82 82 82 82 82 83 83 83 83 83 83 84 84 84 84 84 84 84 84 85 85 85 85 85 85 86 86 86 86 86 86 86 86 85 85 86 86 86 87 87 86 86 86 86 86 86 86 86 86 86 86 86 86 85 86 86 86 87 87 87 86 86 87 87 87 87 87 87 87 87 87 87 87 87 87 87 88 87 88 88 88 87 88 88 87 88 88 88 88 88 88 88 88 89 89 89 89 89 89 89 89 89 89 89 89 90 90 90 64 64 63 63 63 63 63 63 63 63 64 64 65 64 64 65 66 65 65 65 66 66 65 65 65 64 65 65 65 65 65 65 65 64 64 63 64 65 65 64 65 64 65 66 66 66 66 66 66 66 66 66 66 67 67 67 67 67 67 67 68 68 67 67 67 67 67 67 68 68 68 68 68 68 68 68 68 68 69 69 69 68 68 68 69 69 69 69 70 70 69 69 70 70 70 70 70 69 69 69 69 70 71 70 70 71 71 71 69 69 70 70 70 71 71 71 71 71 71 71 71 71 72 72 72 72 72 72 72 72 72 72 72 72 72 72 73 73 73 73 73 73 73 73 73 73 73 73 73 73 73 74 73 73 73 74 74 74 74 74 74 74 74 74 74 74 74 74 74 74 74 74 74 74 74 74 74 75 75 75 75 75 75 75 76 76 76 76 76 76 76 76 76 76 76 77 77 77 77 76 76 76 77 77 77 77 77 77 77 77 77 77 77 77 77 77 77 77 78 78 78 78 78 78 78 78 78 78 78 78 78 78 78 78 80 80 80 81 81 81 80 80 80 81 81 81 81 81 81 81 81 81 81 82 82 82 82 82 82 82 82 83 83 82 82 82 82 82 83 83 83 84 84 84 83 83 84 84 84 85 84 84 85 85 85 86 85 86 86 86 86 86 86 86 86 85 85 85 86 86 86 86 86 86 86 86 86 86 86 86 86 86 86 86 86 86 86 86 86 86 87 87 86 86 87 87 87 87 87 87 87 87 87 87 88 88 88 88 88 87 88 88 88 88 88 88 88 88 88 88 88 88 88 88 88 88 88 89 89 89 89 89 89 89 89 89 89 90 90 90 90 64 64 64 64 64 64 64 63 64 63 64 64 65 65 65 66 66 65 66 66 66 66 66 66 65 65 65 66 66 66 66 66 66 66 65 64 64 65 65 65 66 66 66 67 67 67 67 67 67 67 67 67 67 66 66 67 67 67 67 67 68 68 68 68 68 68 68 68 68 68 68 68 68 68 68 68 68 68 69 69 69 69 69 69 69 69 69 69 70 70 70 70 70 70 70 70 70 70 69 69 69 70 70 70 69 69 69 69 70 70 70 70 70 70 70 71 71 71 71 71 71 71 72 72 72 72 72 72 72 72 72 72 72 72 73 73 73 73 73 73 73 73 73 73 73 73 73 73 73 74 73 74 74 73 73 73 74 74 74 74 74 74 74 74 74 74 74 74 74 74 74 74 74 74 74 74 75 75 75 75 75 75 75 75 76 76 76 76 76 76 76 77 76 76 76 77 77 77 77 76 76 76 76 77 77 77 77 77 77 77 77 77 78 78 77 77 78 78 78 78 78 78 78 78 78 78 78 78 78 78 78 78 78 78 80 80 80 81 81 80 80 80 80 81 81 81 81 81 82 82 82 81 81 82 82 82 82 82 82 82 82 82 82 82 82 82 82 82 83 83 83 83 84 84 83 83 84 84 84 84 84 84 84 85 85 85 85 86 86 86 86 86 86 86 86 85 85 85 85 86 86 85 86 86 85 85 86 86 86 86 86 86 86 86 86 86 86 86 86 86 86 86 87 87 87 87 87 87 87 87 87 87 87 87 88 88 88 88 88 88 88 88 88 88 88 88 88 88 88 88 88 88 88 88 88 88 88 89 89 89 89 89 89 89 89 89 89 90 90 90 90 64 64 63 63 64 64 64 65 64 64 64 64 64 65 66 66 66 66 66 66 66 66 66 66 66 66 66 66 67 67 67 66 66 66 65 65 66 66 67 67 67 67 67 67 67 67 67 67 68 67 67 67 67 67 67 67 67 67 67 68 68 68 68 68 68 68 68 68 68 68 68 68 68 68 68 68 68 69 69 69 69 69 69 69 69 70 70 70 70 70 70 70 70 70 70 70 69 69 69 69 69 69 70 70 69 69 70 71 72 72 71 70 70 70 71 71 71 71 71 71 71 72 72 72 72 72 72 72 72 72 72 72 73 73 73 73 73 73 73 73 73 73 73 73 73 73 73 74 74 74 74 74 74 74 74 74 74 74 74 74 74 74 74 74 74 74 74 74 74 74 75 74 74 74 74 74 75 75 75 75 75 75 75 76 76 76 76 77 77 77 77 76 76 76 77 77 77 77 77 77 77 76 77 77 77 77 77 77 77 77 77 77 77 77 77 77 78 78 78 78 78 78 78 78 78 78 78 78 78 78 78 78 78 80 80 80 81 81 81 80 80 80 81 81 81 81 82 82 82 82 81 82 82 82 82 82 82 82 83 82 82 82 82 83 83 83 83 83 83 83 83 83 84 83 83 84 84 84 84 84 84 84 84 85 85 85 85 86 86 86 86 86 87 86 86 86 85 85 85 86 86 85 85 86 86 86 86 86 86 86 86 86 86 86 86 86 86 86 86 86 86 87 87 87 87 87 87 87 87 87 87 87 87 88 88 88 88 88 88 88 88 88 88 88 88 88 88 88 88 88 88 88 88 88 88 89 89 89 89 89 89 89 89 89 89 90 90 90 90 90 64 64 64 64 64 64 65 64 64 64 65 64 65 65 66 66 66 67 67 66 66 66 67 67 66 67 67 67 67 67 67 67 67 67 67 67 67 67 67 67 67 67 67 67 67 67 68 68 68 67 67 67 67 67 67 67 67 68 68 67 67 68 68 68 68 68 68 68 68 68 68 68 68 68 68 68 69 69 69 69 69 69 69 70 70 70 70 70 70 70 71 71 71 71 70 69 69 70 70 70 70 71 71 70 70 70 70 71 71 71 71 71 71 71 71 71 71 71 71 71 71 72 72 72 72 72 72 72 72 73 73 73 73 73 73 73 73 73 73 73 73 73 73 73 74 74 74 74 74 74 74 74 74 74 74 74 74 74 74 74 74 74 74 74 74 74 74 74 74 74 74 74 74 74 75 75 75 75 75 75 75 75 76 76 76 76 76 77 77 77 77 77 77 77 77 77 77 77 77 77 77 77 77 77 77 77 77 77 77 77 77 77 78 78 78 78 78 78 78 78 78 78 78 78 78 78 78 78 78 78 78 78 80 80 81 81 81 81 81 80 80 81 81 81 82 82 82 82 82 82 82 82 82 82 82 82 82 83 82 82 82 83 83 83 83 83 83 83 83 83 83 83 83 83 84 84 84 84 84 84 84 84 85 85 85 85 85 86 86 86 86 87 86 86 86 86 85 85 85 86 86 85 85 85 86 86 86 86 86 86 86 86 86 86 86 86 86 87 87 86 87 87 87 87 87 87 87 87 88 87 87 87 88 88 88 88 88 89 88 88 88 88 88 88 88 88 88 88 88 88 88 88 89 89 89 89 89 89 89 89 89 89 89 89 90 90 90 90 90 64 63 64 64 64 64 64 64 65 64 64 65 65 66 66 66 67 67 66 66 66 67 67 67 67 67 67 67 67 67 67 67 67 67 67 67 67 67 67 67 67 67 67 67 67 68 68 68 68 68 68 68 67 67 67 67 67 68 68 67 68 68 68 68 68 68 68 68 68 68 68 68 68 68 68 69 69 69 69 69 69 69 69 69 70 70 70 70 70 70 70 70 70 70 69 70 71 71 71 71 71 71 71 70 70 70 71 71 71 71 71 71 71 71 71 71 72 71 71 72 72 72 72 72 72 72 72 73 73 73 73 73 73 73 73 73 73 73 73 73 73 74 74 74 74 74 74 74 74 74 74 74 74 74 74 74 74 75 75 75 74 74 74 74 74 74 74 74 74 74 74 74 74 75 75 75 75 75 75 75 75 76 76 76 76 76 77 77 77 77 77 77 77 77 77 77 77 77 77 77 77 77 77 77 78 77 77 77 77 77 77 77 78 78 78 78 78 78 78 78 78 78 78 78 78 78 78 78 78 78 78 81 81 81 81 81 81 80 80 80 81 81 81 82 82 82 82 82 82 82 82 82 82 82 82 82 82 82 82 82 83 83 83 83 83 83 83 83 83 83 83 83 84 84 84 84 84 84 84 84 85 85 85 85 85 85 85 86 86 86 86 86 86 86 86 86 86 85 85 85 85 85 85 86 86 86 86 86 86 86 86 86 86 86 86 86 86 86 87 87 87 87 87 87 87 87 87 88 88 88 88 88 88 88 88 88 89 88 88 88 88 88 88 88 88 88 88 88 89 89 89 89 89 89 89 89 89 89 89 89 89 89 90 90 90 90 90 90 63 64 64 65 64 64 64 65 65 65 65 65 66 66 66 67 67 66 66 66 67 67 67 67 67 67 67 67 67 67 67 67 67 67 67 67 67 67 67 67 67 67 67 67 68 68 68 68 68 68 68 68 68 68 68 67 68 67 67 68 68 68 68 68 68 69 69 69 68 69 69 69 69 69 69 69 69 69 69 69 69 69 70 70 70 70 70 70 70 70 70 70 69 70 70 70 70 70 70 70 71 71 71 71 70 71 71 71 71 71 72 72 72 72 71 71 71 71 72 72 72 72 72 72 72 72 72 73 73 73 73 73 73 73 73 73 73 73 73 74 73 74 74 74 74 74 74 74 74 74 74 74 74 74 74 74 74 75 75 75 75 75 75 75 75 75 74 74 74 74 74 74 75 75 75 75 75 75 75 75 76 76 76 76 77 77 77 77 77 77 77 77 77 77 77 78 77 77 77 77 77 77 77 78 78 78 78 78 77 77 77 77 78 78 78 78 78 78 78 78 78 78 78 78 78 78 78 78 78 78 81 81 81 81 80 80 80 80 80 81 81 81 82 82 82 82 82 82 82 82 82 82 82 82 82 83 82 82 83 83 83 83 83 83 83 83 83 83 83 83 83 83 84 84 84 84 84 84 84 84 85 85 86 85 85 85 86 86 86 86 86 86 86 86 86 86 86 86 85 85 85 85 85 86 86 86 86 86 86 86 86 86 86 86 87 87 87 87 87 87 87 87 87 87 87 87 88 88 87 87 88 88 88 88 88 88 88 88 88 88 88 88 88 88 88 88 89 89 89 89 89 89 89 89 89 89 89 89 89 89 89 90 90 90 90 90 64 65 65 65 65 65 65 65 65 65 65 66 66 67 67 67 66 67 67 67 67 66 66 66 67 66 67 67 67 67 67 67 67 67 67 67 67 67 66 67 67 67 67 67 68 68 68 68 68 68 68 68 68 68 68 67 67 67 68 67 67 68 68 68 68 68 69 69 69 69 69 69 69 69 69 69 69 69 69 70 70 70 70 70 70 70 70 70 70 70 69 70 70 70 70 70 70 70 70 70 71 71 71 71 71 71 71 71 71 71 72 72 72 72 71 71 72 72 72 72 72 72 72 72 72 72 73 73 73 73 73 73 73 73 73 74 74 74 74 74 74 74 74 74 74 74 74 74 74 74 74 74 74 74 74 74 75 75 75 75 75 76 75 75 74 74 74 74 74 74 75 75 75 75 75 75 75 75 75 76 77 77 77 77 77 77 77 78 78 77 77 77 77 77 77 78 78 78 78 78 78 78 78 78 77 77 77 77 77 77 77 78 78 78 78 78 78 78 78 78 78 78 78 78 78 78 78 78 78 81 81 81 81 80 80 81 81 81 81 81 81 82 82 82 82 82 82 82 82 82 82 82 82 82 83 83 82 83 83 83 83 83 83 83 83 83 83 83 83 83 83 83 84 84 84 84 84 84 84 85 85 85 86 85 85 86 86 86 86 86 86 86 86 86 86 86 86 86 86 85 85 85 85 86 86 86 86 86 86 86 86 87 86 87 87 87 87 87 87 87 87 88 88 87 88 88 88 87 87 88 88 88 89 89 88 88 88 88 88 88 88 88 88 88 88 88 88 88 89 89 89 89 89 89 89 89 89 89 89 89 90 90 90 90 90 65 65 65 65 65 65 65 65 65 66 65 66 67 67 67 67 67 67 67 67 67 67 66 66 67 67 67 67 67 67 67 67 67 68 68 68 67 67 67 67 67 67 67 67 67 67 67 68 68 68 68 68 68 68 68 67 67 67 67 67 67 68 68 68 68 68 68 69 69 69 69 69 69 69 69 69 69 69 70 70 70 70 70 70 70 70 70 70 70 70 71 70 70 70 70 70 70 70 70 70 71 71 71 71 71 71 71 71 71 72 72 72 72 71 72 72 72 72 72 72 72 72 72 72 72 72 73 73 73 73 73 73 73 73 74 74 74 74 74 74 74 74 74 74 74 74 74 74 74 74 74 74 74 75 75 75 75 75 75 76 75 75 75 75 74 74 74 74 74 74 75 75 75 75 75 75 75 75 76 77 76 76 77 77 76 77 77 77 77 78 77 77 77 77 78 78 78 78 78 78 78 78 78 78 77 77 77 77 77 77 78 78 78 78 78 78 78 78 78 78 78 78 78 78 78 78 78 79 81 81 81 81 81 81 81 81 81 81 81 82 82 82 82 82 82 82 82 82 82 82 82 82 82 83 83 83 83 83 83 83 83 83 83 83 83 83 83 83 83 83 83 83 84 84 84 84 84 84 85 85 85 85 85 85 86 86 86 86 86 86 86 86 86 86 86 86 86 86 86 85 85 85 86 86 86 86 86 86 86 87 87 87 87 87 87 87 87 87 87 87 87 88 88 88 88 88 87 88 88 88 89 89 89 89 88 88 88 89 88 88 88 88 88 88 88 88 89 89 89 89 89 89 89 89 89 89 89 89 89 90 90 90 90 90 65 65 65 65 65 65 65 66 66 66 66 67 67 67 66 67 67 67 67 67 67 67 67 67 67 67 67 67 67 67 67 67 67 68 68 67 67 67 67 67 67 67 67 68 68 67 68 67 67 68 68 68 68 68 68 68 68 68 68 67 67 68 68 67 68 68 68 69 69 69 69 69 69 69 69 69 70 70 70 70 70 70 70 70 70 70 70 70 70 71 71 71 71 70 70 70 70 70 70 71 71 71 71 71 71 71 71 71 71 72 72 72 72 72 72 72 72 72 72 72 72 72 72 72 73 73 73 73 73 73 73 73 73 74 74 74 74 74 74 74 74 74 74 74 74 74 74 74 74 74 74 74 74 75 75 75 75 75 76 76 75 75 75 75 74 74 74 74 75 75 75 75 75 75 75 75 75 76 76 77 76 76 77 76 77 77 77 77 77 77 77 78 78 78 78 78 78 78 78 78 78 78 78 77 78 77 77 77 77 78 78 78 78 78 78 78 78 78 78 78 78 78 78 79 79 79 79 81 82 81 81 81 81 81 81 81 81 81 82 82 82 82 82 82 82 82 82 82 82 82 82 82 83 83 83 83 83 83 83 83 83 83 84 83 83 83 83 83 84 84 84 84 84 84 84 84 84 84 85 85 85 85 85 85 85 85 86 86 86 86 86 86 86 86 86 86 86 86 86 86 86 86 86 86 86 86 86 86 87 87 87 87 87 87 87 87 87 87 87 87 87 88 88 88 88 88 88 89 88 88 89 89 89 89 89 89 89 88 88 88 88 89 89 89 89 89 89 89 89 89 89 89 89 89 89 89 89 89 90 90 90 90 65 66 66 65 65 65 66 66 66 66 67 67 67 67 67 67 66 67 67 67 67 67 67 67 67 67 67 67 67 68 68 68 68 68 68 68 67 67 67 67 68 68 68 68 68 68 68 68 68 68 69 69 69 69 69 69 68 68 68 67 68 68 68 68 68 68 69 69 69 69 69 69 69 70 70 70 70 70 70 70 70 70 70 70 71 71 71 70 70 71 71 71 71 70 70 70 71 71 71 71 71 71 71 71 71 71 71 71 71 72 72 73 72 72 72 72 72 72 72 72 72 72 72 73 73 73 73 73 73 73 73 73 74 74 74 74 74 74 74 74 74 74 74 74 74 74 74 74 74 74 75 75 75 75 75 75 75 76 76 76 76 75 75 74 74 74 74 75 75 75 75 75 75 75 75 75 76 76 77 77 76 76 76 77 77 77 78 78 77 77 78 78 78 78 78 78 78 78 78 78 78 78 78 77 77 77 78 78 78 78 78 78 78 78 78 78 78 78 78 78 78 78 79 79 79 79 82 82 81 81 81 81 81 81 81 81 81 82 82 82 82 82 82 82 82 82 82 82 82 82 83 83 83 83 83 83 83 83 83 83 83 84 84 83 83 83 84 84 84 84 85 84 84 84 84 84 85 85 85 85 85 85 85 85 85 85 86 86 86 86 86 86 86 86 86 86 86 86 86 86 86 86 86 86 87 87 87 87 87 87 87 87 87 87 87 87 87 87 88 88 88 88 88 88 88 88 89 89 88 88 88 88 89 89 89 88 89 89 89 89 89 89 89 89 89 89 89 89 89 89 89 89 89 89 89 89 90 90 90 91 90 65 65 65 65 66 66 66 66 67 67 67 67 67 66 67 67 66 66 66 66 67 67 67 67 67 67 67 67 67 68 68 68 68 68 68 68 68 68 68 68 68 68 68 68 68 68 69 69 69 69 69 69 69 69 69 69 68 68 68 68 68 69 69 68 68 68 69 69 70 70 70 70 70 70 70 70 70 70 70 70 70 71 71 71 71 71 71 71 71 71 71 71 70 70 70 71 71 71 71 71 71 71 71 71 71 71 71 71 71 72 72 73 73 73 73 73 72 72 72 72 72 72 73 73 73 73 73 73 73 73 73 74 74 74 74 74 74 74 74 74 74 74 75 75 75 75 75 75 75 75 75 75 75 75 75 75 75 76 76 75 75 75 74 74 74 74 75 75 75 75 75 75 75 75 75 76 77 77 77 76 76 77 77 77 77 78 78 78 78 78 78 78 78 78 78 78 78 77 78 78 78 78 78 78 77 78 78 78 78 78 78 78 78 78 78 78 78 78 79 78 78 79 79 79 79 82 82 81 81 81 81 81 81 81 81 81 82 82 82 82 82 82 82 82 82 82 82 82 82 83 83 83 83 83 83 83 83 83 83 83 83 84 84 84 84 84 84 84 84 85 85 85 85 84 85 85 85 85 85 85 85 85 85 85 85 85 85 86 86 86 86 86 86 86 86 86 86 86 86 86 86 86 86 87 87 87 87 87 87 87 87 87 87 87 87 87 88 87 88 88 88 88 88 88 88 88 89 88 89 89 89 89 89 89 89 89 89 89 89 89 89 89 89 89 89 89 89 89 89 89 89 89 89 90 89 90 90 90 90 66 65 65 65 65 65 66 66 66 66 66 66 66 66 66 66 66 66 67 67 67 68 68 68 68 67 67 67 68 68 68 68 68 68 68 68 68 68 68 68 68 68 68 68 68 69 69 69 69 69 69 69 70 70 69 69 69 69 69 69 69 69 69 68 68 68 68 69 69 69 70 70 70 70 70 70 70 70 70 70 70 70 71 71 71 71 71 71 71 71 71 71 71 71 71 70 71 71 71 71 71 71 71 71 71 71 71 71 72 72 72 72 73 73 73 73 73 73 73 72 72 72 73 73 73 73 73 73 73 73 74 74 74 74 74 74 74 74 74 74 74 75 75 75 75 75 75 75 75 75 75 75 75 75 75 75 75 76 76 76 75 75 75 75 75 75 74 75 75 75 75 75 75 75 75 76 76 77 77 76 77 77 77 77 77 78 78 78 78 78 78 78 78 78 78 78 78 78 78 78 78 78 78 78 78 78 78 78 78 78 78 78 78 79 79 78 78 78 79 79 79 79 79 79 79 82 82 81 81 81 81 81 81 81 81 81 82 82 82 82 82 82 82 82 82 82 82 82 83 83 83 83 83 83 83 83 83 83 83 83 83 84 84 84 84 84 84 84 84 84 85 85 85 85 85 85 85 85 85 85 85 85 85 85 85 85 85 85 86 86 86 86 86 86 86 86 86 86 86 86 86 86 86 87 87 87 87 87 87 87 87 87 87 87 87 87 88 88 88 88 88 88 88 88 88 88 88 88 88 89 88 89 89 89 89 89 89 88 88 88 88 89 89 89 89 89 89 89 89 89 89 89 89 90 90 90 90 90 65 65 65 64 65 65 65 65 66 66 66 66 66 66 66 66 66 67 68 68 68 68 68 68 68 67 67 68 68 68 68 68 68 69 68 69 68 68 69 69 69 68 68 68 69 69 69 69 69 69 70 70 70 70 70 70 70 70 69 69 69 69 69 69 68 68 69 69 69 69 69 69 70 70 70 70 70 70 70 70 71 71 71 71 71 71 71 71 71 71 71 71 72 71 71 71 71 71 71 71 71 71 71 71 72 72 72 72 72 72 72 72 72 73 73 73 73 73 73 73 72 73 73 73 73 73 73 73 74 74 74 74 74 74 74 74 74 74 74 75 75 75 75 75 75 75 75 75 75 75 75 75 75 75 75 75 76 76 76 76 76 75 75 75 75 75 75 75 75 75 75 75 75 75 76 76 77 77 76 77 77 77 77 77 78 78 78 77 77 78 78 78 78 78 78 78 77 77 77 78 78 78 78 78 78 78 78 78 78 79 79 79 79 79 78 78 79 79 79 79 79 79 79 80 82 82 81 81 81 81 81 81 81 81 82 82 82 82 82 82 82 82 82 82 82 82 82 82 83 83 83 83 83 83 83 83 83 83 83 83 84 84 84 84 84 84 84 84 84 85 85 85 85 85 85 85 85 85 85 85 85 85 85 85 85 85 85 85 85 86 86 86 86 86 86 86 86 86 86 86 86 86 86 87 87 87 87 87 87 87 87 87 87 87 87 88 88 88 88 88 88 88 88 88 88 88 88 88 88 88 88 88 89 89 89 89 88 88 89 89 89 88 89 88 89 89 89 89 89 89 89 89 90 90 90 90 90 66 65 65 65 65 64 65 65 66 66 66 66 66 66 66 66 67 67 68 67 68 68 69 68 68 68 68 68 68 68 68 68 69 68 69 68 68 69 69 69 69 69 69 69 69 69 69 69 70 70 70 70 70 70 70 70 70 70 70 70 70 70 70 69 69 68 69 69 69 69 70 70 70 70 70 70 70 70 70 71 71 71 71 71 71 71 71 71 71 71 71 71 72 71 71 71 71 71 71 71 71 71 72 72 72 72 72 72 72 72 72 72 73 73 73 73 73 73 73 73 73 73 73 73 73 73 74 74 74 74 74 74 74 74 74 74 74 74 75 75 75 75 75 75 75 75 75 75 75 75 75 75 75 75 75 76 76 76 76 76 76 75 75 75 75 75 75 75 75 75 76 76 75 76 77 77 76 77 77 77 77 77 77 78 78 78 78 77 77 77 77 78 78 78 78 78 78 78 78 78 78 78 78 78 78 79 79 79 79 79 79 79 79 79 79 79 79 79 79 79 79 79 80 82 81 81 81 81 81 81 81 81 81 82 82 82 82 82 82 82 82 82 82 82 82 83 83 83 83 83 83 83 83 83 83 83 83 84 84 84 84 84 84 84 84 84 84 84 84 84 85 85 85 85 85 85 86 85 85 85 85 85 85 85 85 85 85 85 85 86 86 86 86 86 86 85 85 86 86 86 86 86 86 86 87 87 87 87 87 87 87 87 87 87 87 88 88 88 88 88 88 88 88 88 88 88 88 88 88 89 88 88 88 88 89 89 89 89 89 89 89 89 89 89 89 89 89 89 89 89 89 89 90 90 90 90 66 66 65 64 66 66 66 66 66 66 66 66 66 66 67 67 67 68 68 68 68 68 68 68 68 68 68 68 68 68 68 68 68 68 69 69 69 69 69 69 69 69 69 69 69 69 70 70 70 70 70 70 70 70 70 70 70 70 70 70 69 69 69 69 69 69 70 70 70 70 70 70 70 70 70 70 71 71 71 71 71 71 71 71 71 71 71 71 72 72 72 71 72 72 71 71 71 71 71 72 72 72 72 72 72 72 72 72 72 72 73 73 74 74 73 73 73 73 73 73 73 73 73 74 74 74 74 74 74 74 74 74 74 74 75 75 75 75 75 75 75 75 75 75 75 75 75 75 75 75 75 75 76 75 75 76 76 76 75 75 75 75 75 75 75 75 75 76 76 76 76 77 77 77 77 77 77 77 77 77 78 78 78 78 77 77 78 78 78 79 78 78 78 78 78 78 78 78 78 78 78 79 79 79 79 79 79 79 79 79 79 79 79 79 79 79 80 80 80 80 82 81 81 81 81 81 81 81 81 82 82 82 82 82 82 82 82 82 82 83 82 82 82 83 83 83 83 83 83 83 83 83 84 84 84 84 84 84 84 84 84 84 84 84 84 84 84 84 84 85 85 86 86 86 86 85 86 86 85 85 85 85 85 85 85 85 85 86 86 86 86 86 85 85 86 86 86 86 86 86 86 86 87 86 86 87 87 87 87 87 87 88 88 88 88 88 88 88 88 88 88 88 88 88 89 89 89 89 89 89 89 89 89 89 89 89 89 89 89 89 89 89 89 89 90 89 89 89 90 90 90 90 90 90 66 65 65 66 67 66 66 66 66 66 67 67 67 67 67 67 68 68 69 69 69 69 68 68 68 68 68 68 68 68 68 68 68 69 69 69 69 69 69 69 69 69 69 70 70 70 70 70 70 70 70 70 70 70 70 70 70 70 70 70 71 70 70 70 71 71 71 70 70 70 70 70 70 70 71 71 71 71 71 71 71 71 71 71 71 71 71 72 72 72 72 72 72 72 71 71 71 72 72 72 72 72 72 72 72 73 72 72 73 73 73 74 74 73 73 74 73 73 73 73 74 74 74 74 74 74 74 74 74 74 74 74 74 75 75 75 75 75 75 75 75 75 75 75 75 75 75 75 75 75 76 76 75 76 76 76 76 76 76 75 75 75 75 75 75 75 76 76 77 77 77 77 77 77 77 77 77 77 78 78 78 78 78 78 78 79 78 78 79 78 78 78 78 78 78 78 78 78 78 78 79 79 79 79 79 79 79 79 79 79 79 79 79 79 80 80 80 80 82 81 81 81 81 81 81 81 81 82 82 82 82 82 82 82 83 83 83 83 83 82 83 83 83 83 83 83 83 83 84 84 84 84 84 84 84 84 84 84 84 84 84 85 84 84 84 84 84 84 85 85 86 86 86 86 86 86 86 86 86 86 85 85 85 85 86 86 86 86 86 86 86 86 86 86 86 87 87 86 86 87 87 87 87 87 87 87 87 87 87 87 87 88 88 88 88 88 88 88 88 88 88 89 89 89 89 89 89 89 89 89 89 89 89 89 89 89 89 89 89 89 89 90 89 89 89 89 89 90 90 90 90 90 66 66 65 66 66 65 66 66 66 67 67 68 68 68 68 68 68 69 68 69 69 69 69 69 69 69 68 68 68 68 68 68 69 69 69 69 69 69 69 70 70 70 70 70 70 70 70 70 70 70 70 70 70 70 70 70 70 70 70 70 70 70 71 71 70 71 71 71 71 71 71 70 70 71 71 71 71 71 71 71 71 71 71 71 72 72 72 71 71 72 72 72 72 72 71 71 72 72 72 72 72 72 72 72 73 73 73 73 73 73 73 73 74 74 74 74 74 73 74 74 74 74 74 74 74 74 74 74 74 74 74 74 75 75 75 75 75 75 75 75 75 75 75 75 75 75 75 75 75 75 75 75 75 75 76 76 76 76 76 76 75 75 75 75 75 75 76 76 77 77 77 77 77 77 77 78 78 78 78 78 79 78 78 78 78 78 78 78 78 79 79 78 78 78 78 78 78 79 79 79 79 79 79 79 79 79 79 79 79 79 79 79 79 79 79 80 80 79 82 81 81 81 81 81 81 81 82 82 82 82 82 82 82 82 83 83 83 83 83 83 83 83 83 83 83 83 83 83 84 84 84 84 84 84 84 84 84 84 84 84 84 84 84 85 85 85 85 85 85 85 85 85 85 86 86 86 86 86 86 86 86 86 86 86 86 86 86 86 86 86 87 87 88 88 89 89 88 87 86 86 87 88 87 87 87 87 87 87 87 88 87 88 88 88 88 88 88 88 88 89 89 89 89 89 89 89 89 89 89 89 88 89 89 89 89 89 89 89 89 89 90 89 90 90 90 89 90 90 90 90 90 90 90 65 66 66 66 66 67 67 67 67 68 68 69 69 69 69 69 69 69 69 70 70 70 69 69 69 69 69 69 69 69 69 69 69 69 69 69 69 70 70 70 70 70 70 70 70 70 70 70 70 70 71 71 70 70 70 70 69 70 70 70 70 70 70 70 71 71 71 71 71 71 71 71 71 71 71 71 71 71 71 72 72 72 72 72 72 72 72 72 72 72 72 72 72 71 72 72 72 72 73 73 73 73 73 73 73 73 73 73 73 73 74 74 74 74 74 74 74 74 74 74 74 74 74 74 74 74 74 74 75 75 75 75 75 75 75 75 75 75 75 75 75 75 75 75 75 75 75 75 76 76 75 76 76 76 76 76 76 76 75 75 75 75 76 76 76 77 77 77 77 77 77 77 78 78 78 77 78 78 78 78 78 78 78 78 78 78 78 78 79 78 78 78 78 79 79 79 79 79 79 79 79 79 79 79 79 79 79 79 79 79 79 79 79 79 79 81 81 81 81 82 82 82 82 82 82 82 82 82 82 82 83 83 83 83 83 83 83 83 83 83 83 83 83 84 84 83 83 84 84 84 84 84 84 84 84 84 84 84 84 84 85 85 85 85 85 85 86 86 85 85 86 86 86 86 86 87 87 86 86 86 86 86 86 86 86 86 87 88 88 88 88 89 89 88 88 87 87 87 88 87 87 88 88 88 87 88 88 87 87 88 88 88 88 88 88 89 89 89 89 89 89 89 89 89 89 89 89 89 88 89 89 89 90 90 89 89 89 89 90 90 90 89 89 90 90 90 90 91 90 90 90 66 66 67 67 67 67 68 68 68 69 70 70 70 70 69 69 69 70 70 70 70 70 70 70 70 70 69 69 69 69 69 69 69 69 69 69 70 70 70 70 70 70 70 70 70 70 70 70 70 70 71 71 71 71 70 70 71 71 70 70 70 69 70 70 70 71 71 71 72 72 71 71 71 71 71 71 71 71 72 72 72 72 72 72 72 72 72 72 72 72 72 72 72 72 72 72 72 73 73 73 73 73 73 73 73 73 73 73 73 74 74 74 74 73 74 74 74 74 74 74 74 74 74 74 74 75 75 75 75 75 75 75 75 75 75 75 75 75 75 75 75 75 75 75 75 75 75 75 75 75 75 75 76 76 76 76 76 76 76 76 76 76 76 76 77 77 77 77 77 77 77 77 78 78 77 78 78 78 78 78 78 78 78 78 78 78 78 78 78 78 78 79 79 79 79 79 79 79 79 79 79 79 79 79 79 79 79 79 79 79 79 79 80 79 81 81 81 81 81 82 82 82 82 82 82 82 82 82 82 83 83 83 83 83 83 83 83 83 83 83 83 83 84 84 84 83 84 84 84 84 84 84 84 84 84 84 84 84 84 85 85 85 85 85 86 86 86 86 86 86 86 86 86 87 86 86 87 87 87 87 87 86 86 87 87 87 87 88 87 87 88 88 88 88 88 88 87 87 88 88 88 88 87 88 88 88 87 88 88 88 89 89 88 88 89 89 89 89 89 89 89 89 89 88 88 89 89 88 89 89 89 90 90 90 89 89 90 90 90 90 90 90 90 90 90 90 91 91 90 90 91 67 67 67 68 68 68 68 68 69 69 69 69 69 70 69 69 69 69 70 70 70 70 70 70 70 70 70 70 69 70 69 69 69 69 69 70 70 70 70 70 70 70 70 70 70 70 70 70 70 70 70 70 71 71 70 70 70 71 71 71 70 70 69 69 70 70 70 70 71 71 71 71 71 70 71 71 71 71 71 72 72 72 72 72 72 72 72 72 72 72 73 72 72 72 72 72 72 72 72 73 73 73 73 73 73 73 73 73 73 74 74 74 74 74 74 74 74 74 74 74 74 74 74 74 74 74 75 75 75 75 75 75 75 75 75 75 75 75 75 75 75 75 76 76 76 75 75 75 75 76 75 76 76 76 76 76 76 76 76 76 76 76 76 76 77 77 77 77 77 77 77 77 77 77 77 77 78 78 79 79 79 78 78 78 78 78 78 78 78 78 78 79 79 79 79 79 79 79 79 79 79 79 79 79 79 79 79 79 79 79 79 79 79 79 81 81 82 82 82 82 82 82 82 82 82 82 82 82 83 83 83 83 83 83 83 83 83 83 83 83 83 83 83 83 84 83 84 84 84 84 84 84 84 84 84 84 84 84 84 84 85 85 85 85 85 85 85 85 85 85 85 86 86 86 86 86 86 86 86 87 87 87 87 87 87 87 87 87 87 87 88 88 88 88 88 88 88 87 88 88 88 88 88 88 88 88 88 88 88 88 88 89 89 88 89 89 89 89 89 88 89 90 89 89 88 89 89 89 89 89 89 90 90 90 90 90 90 90 90 90 89 90 90 90 90 90 90 91 90 91 91 91 67 67 67 67 67 68 68 68 69 69 69 69 70 70 70 70 70 70 70 71 71 71 71 71 71 71 71 71 71 70 71 71 71 70 70 70 70 71 71 71 71 71 71 71 71 71 71 71 71 71 71 71 71 71 71 71 71 72 72 72 72 71 71 70 70 70 70 70 70 70 70 71 71 71 71 71 71 71 72 72 72 72 72 73 72 72 72 72 72 72 72 73 72 72 72 72 72 73 73 73 73 73 73 73 73 73 73 73 74 74 74 74 74 74 74 74 74 74 74 74 74 74 74 74 74 75 75 75 75 75 75 75 75 75 75 75 75 75 75 75 75 75 76 76 76 76 76 76 76 76 76 76 76 76 76 76 76 76 76 76 76 76 77 77 77 77 77 77 77 77 77 77 78 78 78 78 78 79 78 78 78 79 78 78 78 78 78 78 78 78 78 78 78 78 78 78 78 78 78 79 79 79 79 79 79 79 79 79 79 79 79 79 79 81 81 81 81 82 82 82 82 82 82 82 82 82 82 82 83 83 83 83 83 83 83 83 83 83 83 83 83 83 83 83 83 84 84 84 84 84 84 84 84 84 84 84 85 85 85 85 85 85 85 85 85 85 86 86 86 86 86 87 87 86 86 86 86 87 87 87 87 87 87 87 87 87 88 88 88 89 89 89 89 89 88 88 88 88 88 88 89 89 89 89 89 89 89 88 88 89 89 89 88 88 89 89 89 89 88 89 90 90 89 88 89 89 89 89 89 90 90 90 90 90 90 90 90 90 89 89 90 90 90 90 91 91 91 91 91 91 92 66 67 67 67 67 68 68 69 69 69 70 70 70 70 70 70 70 71 71 71 71 71 71 71 71 72 71 71 71 71 72 72 71 71 71 71 71 71 71 72 72 72 72 72 71 71 71 71 71 71 72 72 72 71 71 72 71 72 72 72 73 72 71 70 70 71 71 71 71 71 72 71 71 71 71 71 71 72 72 72 72 72 73 73 73 73 73 73 73 72 72 72 72 72 72 72 72 73 73 73 73 73 73 73 73 74 74 74 74 74 74 74 74 75 74 74 74 74 74 74 74 75 75 75 75 75 75 75 75 75 75 75 75 75 75 75 75 75 76 76 76 76 76 76 76 76 76 76 76 76 76 76 76 76 76 76 76 76 76 76 76 77 77 77 77 77 77 77 77 77 77 77 78 78 78 78 78 78 78 78 78 78 78 78 78 78 78 78 78 78 78 79 79 79 79 79 79 79 79 79 79 79 79 79 79 79 79 79 79 79 79 79 82 81 81 81 82 82 82 82 82 82 82 82 82 82 82 83 83 83 83 83 83 83 83 83 83 83 83 83 83 83 83 83 84 84 84 84 84 84 84 84 84 84 84 85 84 85 84 84 84 85 85 85 85 85 86 86 86 87 87 87 86 86 86 87 87 87 87 87 87 87 87 88 88 88 88 88 88 88 89 88 88 88 88 88 88 88 88 88 89 89 89 89 89 89 88 88 89 88 88 88 89 89 89 89 89 88 89 90 90 90 89 89 89 89 89 89 89 90 90 90 90 90 90 90 90 90 90 90 90 90 90 91 91 91 91 91 91 92 67 67 67 68 68 68 68 69 69 70 70 70 70 70 70 71 71 71 71 71 71 71 71 72 72 72 72 72 72 72 72 72 71 71 71 71 71 72 72 72 72 72 72 72 71 71 71 71 71 72 72 72 71 71 71 72 72 72 72 72 73 72 71 71 71 71 71 71 71 72 71 71 71 71 71 71 72 72 72 72 72 72 72 73 73 73 73 73 73 73 72 73 73 73 73 72 73 73 73 73 73 73 73 74 74 74 74 74 74 74 74 75 74 75 74 74 74 75 75 75 75 75 75 75 75 75 75 75 75 75 75 75 75 75 76 76 76 76 76 76 76 76 76 76 76 76 76 76 76 76 76 76 76 76 76 76 76 76 76 77 77 77 77 77 77 77 77 77 77 77 78 78 78 78 78 78 78 78 78 78 78 78 78 78 78 78 78 78 78 78 78 79 79 79 79 79 79 79 79 79 79 79 79 79 79 79 79 79 80 80 79 81 81 81 82 82 82 82 82 82 82 82 82 82 82 83 83 83 83 83 83 83 83 83 83 83 83 83 83 84 84 84 84 84 84 84 84 84 84 84 84 84 84 84 84 84 84 84 84 84 85 86 86 86 86 86 86 87 87 87 86 86 86 86 87 87 87 87 87 87 87 87 88 88 88 88 88 88 88 88 88 88 88 89 89 88 88 88 88 89 89 89 89 89 89 89 89 89 89 89 89 88 89 89 89 89 89 89 90 91 91 90 90 90 90 89 90 90 90 89 90 90 90 90 90 90 90 90 90 90 90 90 91 91 91 91 91 92 68 68 68 68 68 69 69 70 70 70 70 70 70 70 71 71 71 71 71 71 72 72 72 72 72 72 72 72 72 72 72 71 72 71 72 72 72 72 72 72 72 72 72 71 71 71 71 71 72 72 72 72 71 71 72 72 72 72 73 72 72 72 71 71 71 71 71 72 72 71 71 71 71 71 71 72 72 72 72 72 72 72 73 73 73 73 73 73 72 73 73 73 73 73 73 73 73 73 73 73 73 74 74 74 74 74 74 74 75 75 75 75 75 75 75 75 75 75 75 75 75 75 75 75 75 75 75 75 75 75 75 76 76 75 75 75 76 76 76 76 76 76 76 76 76 76 76 76 76 76 76 76 76 76 76 76 77 77 76 77 77 77 77 77 77 77 77 78 78 78 78 78 77 78 77 78 78 79 78 78 78 78 78 78 78 78 78 78 78 79 79 78 79 79 79 79 79 79 79 79 79 79 79 79 79 80 80 80 79 82 82 82 82 82 82 82 82 82 82 82 82 82 83 83 83 83 83 83 83 83 83 83 83 83 83 83 83 83 84 84 84 84 84 84 84 84 84 84 84 84 84 84 84 84 84 84 84 84 84 85 86 87 87 87 86 86 86 87 87 86 86 86 86 87 87 87 87 87 87 87 87 88 88 88 88 88 88 88 88 88 88 89 89 89 88 88 88 88 88 89 89 89 89 89 89 89 89 89 89 89 89 89 89 89 89 89 90 91 90 91 90 90 90 89 89 90 90 89 89 90 90 90 90 90 90 90 90 90 90 90 90 90 91 91 91 91 92 69 69 68 68 69 69 69 69 69 69 70 70 70 70 71 71 72 71 72 72 72 72 72 72 72 72 72 72 72 72 72 72 72 72 72 72 72 72 72 72 72 72 72 72 72 71 72 72 72 72 71 72 72 72 73 73 72 73 72 72 72 72 72 71 71 71 72 72 72 71 71 71 71 71 72 72 72 72 72 72 73 73 73 72 72 72 72 73 73 73 73 73 73 73 73 73 73 73 73 73 74 74 74 74 74 74 74 74 75 75 75 75 74 75 75 75 75 75 75 75 75 75 75 75 75 75 75 75 76 75 75 75 75 75 76 76 76 76 76 76 76 76 76 76 76 76 76 76 76 76 76 76 76 76 77 77 77 77 77 77 77 77 77 77 77 77 78 78 78 78 77 77 77 78 79 78 78 78 78 78 78 79 78 78 78 78 78 78 79 79 78 79 79 79 79 79 79 79 79 79 79 79 80 80 80 80 80 80 82 82 82 82 82 82 82 82 82 82 82 82 82 83 83 83 83 83 83 83 83 83 83 83 83 83 83 83 84 84 84 84 84 84 84 84 84 84 84 84 84 84 84 85 84 84 85 85 85 85 85 86 87 87 87 86 86 86 86 87 86 86 86 86 86 87 87 87 87 87 87 87 87 87 87 88 88 88 88 88 88 88 89 88 89 89 88 89 89 89 89 89 89 89 89 89 89 90 89 89 89 89 89 89 89 89 89 89 90 90 90 90 90 90 90 90 89 89 89 90 90 90 90 90 90 90 90 90 90 90 90 91 91 91 91 91 91 92 68 69 69 69 69 69 69 69 69 70 70 71 71 71 71 72 72 71 72 72 72 72 72 72 72 72 72 72 72 72 72 72 72 72 73 72 72 72 72 72 72 72 72 72 72 72 72 72 71 71 72 72 73 73 72 72 73 73 72 72 72 72 72 72 72 72 72 72 71 71 71 71 71 72 72 72 72 72 73 73 73 73 73 73 72 72 73 73 73 73 73 73 73 73 73 74 73 73 73 73 74 74 74 74 74 74 74 74 75 75 75 75 75 75 75 75 75 75 75 75 75 75 75 75 75 75 75 75 75 75 75 75 75 75 76 76 76 76 76 76 76 76 76 76 76 76 76 76 76 76 76 76 76 77 77 77 77 77 77 77 77 77 77 77 77 77 78 78 78 78 78 78 77 78 78 78 78 78 78 78 79 79 79 78 78 78 78 78 78 79 79 79 79 79 79 79 79 79 79 80 80 80 80 80 80 79 80 80 82 82 82 82 82 82 82 82 82 82 82 82 82 83 83 83 83 83 83 83 83 83 83 83 83 83 83 83 84 84 84 84 84 84 84 85 84 85 85 85 85 85 85 85 85 85 85 86 86 86 86 86 86 87 87 87 86 86 86 87 87 86 86 86 87 87 87 87 87 87 87 87 87 87 87 87 88 88 88 88 88 88 89 89 88 88 88 88 89 89 89 89 89 89 89 89 89 89 89 89 89 89 89 89 89 89 89 90 91 90 90 90 90 89 90 89 89 89 90 90 90 90 90 90 90 90 90 90 90 90 91 91 91 91 91 91 91 92 93 69 69 69 69 69 69 69 70 70 70 70 70 71 72 72 72 72 72 72 72 72 72 72 72 72 72 72 72 72 72 72 72 72 72 73 73 72 72 72 72 72 72 72 72 72 72 73 72 72 71 71 72 73 73 73 73 72 72 72 72 73 72 72 72 72 72 72 72 71 71 71 71 71 72 72 72 72 72 72 73 73 73 73 73 73 72 73 73 74 73 73 73 73 74 74 74 74 74 73 73 74 74 74 74 74 74 75 75 75 75 75 75 75 75 75 75 75 75 75 75 75 75 75 75 75 75 75 75 75 75 75 75 75 75 75 76 76 76 76 76 76 76 76 76 76 76 76 76 76 76 76 76 76 77 77 77 77 77 77 77 77 77 77 77 77 77 77 77 78 78 78 78 77 78 78 78 78 78 78 78 79 79 79 79 79 78 78 78 79 79 79 79 79 79 79 79 79 79 79 80 80 80 80 79 80 80 80 80 82 82 82 82 82 82 82 82 82 82 82 82 82 83 83 83 83 83 83 83 83 83 83 83 83 83 83 83 84 84 84 84 84 84 84 85 85 85 85 85 85 85 85 85 85 86 86 86 86 86 86 86 86 87 87 87 86 86 86 87 86 86 86 87 87 87 87 87 87 87 87 87 87 87 87 87 88 88 88 88 88 88 89 88 89 88 88 88 89 89 89 89 90 90 90 90 90 90 89 89 90 89 89 89 89 89 89 90 91 91 90 90 90 90 89 89 89 90 90 90 90 90 90 90 90 90 90 90 90 90 91 91 91 91 92 92 92 92 93 69 70 70 70 69 69 69 70 70 70 71 71 71 71 72 72 72 72 72 72 72 72 72 73 73 72 72 72 72 72 72 72 72 72 73 73 73 73 73 72 72 72 72 72 73 73 73 72 72 71 72 72 72 72 72 73 73 73 72 72 72 72 72 72 72 72 72 72 72 72 72 72 72 71 72 72 72 72 73 72 73 73 73 73 73 73 73 73 74 73 74 74 73 74 74 74 74 74 74 74 74 74 74 74 74 74 75 75 75 75 75 75 75 75 75 75 75 75 75 75 76 76 75 75 75 75 75 75 75 75 75 75 75 75 76 76 76 76 76 76 76 76 76 76 76 76 76 77 77 76 76 76 76 76 77 77 77 77 77 77 77 77 77 77 77 77 77 77 78 78 78 78 77 77 78 78 78 78 78 78 79 79 79 78 79 79 79 79 79 79 79 79 79 79 79 79 79 79 79 80 80 80 80 80 80 80 80 80 82 82 82 82 82 82 82 82 82 82 82 82 82 83 83 83 83 83 83 83 83 83 83 83 83 83 83 83 83 83 84 84 84 84 84 85 85 85 85 85 85 85 85 85 86 86 86 86 86 85 86 86 86 87 87 87 87 86 87 86 86 86 87 87 87 87 87 87 87 87 87 87 87 87 87 87 88 88 88 88 88 88 88 88 89 88 88 88 89 89 89 89 89 89 89 90 90 90 90 89 89 90 89 89 89 89 89 90 90 90 90 90 89 89 89 89 90 90 90 90 90 90 90 90 90 90 90 90 90 91 91 91 91 91 91 92 92 91 92 92 70 70 70 70 69 69 70 70 71 71 71 71 71 72 72 72 72 72 72 72 72 72 73 73 73 73 73 72 72 72 72 72 72 72 72 72 72 73 73 73 73 73 73 73 73 72 72 72 72 72 73 73 73 73 73 73 73 72 72 72 73 73 73 73 73 73 72 72 72 72 72 72 71 72 72 73 73 73 73 73 73 73 73 73 73 73 73 73 73 74 74 74 74 74 74 74 75 74 74 74 74 74 74 74 74 75 75 75 75 75 74 74 74 74 74 74 75 75 75 75 75 75 76 75 75 75 75 75 75 75 75 75 75 76 76 76 76 76 76 76 76 76 76 76 76 76 76 76 77 77 76 76 76 77 77 77 77 77 77 77 77 77 77 77 77 77 77 77 77 78 78 78 77 77 77 78 78 78 78 79 79 79 78 78 79 79 79 79 79 79 79 79 79 79 79 79 79 80 79 80 80 80 80 80 80 80 80 82 82 82 82 82 82 82 82 82 82 82 82 83 83 83 83 83 83 83 83 83 83 83 83 83 83 83 83 83 84 84 84 84 84 84 84 85 85 85 85 85 85 85 85 85 86 85 86 85 85 86 86 86 87 87 87 87 87 87 87 86 86 87 87 87 87 87 87 87 87 87 87 87 87 87 88 88 88 88 88 88 88 88 89 89 89 88 88 89 89 89 89 89 89 89 89 89 90 89 89 89 89 89 89 89 89 89 90 90 90 90 90 90 89 89 89 90 90 90 90 90 90 90 90 90 90 90 91 91 91 91 91 91 91 91 91 91 91 91 92 92 70 70 70 70 70 69 70 70 71 71 72 72 72 72 72 72 72 72 72 72 72 72 72 72 73 73 73 73 72 72 72 72 72 72 72 72 72 72 73 73 73 73 73 73 73 73 73 72 72 72 73 73 73 73 73 73 73 72 72 72 72 72 72 72 73 73 73 72 72 71 72 71 72 72 72 72 72 73 73 73 73 74 73 73 73 74 73 73 73 73 74 74 74 74 74 74 75 75 75 75 75 74 74 74 75 75 75 76 75 74 74 75 75 75 75 75 75 75 75 75 75 75 75 76 76 75 75 75 75 75 75 75 75 75 75 76 76 76 76 76 76 77 76 76 76 76 76 76 77 77 77 77 77 77 77 77 77 77 77 77 77 78 78 77 77 77 77 77 78 78 78 78 78 78 78 78 78 78 79 79 79 78 78 78 79 79 79 79 79 79 79 79 79 79 80 79 79 80 79 80 80 80 80 80 80 80 80 82 82 83 83 82 82 82 82 82 82 82 82 82 83 83 83 83 83 83 83 83 83 83 83 83 83 83 83 83 84 84 84 85 85 84 84 85 85 85 85 85 85 85 85 85 85 85 85 85 85 86 86 86 86 87 87 86 86 87 87 87 86 86 87 87 87 87 87 87 87 87 87 87 87 87 88 88 88 88 88 88 88 88 88 88 89 89 88 89 89 89 88 88 89 89 90 90 90 89 89 89 89 89 89 89 90 89 89 90 90 90 90 90 90 90 90 90 90 90 90 90 90 90 90 90 90 90 90 90 91 91 91 91 91 91 91 91 92 92 92 92 92 92 70 70 71 70 70 70 70 71 71 71 72 72 72 72 73 72 72 72 72 73 73 73 73 73 73 74 74 73 72 73 73 72 73 73 72 72 72 72 73 73 73 73 73 73 72 72 72 72 73 73 73 73 74 74 73 73 72 73 73 73 72 72 72 72 72 72 72 71 71 71 72 72 72 73 72 72 73 73 74 74 74 74 74 74 74 73 73 73 73 74 74 74 74 74 75 75 75 75 75 75 74 74 75 75 75 75 75 75 74 75 76 76 76 75 75 75 75 75 75 75 74 75 75 75 75 75 75 75 75 76 76 76 75 75 76 76 76 76 76 76 77 77 77 76 76 76 76 76 77 77 77 77 77 77 77 77 77 77 77 77 78 78 78 78 78 77 77 77 78 77 78 78 78 78 78 78 78 78 79 79 79 78 78 79 79 79 79 79 79 79 79 79 79 79 79 79 80 79 79 80 80 80 80 80 80 80 82 83 82 82 82 83 82 83 83 83 83 83 83 82 82 83 83 83 83 82 83 83 83 84 83 83 83 83 83 83 84 84 85 84 84 84 85 85 85 85 85 85 85 85 85 85 85 85 85 85 86 86 86 86 87 87 86 87 87 87 86 86 86 86 87 87 87 87 87 87 87 87 87 87 87 87 88 88 88 88 88 88 88 88 88 89 89 89 88 89 89 89 89 89 90 90 90 90 90 89 89 89 89 89 89 89 89 89 89 89 90 90 90 90 90 90 90 90 90 90 90 90 90 90 90 90 90 91 91 90 91 91 91 91 91 91 91 91 91 91 92 91 92 93 70 70 70 70 71 71 70 70 70 71 71 71 72 73 73 73 73 73 73 72 73 73 73 73 73 73 73 74 74 73 73 73 73 73 73 72 72 72 72 72 73 73 73 73 73 72 72 73 73 73 74 73 73 74 74 74 73 73 73 73 73 72 72 72 72 72 72 73 73 73 72 71 72 73 73 73 73 73 73 74 73 73 74 74 74 74 74 74 74 74 74 74 74 74 74 75 75 75 75 75 75 75 75 75 75 75 75 75 75 75 75 75 76 76 76 76 75 75 75 75 75 75 75 75 75 75 75 75 75 75 76 76 77 76 76 76 76 77 76 76 76 76 77 77 76 76 76 76 76 77 77 77 77 77 77 77 77 77 77 77 77 77 78 78 78 78 78 78 77 77 78 78 78 78 78 78 78 78 78 79 78 79 78 78 79 79 79 79 79 79 79 79 79 79 79 80 80 79 79 80 80 80 80 80 80 80 80 82 82 82 83 83 83 83 83 83 83 83 83 83 83 82 82 83 83 83 83 83 83 83 83 83 83 83 83 83 84 84 85 85 84 84 84 85 85 85 85 85 85 85 85 85 85 85 85 85 85 86 86 86 86 87 86 86 87 87 87 86 86 86 86 87 87 87 87 87 87 87 87 87 87 87 87 87 88 88 88 88 88 88 88 88 89 89 89 89 89 89 89 89 89 89 89 90 90 89 89 89 89 89 89 90 90 89 89 90 90 90 90 90 90 90 90 90 90 90 90 90 90 90 90 90 90 90 91 91 91 91 91 91 91 91 91 91 91 91 91 91 92 92 92 92 92 93 93 69 69 69 70 70 71 71 71 70 71 71 71 71 72 72 72 72 72 73 73 73 73 73 73 73 73 73 73 74 74 74 74 73 73 73 73 73 73 73 73 72 72 72 73 73 73 73 72 73 73 74 74 74 74 74 74 74 73 73 73 73 73 73 73 74 73 72 72 73 73 74 72 72 72 72 73 73 73 73 73 74 73 73 74 74 74 74 75 74 74 74 74 75 75 75 75 75 75 75 75 75 75 76 76 76 75 75 76 76 76 75 76 76 76 76 77 76 76 75 75 75 75 75 75 74 75 75 75 75 76 75 76 76 77 76 76 76 76 77 77 77 76 76 77 77 77 77 77 77 76 76 77 77 77 77 77 77 77 78 78 77 78 78 78 78 78 78 78 78 78 78 78 78 78 78 78 79 78 78 79 78 78 78 79 79 79 79 79 79 79 79 79 79 79 79 79 80 80 80 79 80 80 80 80 80 80 80 80 82 82 83 83 83 83 83 83 83 83 83 83 83 83 83 82 83 83 83 83 83 83 83 83 83 83 83 83 83 84 84 84 85 84 84 84 85 85 85 85 85 85 85 85 85 85 85 85 85 86 86 86 86 87 86 86 87 87 87 87 87 87 87 86 87 87 87 87 87 87 87 87 87 87 87 87 87 87 87 87 88 88 88 88 88 88 89 89 89 89 89 89 89 89 89 89 89 89 89 89 89 89 90 90 90 90 90 90 89 90 90 90 90 90 90 90 90 90 90 90 90 90 90 90 90 90 90 91 91 91 91 91 91 92 92 91 91 91 91 91 91 91 91 92 92 92 93 93 68 69 69 69 70 70 71 71 71 71 71 72 72 72 72 72 72 72 72 72 72 72 73 73 73 73 74 74 73 74 74 74 74 74 74 74 74 74 74 74 74 73 73 73 74 73 73 73 73 73 73 73 74 73 74 74 74 75 74 73 73 73 73 72 73 73 72 72 72 73 73 73 72 72 72 72 72 72 73 73 73 73 73 74 74 74 74 74 74 75 75 75 74 75 75 75 75 75 75 75 75 75 75 75 76 76 76 76 76 76 76 75 76 77 76 76 77 77 76 76 75 75 75 75 74 74 75 76 75 75 76 76 76 76 77 77 77 77 77 77 77 77 77 76 77 77 77 77 78 78 77 77 77 77 77 77 77 77 77 77 78 78 78 78 78 78 78 78 78 78 78 78 78 78 78 78 78 78 78 79 78 78 78 78 79 79 79 79 79 79 79 79 79 79 79 79 79 79 80 80 80 80 80 80 80 80 80 80 80 82 83 82 83 83 83 83 83 83 83 83 83 83 83 83 83 83 83 84 84 83 83 83 83 83 84 84 84 83 83 84 85 85 85 85 84 85 85 85 85 85 85 85 85 85 86 85 85 86 86 86 86 86 87 86 86 86 87 87 87 87 88 87 87 87 87 87 87 87 87 87 87 87 87 87 87 87 87 87 87 88 88 88 88 88 88 88 88 88 88 88 89 89 89 89 89 89 89 89 90 90 90 90 90 90 90 90 90 89 90 90 90 90 90 90 90 90 90 90 90 90 90 90 90 90 90 90 91 91 91 91 91 91 91 92 92 92 92 92 91 91 91 91 91 92 92 92 93 93 68 69 68 69 69 69 70 69 70 70 71 71 71 71 71 71 72 72 73 73 73 72 72 72 72 73 73 73 73 74 74 74 74 74 74 73 73 73 73 73 74 74 74 74 74 74 75 74 74 74 74 73 74 74 74 74 73 74 74 74 75 74 74 74 74 73 72 73 73 73 72 73 72 72 72 72 73 73 72 72 72 73 73 73 73 73 74 74 74 74 74 74 74 75 75 75 74 75 75 75 76 76 76 76 76 76 76 76 77 76 76 75 75 75 76 77 77 77 77 77 76 76 75 75 75 74 74 75 76 76 76 77 77 77 77 76 76 76 77 77 77 77 76 76 76 76 77 77 77 77 78 78 77 77 77 77 77 77 77 77 77 78 78 78 78 78 78 78 78 78 78 78 78 78 78 78 78 78 78 78 78 78 78 78 78 78 79 79 79 79 79 79 79 79 79 79 79 79 79 80 80 80 80 80 80 80 80 80 80 80 80 83 83 82 82 83 83 83 83 83 83 83 83 83 83 83 83 83 84 84 84 84 84 84 84 84 84 84 84 83 84 84 84 84 84 84 85 85 85 85 85 85 85 85 85 85 85 86 86 86 86 86 86 86 86 87 86 86 86 86 87 87 87 87 87 87 87 87 87 87 87 87 87 87 88 87 88 88 87 87 87 87 87 87 87 87 88 88 88 88 88 88 88 88 89 89 89 89 89 89 90 90 90 89 90 90 90 90 90 90 90 90 90 90 90 90 90 90 91 90 90 90 90 90 90 90 90 90 90 90 91 91 91 91 91 91 91 92 92 93 92 92 92 92 92 92 92 92 92 68 69 69 69 69 69 69 69 69 69 70 70 70 70 71 71 72 72 72 72 73 73 72 72 72 73 73 73 73 74 74 74 74 74 74 74 73 73 73 73 73 73 73 73 73 74 74 74 74 74 74 73 74 74 74 74 74 73 73 74 74 73 74 74 73 73 73 74 74 74 73 72 72 72 72 73 73 73 73 73 73 73 73 73 73 74 74 74 74 74 74 74 74 75 75 74 75 75 75 75 75 75 76 76 76 76 76 76 77 77 76 76 75 75 76 76 77 77 77 76 76 76 76 76 76 75 74 74 75 75 76 76 77 77 78 77 77 77 76 76 77 77 77 77 77 77 77 77 77 78 78 78 78 77 77 77 77 77 77 77 77 77 77 78 77 78 78 78 78 78 78 78 78 78 78 78 78 78 78 78 78 78 78 78 78 79 79 79 79 79 79 79 79 79 79 79 80 80 80 80 80 80 80 80 80 80 80 80 80 80 80 83 83 83 83 83 82 83 83 83 83 83 83 83 83 83 83 83 84 84 84 84 84 84 84 84 84 84 84 83 84 84 84 84 84 84 84 85 85 85 85 85 85 85 85 85 85 86 86 86 86 86 86 86 86 86 87 87 87 86 87 87 88 87 87 87 87 87 87 88 87 87 87 87 87 87 88 88 88 88 88 88 88 88 88 88 88 88 89 89 89 89 89 89 88 89 89 89 89 90 90 90 90 89 89 90 90 90 90 90 90 90 90 90 90 90 90 90 91 90 90 90 90 90 90 90 90 91 91 91 91 91 92 92 91 91 91 92 92 93 93 93 93 92 92 92 92 92 92 69 69 69 70 70 70 70 70 69 69 69 69 70 71 71 71 72 72 72 73 72 72 72 72 72 73 73 74 74 74 74 74 74 75 74 74 73 74 74 74 74 74 74 74 74 74 73 73 73 73 73 73 74 74 74 74 74 74 74 74 73 74 74 73 73 73 73 74 73 72 72 72 73 73 73 73 73 73 73 73 73 73 73 73 74 74 74 74 73 74 74 75 75 75 75 75 75 76 75 75 75 75 75 76 76 77 77 76 76 76 76 76 76 76 76 76 77 77 77 76 76 75 76 75 75 74 74 75 76 76 76 76 77 78 77 77 76 76 76 76 76 76 76 76 77 77 78 78 77 78 78 78 78 77 77 77 77 77 77 77 77 77 78 77 78 78 78 78 78 78 78 78 78 78 78 78 78 78 78 78 78 78 78 78 79 79 79 79 79 79 79 79 79 80 80 80 80 80 80 80 80 80 80 80 80 80 80 80 80 80 83 83 83 83 83 83 83 83 83 83 83 83 83 83 83 83 83 84 84 84 84 84 84 84 84 84 84 84 83 84 84 84 84 84 84 84 85 85 85 85 85 85 85 85 85 86 86 86 86 86 87 86 86 86 87 87 87 87 87 87 87 87 88 87 87 87 87 87 89 88 88 88 88 87 87 88 89 89 89 89 89 89 89 89 89 89 89 90 90 90 90 89 89 89 89 89 89 89 90 90 90 90 89 89 89 89 90 90 90 90 90 90 90 90 90 90 90 91 91 90 90 90 90 90 90 90 91 91 91 91 92 92 92 92 91 92 92 92 92 92 93 93 93 92 93 92 92 93 92 68 68 67 69 69 69 70 70 70 70 71 71 71 70 70 70 70 70 70 71 72 72 72 72 72 72 72 72 73 73 73 73 74 74 74 74 75 75 74 74 74 74 75 75 75 74 75 75 75 74 74 74 74 75 74 74 74 74 75 75 75 75 75 75 73 74 75 75 74 74 73 74 73 73 73 73 74 74 74 74 74 73 73 73 74 73 73 73 73 73 73 74 74 74 74 75 75 75 75 75 76 76 75 75 75 76 76 76 76 77 77 76 76 76 76 77 76 76 76 76 77 77 76 76 76 76 75 75 75 76 75 75 76 76 76 76 78 78 78 78 77 76 76 76 77 77 77 77 77 77 77 77 77 77 78 78 78 77 77 77 77 77 77 77 77 78 78 78 78 78 78 78 78 78 78 78 78 78 78 79 78 79 78 78 78 78 78 78 79 79 79 79 79 79 79 79 80 80 80 80 80 80 80 80 80 80 80 80 80 80 80 80 80 80 82 82 82 83 83 83 83 83 83 83 83 83 83 83 83 83 83 84 84 84 84 84 84 84 84 84 84 84 84 84 84 84 84 85 85 84 85 85 85 85 85 85 85 85 85 86 86 86 86 86 87 86 86 86 86 86 87 87 88 87 87 88 88 87 88 87 87 87 88 88 88 88 88 88 88 88 88 89 89 89 90 90 90 90 90 90 90 90 90 90 90 90 89 89 89 89 89 89 90 90 90 90 90 89 89 89 89 90 90 90 90 90 90 90 90 90 90 91 90 90 90 90 90 90 90 91 91 91 91 91 91 92 92 93 92 92 92 92 92 93 93 93 93 93 93 93 93 94 93 69 69 69 68 68 67 67 69 69 70 70 70 70 71 71 71 71 71 71 72 70 70 70 71 72 72 73 72 72 72 73 73 73 73 73 74 74 73 74 74 74 75 75 74 75 74 75 75 74 75 75 75 75 75 75 75 75 75 75 75 74 75 75 76 76 75 75 74 74 74 75 75 74 74 74 74 74 74 74 74 73 73 73 73 73 73 74 74 73 74 74 74 74 73 74 74 74 74 75 75 75 75 76 75 75 75 75 76 76 76 76 77 77 77 77 77 77 77 77 77 77 77 77 77 77 77 76 77 76 76 75 75 76 75 75 75 76 76 77 78 78 77 77 78 78 78 78 77 77 77 76 77 77 77 77 77 78 78 78 78 78 77 77 77 77 77 77 77 77 78 78 78 78 78 78 78 78 78 78 78 78 78 78 79 78 79 79 79 79 79 79 79 79 79 79 79 79 79 79 79 80 80 80 80 80 80 80 80 80 80 80 80 80 80 80 80 80 82 82 83 83 83 83 83 83 83 83 83 83 83 83 84 84 84 84 84 84 84 84 84 84 84 84 84 84 84 84 84 84 85 85 85 84 84 85 85 85 85 85 86 86 86 86 86 86 86 86 87 87 86 86 86 87 87 87 88 88 88 88 88 88 88 88 88 88 88 89 89 89 89 89 89 89 89 89 89 90 90 90 90 90 90 90 90 90 90 90 90 90 89 89 89 89 90 90 90 90 90 90 89 89 89 89 90 90 90 90 90 90 90 90 90 90 90 90 91 91 90 90 90 90 90 91 91 91 91 91 92 92 92 92 93 92 92 92 92 92 93 93 93 93 94 94 93 94 94 68 68 68 69 69 69 69 70 69 70 70 69 68 68 68 68 67 68 69 69 69 70 70 70 71 71 72 72 72 72 72 71 71 71 71 72 73 72 72 72 73 73 73 73 73 73 73 74 74 74 74 75 75 75 75 74 74 74 74 75 75 75 75 75 75 75 75 75 75 75 75 74 75 76 76 76 76 75 74 74 74 74 75 75 75 74 74 74 73 73 73 73 73 73 74 74 74 74 74 74 75 74 74 74 74 74 74 75 76 75 75 75 75 75 76 75 75 75 75 75 76 77 77 77 78 78 78 79 78 78 78 78 78 78 77 77 77 78 77 76 76 76 75 76 76 76 75 76 77 77 77 77 77 77 77 77 77 77 77 77 77 77 77 77 77 78 78 78 78 78 79 78 78 78 77 77 77 77 77 78 78 78 78 78 78 78 78 79 79 78 78 78 78 79 79 79 79 79 79 79 79 79 79 79 79 79 79 79 79 79 80 80 80 80 80 80 80 80 80 80 80 80 80 80 80 80 80 83 83 83 83 83 83 83 83 83 83 83 83 84 83 84 84 84 84 84 84 84 84 84 84 84 84 84 84 84 84 84 84 85 85 85 85 85 85 85 85 85 86 86 86 86 86 86 86 86 86 87 87 87 86 86 87 87 87 87 88 88 87 88 88 88 88 88 88 88 88 89 89 89 89 90 90 89 89 89 89 89 90 90 90 90 90 90 90 90 90 90 90 90 90 90 89 90 90 90 90 90 90 90 89 89 89 90 90 90 90 90 90 90 90 90 90 91 90 90 90 90 90 90 91 91 91 91 91 91 92 92 92 92 92 92 92 93 93 92 92 92 93 94 93 93 93 93 94 94 68 68 68 69 70 70 69 69 68 69 68 68 68 68 68 69 68 69 70 71 70 70 69 69 69 70 70 70 70 71 72 72 72 72 72 72 71 72 71 72 72 73 73 73 73 73 73 73 74 74 74 74 74 75 75 75 75 75 75 75 74 75 75 75 75 75 74 74 74 75 75 75 75 75 75 75 75 76 76 76 75 75 75 74 74 74 75 75 75 75 74 74 74 73 73 74 74 74 74 74 75 75 74 74 74 74 74 74 74 75 75 75 75 75 75 75 76 76 76 76 76 76 76 76 77 77 77 78 78 78 79 79 79 79 79 79 78 78 77 78 78 77 76 76 76 76 76 76 75 76 75 76 76 76 76 76 76 76 77 78 78 78 77 77 78 78 77 77 78 78 78 78 79 79 79 79 78 78 78 78 78 77 78 78 78 78 78 78 78 78 78 78 78 78 78 79 79 79 79 79 79 79 79 79 79 79 79 79 79 79 79 79 79 79 80 80 80 80 80 80 80 80 80 80 80 80 80 80 80 80 83 83 83 83 83 83 83 83 83 83 83 84 84 84 84 84 84 84 84 84 84 84 84 84 84 84 84 84 84 84 84 84 85 85 85 85 85 85 85 85 85 85 86 86 86 86 86 86 86 86 86 87 87 87 86 87 87 87 87 87 88 88 87 88 88 88 88 88 88 88 89 89 89 89 89 89 89 89 89 89 89 89 90 90 90 90 90 90 90 90 90 90 91 90 90 90 90 90 90 90 90 90 90 89 89 89 89 90 90 90 90 90 90 90 90 90 90 91 91 90 90 90 91 91 91 91 91 91 91 91 91 91 92 92 92 93 93 93 93 93 92 92 93 93 93 93 93 93 94 69 68 69 69 69 70 70 69 68 68 69 69 69 69 70 69 69 69 69 68 69 69 70 70 70 71 72 72 71 70 70 69 69 70 70 70 70 71 71 71 72 73 73 73 73 72 72 72 72 73 74 73 73 73 73 73 74 74 74 74 74 74 74 75 75 75 75 75 75 75 75 75 75 76 75 75 75 75 75 75 75 75 75 75 76 75 75 76 76 76 76 76 76 75 75 75 75 75 75 74 74 74 73 74 74 75 75 74 74 75 75 75 75 75 75 75 74 74 74 74 75 75 74 75 75 75 75 76 76 76 76 77 77 77 77 77 78 78 78 78 78 78 78 78 78 79 78 78 78 78 77 76 76 76 76 76 76 76 76 75 75 75 75 76 77 76 76 77 78 78 78 77 77 77 78 78 77 78 78 78 78 78 78 79 79 79 79 79 79 79 78 78 79 79 78 78 78 78 78 78 78 78 78 78 78 78 79 79 79 79 79 79 79 79 79 79 79 79 79 79 79 79 80 80 80 80 80 80 80 80 80 80 80 80 80 80 80 81 81 83 83 83 83 83 83 83 83 83 83 83 84 84 84 84 84 84 84 84 84 84 84 84 84 84 84 84 84 84 84 84 84 84 85 85 85 85 85 85 85 85 85 85 86 86 86 86 86 86 86 86 87 87 87 87 87 87 87 87 87 88 88 88 87 88 88 88 88 88 88 88 88 88 88 89 89 89 89 89 89 89 89 90 90 90 90 90 90 90 90 90 90 91 90 90 90 90 90 90 91 90 90 90 90 90 89 89 90 90 90 90 90 90 90 90 90 90 90 90 91 90 90 90 90 91 91 91 91 91 91 91 92 92 92 92 93 92 93 93 93 93 92 93 93 93 93 94 94 95 69 69 69 70 70 70 69 69 69 69 69 70 70 70 70 70 69 69 69 69 70 70 70 70 70 71 71 71 70 70 70 70 70 70 71 71 71 70 71 72 72 72 72 72 73 73 73 73 73 74 73 73 73 73 74 74 74 75 75 75 75 74 74 75 74 75 75 76 76 76 76 76 76 76 76 75 76 76 76 76 76 76 76 76 75 75 76 76 75 75 75 75 75 74 74 74 75 75 75 74 74 74 75 75 75 74 74 74 75 75 75 75 75 75 75 75 75 74 74 75 75 75 75 76 76 76 75 76 76 76 77 77 77 77 77 78 78 77 78 78 78 77 77 77 78 79 79 79 78 77 77 76 76 76 76 76 76 76 76 76 75 75 75 76 76 77 77 77 77 77 77 78 78 78 78 78 78 79 78 79 79 79 79 79 79 79 80 80 80 80 80 80 80 79 79 79 79 79 78 79 79 79 78 78 78 79 79 79 78 79 79 79 79 79 79 79 79 79 80 80 80 80 80 80 80 80 80 80 80 80 80 80 80 80 80 80 80 80 83 83 83 83 83 83 83 83 83 83 83 84 84 84 84 84 84 84 84 84 84 84 84 84 84 85 84 84 84 84 84 84 85 85 85 85 85 85 85 85 85 85 85 85 86 86 86 86 86 86 87 87 87 87 87 87 87 87 87 87 87 88 88 88 87 88 88 88 88 87 88 88 88 89 89 89 89 89 89 89 89 90 90 90 90 90 90 90 90 90 90 90 90 91 90 90 90 90 90 90 90 91 91 90 90 90 90 90 90 90 90 90 90 90 90 90 90 90 90 90 90 90 90 90 91 91 91 91 91 91 91 91 92 92 92 92 92 92 93 93 93 93 93 93 93 93 93 94 94 70 69 70 70 70 71 70 70 70 70 70 70 71 71 71 70 69 69 69 70 70 69 70 70 70 71 71 70 70 70 70 70 70 70 71 71 71 71 72 72 72 72 72 73 73 73 73 73 73 74 73 73 73 73 74 74 75 75 75 75 74 75 75 75 75 75 75 76 76 76 76 76 76 76 76 76 76 76 76 76 76 77 75 76 76 76 76 75 75 76 76 75 74 74 74 75 75 74 74 74 75 75 76 75 74 74 75 75 75 75 75 75 75 75 75 76 75 74 75 76 76 76 76 76 76 76 77 77 77 77 77 77 77 77 77 77 77 78 78 78 78 77 77 77 78 78 79 79 78 78 77 77 77 76 77 77 77 77 76 76 75 75 76 76 77 78 77 77 77 77 78 78 78 78 78 78 78 78 79 79 79 79 79 79 79 79 80 80 80 80 80 80 80 80 80 79 79 79 79 79 79 78 78 79 79 79 79 79 79 79 79 79 79 79 79 79 79 79 79 80 80 80 80 80 80 80 80 80 80 80 80 80 80 80 80 80 80 83 83 83 83 83 83 83 83 83 83 83 84 84 84 84 84 84 84 84 84 84 84 84 85 84 84 85 84 84 84 84 85 85 85 85 85 85 85 85 85 86 86 85 85 86 86 86 86 86 86 87 87 87 87 87 87 87 87 87 87 87 88 88 88 87 88 88 88 88 88 88 88 89 89 89 89 89 89 89 89 89 90 90 90 90 90 90 90 90 90 90 90 90 90 91 91 90 90 91 90 90 90 91 91 90 90 90 90 90 90 90 90 90 90 90 90 90 90 90 90 90 90 91 90 90 91 91 91 91 91 91 92 92 92 92 92 92 92 92 93 93 93 93 94 94 93 93 94 94 70 70 70 70 71 72 71 71 71 70 70 71 71 71 71 70 70 69 69 70 70 70 70 70 71 70 71 71 71 70 70 70 70 70 70 71 71 71 72 73 72 72 72 72 73 73 74 74 74 74 74 74 73 73 73 74 74 75 75 75 75 75 75 75 75 75 75 75 75 75 75 76 76 76 76 76 76 77 76 76 76 76 76 76 76 77 77 77 77 77 77 77 76 75 74 74 74 74 74 75 75 75 76 75 75 75 75 75 75 75 75 76 75 75 75 75 76 75 74 75 75 76 76 76 76 77 77 77 77 77 77 77 77 77 76 76 77 78 79 78 78 78 77 77 77 77 77 77 78 78 78 78 78 78 78 77 78 77 77 76 76 75 76 76 77 77 78 78 77 78 78 78 78 79 79 79 79 79 79 79 79 79 80 80 80 80 80 80 80 80 80 80 80 80 80 80 80 80 80 80 79 79 78 79 79 79 79 79 79 79 79 79 79 79 79 79 79 79 80 79 80 80 80 80 80 80 80 80 80 80 80 80 81 81 81 80 80 80 83 83 83 83 83 84 83 84 83 83 83 84 84 84 84 84 84 84 84 84 84 84 85 84 84 84 84 84 84 84 84 85 85 85 85 85 85 85 86 85 86 86 85 85 86 86 86 86 86 86 87 87 87 87 87 87 87 87 87 87 87 87 87 88 88 88 88 88 88 88 88 88 89 89 89 89 89 89 89 89 89 89 90 90 90 90 90 89 90 90 90 91 91 91 91 91 90 90 90 91 91 91 91 91 91 90 90 90 90 90 89 89 89 90 90 90 90 90 90 90 91 91 91 91 90 91 91 91 91 91 92 92 92 92 92 92 92 92 92 93 92 93 93 93 93 93 93 94 94 95 70 70 71 71 71 72 71 71 70 70 70 71 72 71 71 70 70 69 69 70 71 70 71 71 71 71 71 72 72 71 71 71 70 71 70 70 70 70 70 71 72 73 73 72 72 72 73 73 73 73 74 74 74 74 74 74 73 74 75 75 75 75 75 75 75 75 75 75 75 75 75 76 76 76 76 76 76 76 76 76 77 77 77 76 76 76 76 76 76 76 76 76 76 76 75 75 74 75 75 75 75 75 75 76 76 76 76 76 76 76 76 75 74 75 75 75 75 75 75 74 75 75 75 75 75 76 76 77 77 77 78 77 78 78 78 78 77 76 77 77 78 78 78 78 78 78 77 77 77 77 78 77 77 78 79 79 79 78 77 77 76 76 75 75 76 76 76 77 77 78 78 79 79 79 79 79 79 79 79 79 80 79 79 80 80 80 80 80 80 80 81 81 81 80 80 80 80 80 80 80 80 79 79 79 79 79 79 79 79 79 79 80 80 79 80 79 79 79 79 80 79 79 80 80 80 80 80 80 80 80 80 80 80 80 81 81 80 80 80 80 83 83 83 83 84 84 84 83 83 83 83 84 84 84 84 84 84 84 84 84 84 84 85 85 85 85 84 84 84 84 84 85 85 85 85 85 86 85 86 86 86 86 85 85 86 86 86 86 86 86 87 87 87 87 87 87 87 87 87 87 87 87 88 88 88 88 88 88 88 88 88 88 88 89 88 89 89 89 89 89 89 89 90 90 90 89 90 89 89 90 90 90 90 90 90 90 90 90 90 90 90 91 90 90 90 90 90 90 90 90 89 90 90 90 90 90 90 90 90 90 91 91 91 90 91 91 91 91 91 92 91 92 91 92 92 92 92 92 92 92 92 93 93 93 93 93 93 93 94 94 71 71 70 71 71 71 72 71 70 70 70 70 71 71 71 71 70 70 69 71 71 71 70 71 71 72 71 71 71 72 72 72 71 72 71 71 70 71 70 70 71 72 72 72 72 72 72 72 72 73 73 73 74 74 74 74 74 74 74 74 75 75 75 75 75 75 75 75 76 76 76 76 76 76 76 76 76 76 76 76 77 77 77 77 77 76 76 76 77 77 77 76 76 76 76 75 75 75 75 75 75 75 76 76 76 76 75 76 76 75 75 75 75 74 75 75 75 75 75 75 75 75 75 75 75 75 75 76 77 77 77 77 77 78 78 78 78 77 76 76 76 77 78 78 78 77 77 78 77 77 77 78 77 77 78 78 78 78 78 77 77 76 76 75 75 76 77 77 77 77 78 79 79 79 79 79 79 80 79 79 79 80 80 81 81 80 80 80 79 79 79 80 81 81 80 80 80 80 80 80 81 81 80 80 80 80 80 80 79 79 79 80 80 80 80 80 79 79 79 79 79 80 79 80 80 80 80 80 80 80 80 80 80 80 80 80 80 80 80 80 80 83 83 83 83 84 84 84 83 83 83 83 84 84 84 84 84 84 84 84 84 84 84 84 85 85 85 85 84 84 84 85 85 85 85 85 85 86 86 86 86 85 85 85 86 86 86 86 86 86 86 87 87 87 87 87 87 87 87 87 87 87 88 87 88 88 88 88 88 88 88 88 88 88 88 88 88 89 89 89 89 90 89 89 89 89 89 89 90 90 90 90 90 90 90 90 90 90 90 90 89 90 90 90 90 90 91 90 90 90 90 90 90 90 89 90 91 90 90 90 90 91 91 91 91 90 91 91 91 91 91 92 92 92 92 91 91 91 92 92 92 92 92 92 92 93 93 93 93 93 94 71 71 71 71 71 70 70 71 71 71 71 71 70 70 70 70 70 70 69 70 71 72 71 71 71 72 72 72 72 72 73 73 72 72 72 72 71 71 71 71 71 71 71 71 71 73 73 74 73 74 73 73 73 73 73 73 74 74 74 74 74 74 75 75 75 75 75 75 75 75 76 76 76 76 76 76 76 76 76 76 76 76 76 77 77 77 77 77 77 78 78 78 77 76 76 76 75 75 75 75 75 75 75 76 76 76 76 75 75 75 75 75 74 75 75 75 75 75 75 75 75 75 76 76 76 75 76 75 76 77 77 77 77 77 77 78 78 78 77 77 77 76 76 77 78 77 77 76 76 76 76 76 77 77 77 77 78 78 78 78 78 78 77 76 76 75 76 77 77 78 78 79 79 79 79 78 78 79 79 79 79 79 79 80 80 81 80 80 79 79 79 79 80 80 80 80 80 80 80 80 80 81 81 81 80 80 80 80 80 80 80 80 80 80 80 80 80 80 80 80 80 80 80 80 80 80 80 80 80 80 80 80 80 80 80 80 80 80 80 80 80 81 83 83 83 83 83 83 83 83 83 83 84 84 84 84 84 84 84 84 84 84 84 84 84 85 85 85 84 84 84 85 85 85 85 85 85 85 85 86 86 86 85 85 85 86 86 86 86 86 86 86 87 87 87 87 87 87 87 87 87 87 87 87 88 88 88 88 88 88 88 88 88 88 88 88 88 88 89 89 89 89 89 89 89 89 90 90 90 90 90 90 90 90 90 90 90 90 90 90 90 90 90 90 90 90 90 90 90 90 90 89 90 90 90 90 90 91 90 90 90 90 90 91 91 91 90 90 91 91 91 91 91 91 91 91 91 92 92 92 92 93 93 93 93 93 93 93 93 93 94 94 95 71 71 71 72 72 71 70 70 71 71 70 70 71 71 70 70 69 69 70 70 71 71 72 71 71 71 72 72 73 73 73 73 73 73 73 73 73 73 72 72 71 71 71 71 71 72 73 73 73 74 74 74 74 73 73 73 73 73 74 74 74 74 74 74 75 75 75 75 75 75 75 75 75 76 76 76 75 75 75 75 76 76 76 76 77 77 77 77 77 77 78 78 78 77 77 77 76 75 75 75 75 76 75 75 76 76 76 75 75 75 75 75 75 75 75 76 76 76 75 75 75 75 76 76 77 77 76 77 77 77 77 77 77 77 77 77 78 78 78 78 78 78 77 77 77 77 76 76 77 77 77 77 76 76 76 77 77 78 78 78 78 78 78 78 77 76 76 76 77 77 78 78 79 79 79 78 78 78 79 79 78 78 78 79 79 79 80 80 80 79 79 79 79 80 80 80 80 80 80 80 81 81 81 81 81 80 80 80 80 80 80 80 80 80 80 80 80 80 80 80 80 80 80 80 80 80 80 80 80 80 80 80 80 80 81 81 81 81 81 81 81 81 81 83 83 83 83 83 83 83 83 83 83 84 84 84 84 84 84 84 84 84 84 84 84 85 85 85 85 84 84 84 85 85 85 85 85 85 85 85 86 86 85 85 85 86 86 86 86 86 86 86 86 87 87 87 87 87 87 87 87 87 87 87 88 88 88 88 88 88 88 88 88 88 88 88 88 88 89 89 89 89 89 89 89 89 89 89 89 89 90 90 90 90 90 90 90 90 90 90 90 90 90 90 90 90 90 90 90 90 90 90 89 90 91 91 90 90 91 91 91 91 90 90 90 91 91 91 91 90 90 91 91 92 92 92 92 92 92 92 92 92 93 93 93 93 94 93 93 93 94 94 94 94 70 70 71 71 72 72 71 70 71 71 71 70 71 70 70 70 70 71 71 72 72 72 71 71 71 71 71 71 72 73 73 73 73 73 73 74 74 74 74 73 72 72 72 72 71 72 72 72 72 73 73 74 74 74 74 74 74 74 74 74 75 75 75 75 75 75 75 75 75 75 75 75 76 76 76 75 75 76 76 76 76 76 77 77 77 77 77 77 77 77 77 78 78 77 77 77 77 76 75 75 75 75 75 76 76 76 76 76 76 76 75 75 75 76 75 76 76 76 76 75 75 75 76 76 76 76 77 78 78 77 77 77 77 77 77 77 77 78 77 77 77 77 77 77 77 77 77 77 77 78 78 77 77 77 76 76 77 78 77 78 78 77 77 77 77 76 76 76 77 78 77 78 78 78 78 78 78 78 79 78 78 78 78 79 79 79 79 80 80 80 80 79 79 79 79 79 80 80 80 80 80 80 81 81 80 80 80 80 80 80 80 80 80 81 80 80 80 80 80 80 80 80 80 80 80 80 80 80 80 80 80 80 80 80 80 81 81 81 81 81 81 81 81 83 83 83 83 83 83 83 83 83 84 84 84 84 84 84 84 84 84 84 84 84 85 85 85 85 85 85 85 85 85 85 85 85 85 85 85 85 86 86 86 85 85 86 86 86 86 86 86 86 86 87 87 87 87 87 87 87 88 87 87 87 88 88 88 88 88 88 88 88 88 88 88 88 88 89 89 89 89 89 89 89 89 89 88 89 89 89 89 89 89 90 90 89 90 90 89 90 90 90 90 90 90 90 90 90 90 90 90 89 90 90 91 91 91 91 91 91 91 91 90 91 90 91 91 91 91 91 90 90 91 91 92 92 92 92 92 92 92 92 92 92 93 93 94 94 93 93 93 93 93 94 95 70 70 70 71 71 71 72 71 71 71 71 71 70 70 71 71 71 72 73 73 73 72 71 71 72 72 72 71 72 73 72 72 73 73 73 73 74 74 74 73 72 72 72 72 72 72 72 72 72 72 72 73 74 74 75 75 75 76 76 75 75 75 76 76 76 76 76 75 76 76 76 76 76 76 77 77 76 76 76 76 77 76 76 77 77 77 77 77 78 77 77 78 78 77 77 77 77 77 77 76 76 76 76 76 76 76 76 77 76 76 75 75 76 76 76 76 76 75 75 75 76 75 76 76 76 76 77 78 78 77 77 77 77 77 77 77 77 77 77 77 77 77 77 77 77 78 78 77 78 78 78 78 77 76 76 76 77 77 77 78 78 78 78 77 76 77 76 77 77 77 77 77 77 78 78 78 78 78 78 78 78 79 79 79 79 80 80 80 81 80 80 80 80 80 80 80 80 80 80 80 80 80 80 80 80 80 81 80 80 80 80 80 80 80 80 80 80 80 80 80 80 80 80 80 80 80 80 80 80 80 80 80 80 80 80 81 81 81 81 81 81 81 81 83 83 83 83 83 83 83 83 83 84 84 84 84 84 84 84 84 84 84 84 84 84 84 85 85 84 84 85 85 85 85 85 85 85 85 85 86 86 86 85 85 85 86 86 86 86 86 86 86 86 87 87 87 87 87 87 87 88 88 88 87 88 88 88 88 88 88 88 88 88 88 89 89 88 88 88 88 89 89 89 89 89 89 88 89 89 89 89 89 89 89 89 90 90 90 90 90 90 90 90 90 90 90 90 90 90 90 90 90 90 90 90 90 91 91 91 91 91 91 91 91 91 91 91 91 91 91 91 90 91 91 92 92 92 92 92 92 92 92 92 92 93 93 93 93 93 93 93 93 94 94 95 95 72 71 71 70 70 71 71 71 71 71 71 71 71 71 72 72 72 73 73 73 73 74 72 73 73 73 73 72 72 72 72 73 74 74 74 74 74 74 75 74 73 73 73 73 73 72 73 72 72 72 72 73 74 74 74 75 75 76 76 76 76 76 76 76 76 76 76 76 76 77 77 76 76 77 77 77 77 76 76 76 76 77 77 77 77 77 77 78 77 77 78 78 78 77 77 77 77 77 77 77 77 76 76 76 76 76 76 77 76 76 76 75 76 76 77 77 76 76 76 76 76 76 76 77 76 76 77 77 78 78 78 78 78 78 78 78 78 77 77 77 77 77 77 77 77 78 78 78 78 79 79 78 77 77 77 77 76 76 77 78 78 79 78 77 77 76 76 77 77 77 78 78 78 79 79 79 78 78 78 78 78 78 79 79 80 80 80 80 81 81 81 80 80 80 80 81 81 81 81 80 80 79 80 80 80 80 81 80 80 80 80 81 80 80 80 80 80 80 80 80 80 80 80 80 80 80 80 80 80 80 80 80 81 80 80 81 81 81 81 81 81 81 81 83 83 83 83 83 83 83 84 84 84 84 84 84 84 84 84 84 84 84 84 84 84 84 84 84 84 85 85 85 85 85 85 85 85 85 85 86 85 85 85 85 85 86 86 86 86 86 86 86 86 87 87 87 87 87 87 87 88 88 88 88 88 88 88 88 88 88 88 88 88 88 89 89 88 88 88 88 88 89 89 89 89 89 89 88 89 89 89 89 89 89 89 90 90 90 90 90 90 90 90 90 89 89 89 89 89 90 90 90 90 90 90 91 91 91 91 92 92 92 91 91 91 91 92 92 92 91 91 91 90 91 92 91 91 92 92 92 92 92 93 93 93 93 93 93 93 93 94 94 93 94 94 95 73 72 72 71 71 71 71 71 71 71 71 71 71 71 72 72 73 73 73 73 73 73 72 72 74 74 74 74 73 72 73 73 74 74 74 74 75 75 75 75 75 74 74 74 73 73 74 74 73 72 72 73 73 74 74 74 74 75 75 75 75 75 76 76 76 76 76 76 77 77 77 76 76 77 77 77 77 77 77 76 76 76 77 77 77 78 78 78 78 78 78 78 78 77 77 77 77 78 78 78 77 76 76 76 76 76 76 76 76 76 76 76 76 76 77 77 76 76 77 77 76 76 76 76 77 77 77 78 78 78 79 78 78 78 78 78 77 77 77 77 77 77 77 78 78 78 79 79 79 80 80 79 78 78 77 77 77 77 77 78 78 78 78 77 77 77 76 77 77 78 78 79 79 79 78 78 77 78 78 78 79 79 79 79 80 81 81 81 82 82 82 81 80 80 81 81 81 80 80 80 80 80 80 79 80 80 81 80 80 80 80 81 80 80 80 80 80 80 80 80 80 80 80 80 80 80 80 80 80 80 81 81 81 81 81 81 81 81 81 81 81 81 81 83 83 83 83 83 83 83 84 84 84 84 84 84 84 84 84 84 84 84 84 84 84 85 85 85 85 85 85 85 85 85 85 85 85 85 86 86 86 86 85 85 86 86 86 86 86 86 86 86 86 87 87 87 87 87 87 87 87 88 88 88 88 88 88 88 88 88 88 88 88 88 89 89 88 88 88 89 89 89 89 88 88 88 89 88 88 89 89 89 89 89 90 90 90 90 90 90 90 89 90 90 89 89 90 90 91 91 90 90 90 90 91 91 91 92 92 92 92 92 92 92 92 92 92 92 92 91 91 91 91 91 91 91 91 92 92 92 92 92 92 93 92 92 93 93 93 93 93 93 93 94 94 95 96 73 72 72 71 71 71 71 71 71 72 72 72 72 72 73 74 74 74 73 73 73 73 73 74 74 74 74 73 73 73 74 74 74 74 74 75 75 75 74 75 75 75 74 74 73 74 74 73 73 72 73 73 73 73 74 74 74 75 75 75 75 75 76 76 76 77 77 77 77 77 77 76 77 77 78 78 78 77 77 76 77 77 77 78 78 78 78 78 78 78 78 77 77 77 78 77 77 77 77 76 76 76 76 76 76 76 76 77 76 75 76 76 76 77 77 77 77 77 76 76 76 77 77 78 78 78 78 78 78 78 78 77 77 77 78 77 77 78 78 78 78 78 78 78 79 79 80 80 80 79 79 79 78 78 77 77 77 77 77 78 78 77 77 76 76 77 77 77 77 78 78 78 77 77 77 78 78 79 79 80 80 80 80 81 81 82 82 82 82 81 81 81 81 81 81 81 81 80 80 80 80 80 80 80 80 80 81 80 80 80 81 80 80 80 80 80 80 80 80 80 80 80 80 81 80 80 80 80 81 81 81 81 81 81 81 81 81 81 81 81 81 83 83 83 83 83 83 84 83 84 84 84 84 84 84 84 84 84 84 84 84 84 84 84 85 85 85 85 85 85 85 85 85 85 85 85 86 85 85 85 85 86 86 86 86 86 86 86 86 86 86 87 87 87 87 87 87 87 87 88 88 88 88 88 88 88 88 88 88 88 88 89 89 88 88 88 89 89 89 89 89 88 88 88 88 88 88 89 89 89 89 89 89 89 89 89 89 90 90 90 90 90 89 90 91 90 90 91 91 91 91 91 91 91 91 91 91 92 92 92 92 92 92 92 92 92 92 92 91 91 91 91 91 91 91 91 91 92 92 92 92 92 92 93 93 93 93 93 93 93 93 93 94 95 96 73 72 72 72 72 71 71 72 72 72 72 73 74 74 74 74 73 73 74 73 73 73 74 75 75 74 74 74 74 75 75 74 75 75 75 74 74 74 74 75 75 74 74 73 73 73 73 73 73 73 73 74 74 74 75 74 75 75 75 75 75 75 75 76 76 76 77 77 77 77 78 77 77 78 77 77 77 76 77 77 77 78 78 78 78 78 78 79 78 78 77 78 78 77 78 78 77 77 76 76 76 76 77 76 77 77 76 76 76 76 76 77 77 77 76 76 76 76 76 76 77 78 79 79 78 78 78 77 77 78 79 79 78 77 78 79 79 79 79 79 79 79 79 80 80 80 79 79 78 78 78 77 77 77 78 77 77 77 77 77 77 76 77 77 77 77 77 77 77 77 77 78 78 79 79 79 80 80 80 80 80 81 81 81 82 82 81 81 81 81 81 82 82 82 82 81 80 80 80 80 80 80 80 80 80 80 80 81 80 81 80 80 80 80 80 80 80 80 80 80 81 81 81 81 81 81 81 81 81 81 81 81 81 81 81 81 81 81 81 83 83 83 83 83 83 84 83 84 84 84 84 84 84 84 84 84 85 84 84 84 84 84 84 85 85 85 85 85 85 85 85 85 85 85 86 86 85 85 86 86 86 86 86 86 86 86 86 87 87 87 87 87 87 87 87 87 87 87 88 88 88 88 88 88 88 88 88 88 89 88 88 88 88 89 89 89 88 88 88 88 88 88 88 88 88 89 89 89 89 90 90 90 90 90 90 90 90 90 90 90 90 89 89 90 90 90 90 91 91 91 91 91 91 91 91 92 92 92 92 92 92 92 92 92 92 92 91 91 91 91 91 91 91 91 91 91 92 92 92 92 93 93 92 92 92 93 93 93 93 94 94 95 95 96 97 97 97 73 73 72 72 72 72 72 72 73 73 74 74 74 74 74 73 73 74 74 75 75 75 75 75 75 74 74 75 75 75 75 75 75 74 74 74 74 75 75 75 74 73 73 73 73 74 75 75 75 75 75 75 75 75 75 75 75 75 75 75 75 76 77 77 77 77 77 77 77 77 78 78 77 77 77 77 77 77 78 78 78 78 78 78 78 79 79 78 78 78 78 78 78 78 78 78 77 76 76 77 77 77 77 77 76 76 76 76 77 77 77 77 76 76 76 77 78 77 77 78 79 79 78 78 78 78 78 78 79 78 77 77 78 79 79 80 80 80 80 80 80 80 79 80 80 79 78 77 77 77 78 78 78 78 77 77 77 77 77 77 77 77 78 77 77 77 77 77 77 78 78 78 79 79 79 80 80 80 80 81 81 82 82 82 82 82 82 82 81 81 81 82 82 82 81 81 80 80 80 81 80 80 80 80 80 81 80 81 81 80 80 80 80 80 80 80 80 80 80 80 80 81 81 81 81 81 81 81 81 81 81 81 81 81 81 81 81 83 83 83 83 83 83 84 83 84 84 84 84 84 84 84 85 85 85 84 84 85 85 85 84 85 85 85 85 85 85 85 85 85 85 85 86 86 85 85 86 86 86 86 86 86 86 86 87 87 87 87 87 87 87 87 87 87 87 87 88 88 88 88 88 88 88 88 88 88 88 88 88 88 89 89 88 88 88 88 88 88 88 89 89 89 89 89 89 89 89 89 90 90 90 90 90 90 90 89 89 89 89 89 89 90 90 90 90 91 91 91 91 91 91 91 91 92 92 92 92 92 92 92 92 92 92 92 92 92 92 91 92 92 92 92 92 91 91 91 92 92 92 92 92 93 93 93 94 94 94 94 94 94 95 95 96 96 95 95 96 74 73 73 74 73 73 73 73 73 73 74 74 74 74 73 74 75 75 76 76 76 76 75 75 75 75 75 75 76 76 75 74 74 74 74 74 75 75 74 74 73 73 73 74 74 75 75 76 76 76 76 76 77 76 76 77 77 76 76 76 76 77 77 78 77 77 77 77 78 78 78 78 78 78 78 77 77 78 78 78 78 78 78 78 79 78 78 78 79 79 79 79 79 78 78 77 77 77 77 77 77 77 77 77 76 76 77 77 77 76 76 77 76 77 77 78 77 78 79 79 78 79 79 79 78 78 79 78 78 77 78 78 78 79 79 80 80 80 80 80 80 80 80 80 79 78 78 79 79 78 78 77 77 77 77 77 78 78 77 78 78 79 78 78 77 77 78 78 78 78 79 79 80 80 80 80 80 80 80 81 81 81 81 81 81 82 82 82 81 82 82 82 81 81 80 80 81 81 81 80 80 80 80 80 81 81 80 80 80 80 80 80 80 80 80 80 80 81 81 81 80 80 80 81 81 81 81 81 81 81 81 81 81 81 81 83 83 83 83 83 83 84 84 84 84 84 84 84 84 84 85 85 86 85 86 86 85 84 85 85 85 85 85 85 85 85 86 85 85 85 86 85 85 85 86 86 86 86 86 86 86 86 86 86 86 87 87 87 87 87 87 87 87 87 88 88 88 88 88 88 88 88 88 88 88 88 88 89 89 88 88 89 89 89 89 89 89 90 90 89 89 89 89 89 89 89 89 89 89 89 89 89 89 89 90 90 90 90 90 90 90 90 90 90 91 91 91 91 91 91 91 92 92 92 92 92 92 92 92 92 92 92 92 93 92 92 92 92 92 92 92 92 91 91 92 92 92 92 92 93 93 93 93 93 93 94 94 94 94 95 95 94 94 94 95 96 74 74 74 74 74 74 74 74 75 74 75 75 76 76 76 77 76 76 76 75 75 75 76 76 76 75 75 75 75 74 74 74 75 74 74 74 73 74 74 74 75 75 75 76 76 76 77 77 77 77 77 77 77 76 76 77 77 78 77 78 78 77 77 78 78 78 78 78 78 78 78 77 78 78 78 78 79 79 79 79 78 78 78 79 79 79 79 79 79 79 79 78 78 78 78 78 77 78 76 76 76 77 77 77 77 77 77 77 77 78 78 78 79 79 79 79 79 79 79 79 79 79 79 78 77 78 78 78 78 79 80 80 80 80 80 80 80 80 80 79 78 79 79 78 78 78 78 78 78 78 78 78 78 78 77 78 78 77 77 77 77 78 78 79 79 80 80 80 79 79 80 79 79 80 80 80 80 80 81 81 81 82 82 81 82 82 82 82 82 82 81 80 80 80 80 80 80 80 80 80 81 80 80 80 81 80 80 80 80 80 80 80 80 80 80 80 80 80 81 81 81 81 81 81 81 81 80 80 81 81 83 83 83 83 83 84 84 84 84 84 84 85 84 84 84 84 84 85 86 86 85 85 85 85 85 85 85 85 85 85 86 86 85 85 85 85 85 85 86 86 86 86 86 86 86 86 86 86 86 86 87 87 87 87 87 87 87 87 87 88 88 88 88 88 88 88 88 88 88 88 88 88 88 88 88 89 89 89 89 89 89 90 90 90 90 90 90 89 89 89 89 89 89 89 89 89 89 89 89 90 90 90 90 90 90 90 90 91 91 91 91 91 91 91 91 91 92 92 92 92 92 92 92 92 92 92 92 92 93 92 92 93 93 93 92 93 92 92 92 91 92 92 92 93 93 93 93 93 93 94 94 94 94 94 95 94 94 94 95 95 96 75 75 75 74 74 74 75 75 75 76 76 76 76 77 77 77 77 77 77 76 77 77 77 76 76 76 76 75 74 74 74 74 74 74 74 74 74 75 75 75 75 75 75 76 76 77 77 76 76 77 77 77 77 77 77 77 78 77 78 78 78 78 78 78 78 78 78 78 78 78 78 78 78 78 79 79 79 79 79 78 78 79 79 79 79 79 79 79 79 79 79 78 77 78 78 77 77 77 77 78 78 77 77 77 78 77 77 77 78 79 79 80 80 80 79 80 80 80 80 79 79 79 78 78 78 78 79 79 79 80 80 80 80 80 80 80 80 80 79 79 79 79 79 78 78 79 79 79 78 78 78 78 78 78 78 77 77 77 78 78 78 78 79 79 79 79 80 79 79 79 79 80 80 80 80 80 80 80 81 81 82 82 81 82 83 82 82 82 81 81 81 80 80 80 80 80 80 80 80 81 81 80 80 81 81 81 80 80 80 80 80 81 80 80 80 80 81 81 81 81 81 81 81 80 80 80 81 81 81 83 83 83 83 84 84 84 84 84 84 85 85 85 84 84 84 84 85 85 86 86 85 85 86 86 85 85 85 85 85 86 85 85 85 85 85 85 85 86 86 86 86 86 86 86 86 86 85 86 86 87 87 87 87 87 87 87 87 87 87 88 88 88 88 88 88 88 88 88 88 88 88 88 88 88 88 88 89 89 89 89 89 89 89 90 90 90 90 90 89 89 89 89 89 89 89 89 89 90 90 90 90 90 90 90 90 90 90 90 91 91 91 91 91 91 91 91 91 92 92 92 92 92 92 92 92 93 93 92 92 93 93 93 93 93 92 92 92 92 92 92 92 93 92 92 92 92 93 93 94 94 94 94 94 94 94 94 94 95 95 96 96 96 97 98 98 76 76 75 75 75 75 76 76 76 76 76 77 77 77 77 77 77 77 77 77 77 77 77 77 77 76 76 75 75 75 74 74 74 74 75 75 75 75 75 75 76 76 76 77 77 76 76 76 77 78 78 78 78 78 78 78 78 78 78 78 77 78 78 78 78 78 78 79 78 78 78 79 79 79 79 79 79 79 79 79 79 79 79 78 79 79 79 79 79 79 78 78 77 78 78 77 77 78 79 79 78 77 77 78 78 77 78 78 78 79 80 80 80 80 80 80 80 79 79 79 79 79 78 78 78 78 78 79 79 80 80 80 80 80 80 80 80 80 80 79 79 79 79 79 79 79 78 79 78 78 78 78 78 78 78 78 78 77 78 79 79 79 79 79 79 80 79 79 79 79 80 81 81 80 80 80 81 81 81 81 81 82 82 82 82 82 82 82 81 80 80 81 81 81 81 80 80 80 81 81 81 81 80 81 81 81 81 81 81 81 81 80 81 81 81 81 81 81 81 81 81 81 80 80 81 81 81 81 83 83 84 83 84 84 84 84 84 84 84 85 85 84 84 84 84 84 85 85 86 86 87 87 86 86 85 85 85 85 85 85 85 86 85 85 85 85 86 86 86 86 86 86 86 85 86 86 86 86 87 87 87 87 87 87 87 87 87 87 87 88 88 88 88 88 88 88 88 89 89 88 88 88 89 89 89 89 90 89 89 90 90 90 90 90 90 90 90 90 90 89 89 89 89 89 90 90 90 90 90 90 90 90 90 90 90 90 90 91 91 91 91 91 91 91 91 91 91 92 92 92 92 92 92 92 92 92 92 92 93 93 93 93 93 93 92 92 92 92 91 92 92 92 93 93 93 93 94 94 94 94 93 94 94 94 95 95 95 95 95 95 96 96 97 97 97 97 98 76 76 76 76 76 76 77 77 77 77 77 77 77 77 77 77 77 77 77 77 77 77 77 76 76 76 75 75 74 74 74 74 75 75 75 76 76 76 76 76 77 76 76 76 76 77 77 78 79 79 79 79 78 78 78 78 78 78 78 78 78 78 78 78 79 78 78 78 78 79 79 79 79 80 80 79 79 79 79 79 78 79 79 79 79 79 79 79 78 77 77 78 77 77 78 79 79 78 77 77 78 79 78 77 78 78 79 79 80 80 80 80 80 80 79 78 79 79 78 78 79 78 78 79 80 80 80 80 81 80 80 80 80 80 80 80 79 79 79 79 79 79 79 78 78 78 78 78 79 79 79 78 78 78 78 78 78 78 78 79 79 79 80 79 79 79 80 81 81 81 80 81 81 81 81 81 81 82 82 82 82 82 83 82 82 82 81 81 81 81 81 80 80 80 80 81 81 81 81 81 81 81 81 81 81 81 81 81 80 81 81 81 81 81 81 81 81 81 81 81 81 81 81 81 81 83 84 84 83 84 84 84 84 85 84 84 85 85 85 85 84 84 85 85 86 87 86 86 86 85 85 85 85 85 85 85 85 85 86 86 86 86 86 86 86 86 86 86 86 86 86 86 86 86 86 87 87 87 87 87 87 87 87 87 87 87 87 88 88 88 88 88 88 88 88 88 88 88 89 89 89 89 89 90 90 90 90 90 90 90 90 90 90 90 90 90 90 89 89 89 90 90 90 90 90 90 90 90 90 90 90 90 90 90 90 91 91 91 91 91 91 91 91 92 92 92 92 92 92 92 92 92 92 92 92 92 93 92 93 93 93 93 92 92 92 92 92 92 92 92 92 93 93 93 93 94 93 94 94 94 94 94 94 95 95 95 95 95 95 95 96 96 97 97 98 77 77 77 77 77 77 77 77 77 77 77 77 77 77 77 77 77 78 77 77 77 76 76 76 76 75 75 74 74 74 74 75 75 75 75 75 75 76 77 77 76 76 76 77 78 78 79 79 79 79 79 79 79 79 79 79 78 78 78 78 78 78 78 78 79 79 79 79 79 79 79 79 79 79 79 79 79 79 79 79 79 79 79 79 79 79 78 78 78 78 78 77 78 78 79 79 78 77 78 79 78 78 78 79 79 79 79 80 80 79 79 79 79 79 80 80 79 79 79 78 78 79 80 80 80 80 80 80 80 80 80 80 80 79 79 79 79 79 79 79 79 79 78 78 79 78 78 78 78 78 78 78 78 78 78 78 78 78 78 78 79 79 80 80 80 81 81 81 80 81 81 81 81 81 81 81 82 82 82 82 82 82 81 81 80 80 80 80 81 81 81 81 80 80 81 81 81 81 81 81 81 81 80 80 80 81 81 81 81 81 81 81 81 81 81 81 81 81 81 81 82 82 81 83 84 84 84 84 84 84 84 85 85 85 86 86 86 86 85 85 85 86 87 87 86 86 86 86 85 86 86 86 86 85 85 86 86 86 85 85 86 86 86 86 86 86 86 86 86 87 86 87 87 87 87 87 87 87 87 87 87 87 87 87 87 88 88 88 88 88 88 88 88 88 88 89 89 89 89 89 89 89 90 90 90 90 90 90 90 90 90 90 90 90 90 90 89 89 90 90 90 90 90 90 90 90 90 90 90 90 90 90 90 90 90 90 91 91 91 91 92 92 92 92 92 92 92 92 92 92 92 93 93 93 92 93 93 93 92 92 93 92 92 92 92 92 92 92 92 92 92 93 93 93 93 94 94 94 95 95 95 95 95 95 95 95 96 96 96 97 98 98 99 77 77 77 78 77 77 77 77 77 77 77 77 77 77 77 77 77 77 76 76 76 76 76 76 76 75 75 74 74 75 75 75 75 75 76 76 76 76 76 76 76 77 77 78 79 79 79 79 79 79 79 79 79 79 79 79 78 78 78 78 78 79 79 79 79 79 80 80 80 80 80 79 79 79 79 79 79 79 80 80 80 80 80 79 79 79 78 78 78 78 78 79 79 78 78 78 79 79 79 78 78 78 79 79 79 79 80 80 79 79 79 80 81 80 79 80 79 78 79 79 80 81 80 80 80 80 80 80 80 80 80 79 79 78 78 79 79 79 80 79 79 79 78 78 78 78 78 78 78 78 78 78 78 78 79 78 79 79 79 79 79 79 80 80 80 80 80 81 81 81 82 81 82 82 82 82 82 82 83 82 82 82 81 81 81 81 81 81 81 81 80 80 81 81 81 81 82 81 81 81 80 80 80 80 81 81 81 81 81 81 80 81 81 81 81 81 81 81 82 81 81 83 84 84 84 84 84 85 85 85 85 85 85 86 86 86 86 86 86 86 87 87 87 87 87 86 86 86 87 87 86 86 86 86 86 86 86 85 85 86 86 86 86 86 86 87 87 87 87 87 87 87 88 87 88 88 88 88 88 88 88 88 87 87 88 88 88 88 88 88 88 89 89 89 89 89 89 89 89 89 90 90 90 90 90 90 90 90 90 90 90 90 90 90 90 90 90 90 90 90 89 90 90 90 90 90 90 90 90 90 90 90 90 90 91 91 91 91 92 92 92 92 92 92 92 92 92 92 92 92 93 93 93 92 92 92 92 92 92 92 92 92 92 93 92 92 92 92 92 92 92 93 94 94 94 94 94 94 94 95 96 96 95 95 95 96 97 98 98 98 98 100 78 78 78 78 78 78 78 78 78 78 78 77 77 76 75 76 75 76 77 76 76 75 74 74 75 75 74 75 75 76 76 76 76 76 76 77 78 78 79 79 78 79 79 79 79 79 79 79 79 79 79 79 79 79 79 78 79 78 79 79 79 79 80 80 80 80 79 79 79 79 80 80 79 80 79 80 80 80 80 79 78 78 77 78 78 79 79 79 78 78 78 78 79 79 79 78 79 79 80 79 79 79 79 80 80 79 80 80 79 80 80 80 79 79 80 80 80 81 81 81 81 80 80 80 80 80 79 79 78 78 78 79 79 79 79 79 79 78 78 78 78 77 78 78 78 78 78 78 79 79 79 80 80 80 79 79 79 79 79 80 80 80 81 81 82 82 82 82 82 82 83 82 82 82 83 83 82 81 81 81 81 81 81 81 81 81 81 81 81 81 81 81 82 82 81 81 80 80 80 81 81 81 81 81 81 80 80 81 81 81 81 82 82 82 82 81 84 84 84 85 85 85 85 85 85 85 85 85 86 86 86 85 86 86 87 86 86 86 87 87 87 87 88 87 87 86 86 86 86 86 86 86 85 85 85 86 86 86 86 87 87 87 87 87 87 87 88 88 88 88 88 88 88 88 88 88 87 87 87 88 88 88 88 88 88 88 89 89 89 89 89 89 89 89 89 89 89 89 89 89 90 90 90 90 90 90 90 90 90 90 90 90 90 90 90 90 90 90 90 90 90 90 90 90 90 90 90 90 90 90 90 91 91 91 92 92 92 92 92 92 92 92 92 92 92 93 93 93 93 93 92 92 92 92 92 92 92 92 93 93 92 92 93 92 92 92 93 93 94 94 94 94 94 95 94 95 96 96 95 96 96 98 98 97 97 97 98 99 99 99 99 99 98 99 99 78 78 78 78 78 78 78 78 78 78 78 77 77 76 75 75 75 76 76 76 76 75 75 75 76 76 75 75 75 76 76 76 76 76 77 78 79 79 79 79 79 78 79 79 80 80 79 79 79 80 80 80 80 79 79 79 79 79 79 79 80 80 80 80 80 80 79 79 79 80 80 80 80 80 80 80 80 80 80 79 80 79 78 78 78 78 79 79 78 78 79 79 79 80 80 79 79 80 80 80 79 79 79 80 80 80 80 80 80 80 81 81 80 79 79 79 80 80 81 81 81 80 80 80 80 80 79 79 79 78 78 78 79 79 79 79 79 79 78 78 78 78 78 78 78 78 78 78 79 80 80 80 80 79 79 79 79 80 80 80 80 80 80 81 82 82 83 82 82 83 83 82 82 82 83 83 82 82 81 81 81 81 81 82 82 81 81 81 81 81 81 81 81 82 82 81 81 80 81 81 81 81 81 81 81 80 80 81 81 81 81 82 82 82 82 82 84 85 85 85 85 85 85 85 85 85 85 85 86 86 85 85 86 87 86 86 86 86 87 86 87 87 87 87 87 86 86 86 86 86 86 86 86 85 85 86 86 87 87 87 87 87 87 87 87 87 88 88 88 88 88 88 88 88 88 87 87 87 88 88 88 88 88 88 88 88 88 88 89 89 89 89 89 89 89 89 89 89 89 89 90 90 89 90 90 90 90 90 90 90 90 90 90 90 90 90 90 91 90 91 90 91 90 90 90 90 91 90 90 90 90 91 91 91 91 91 91 91 92 92 92 92 92 92 92 92 92 93 93 93 93 92 93 93 92 92 92 91 92 93 93 92 93 93 93 93 93 93 93 94 94 95 95 95 95 95 95 96 96 96 96 97 97 96 96 96 97 98 98 98 98 97 97 98 98 98 99 78 78 78 78 78 78 78 78 78 78 78 78 77 77 76 75 75 75 75 75 75 75 75 76 77 76 76 76 76 76 76 76 76 77 78 78 78 79 79 79 79 78 79 79 80 80 80 80 80 80 80 80 80 79 79 79 80 80 80 79 80 80 80 80 80 80 79 79 80 80 80 80 80 80 80 80 80 80 80 80 80 79 78 78 78 79 79 79 79 78 78 78 79 79 80 80 80 80 80 80 80 80 80 80 80 80 80 80 79 80 81 80 80 80 80 80 80 80 81 81 81 80 80 80 79 79 79 79 79 79 78 78 78 79 79 79 79 79 79 79 79 79 78 78 78 78 78 79 79 79 80 81 80 79 79 80 80 81 81 81 80 81 81 80 81 82 83 83 83 83 83 82 82 83 83 83 83 82 81 81 81 81 81 82 81 81 81 81 82 81 81 81 81 81 81 81 81 81 81 81 81 81 81 81 81 81 81 81 81 81 81 82 82 82 83 83 85 85 85 85 85 86 85 85 85 86 85 85 86 85 85 86 86 86 86 86 86 86 86 86 86 86 86 87 87 87 87 87 87 87 87 86 86 86 86 86 86 87 87 87 87 87 87 87 87 87 88 88 88 88 88 88 87 87 87 87 87 88 88 88 88 88 88 88 88 88 88 88 89 89 89 89 89 89 89 89 89 89 89 89 89 89 89 90 89 90 90 90 90 90 90 90 89 90 90 90 90 91 90 90 91 91 90 90 90 90 90 90 90 90 91 91 91 91 91 91 91 91 91 91 91 91 91 91 92 92 92 92 92 93 93 92 92 93 93 92 92 92 92 93 93 93 93 94 94 94 93 93 93 94 94 94 94 94 95 96 96 96 97 97 97 97 96 95 95 95 96 96 97 97 98 97 96 96 97 97 97 99 79 79 78 78 78 78 78 78 78 78 77 76 76 75 75 76 76 76 75 75 75 75 76 76 77 77 77 77 76 76 76 76 76 77 77 78 78 79 79 79 79 79 80 79 79 80 80 80 80 79 80 79 79 79 80 80 80 80 80 79 80 80 80 80 80 79 80 80 80 80 80 80 80 80 80 80 80 80 80 80 79 78 78 78 78 79 79 79 79 78 79 79 79 80 80 80 80 81 80 80 80 80 80 80 80 80 80 80 80 80 80 80 79 80 80 81 81 81 81 81 80 80 79 79 79 79 79 79 79 79 78 78 78 79 79 79 79 78 79 79 78 79 78 78 78 78 79 79 80 80 81 80 80 79 80 81 81 82 81 81 81 82 81 81 82 83 83 83 83 82 82 82 83 83 83 83 82 81 81 81 81 81 81 81 81 82 81 82 82 81 81 81 81 81 81 81 81 81 81 81 81 81 81 81 81 81 81 81 81 82 82 82 82 83 83 85 85 85 85 85 85 85 85 85 85 85 85 85 85 85 85 86 86 86 86 85 86 86 86 86 86 87 86 86 86 87 87 87 87 87 87 87 87 86 86 87 87 87 87 87 87 87 87 87 87 88 88 87 87 87 87 87 87 87 88 88 88 88 88 88 88 89 88 88 89 89 89 89 89 89 89 89 89 89 89 89 89 89 89 89 89 89 89 89 89 90 90 90 90 90 90 90 90 90 90 91 91 91 91 91 90 90 91 91 91 91 91 91 91 91 91 91 91 91 91 91 91 91 91 91 91 92 92 92 92 92 92 92 92 92 93 93 93 93 93 92 92 91 92 93 93 93 93 93 93 93 93 93 93 94 94 94 95 96 96 97 97 97 97 97 97 96 96 95 95 95 96 97 96 96 98 97 96 96 97 98 98 99 79 79 78 78 79 79 79 78 78 77 76 75 75 76 76 77 76 76 76 75 75 75 75 76 76 77 76 77 77 77 77 77 77 77 78 78 77 78 79 79 78 79 79 79 79 79 80 80 80 80 80 79 79 80 80 80 80 80 80 80 80 80 80 80 80 80 80 80 80 80 80 80 80 80 80 80 80 80 80 80 80 78 78 79 79 79 79 79 80 79 79 80 80 81 81 80 81 81 80 80 80 80 80 81 81 81 80 80 80 80 81 80 80 80 80 81 81 81 81 81 80 80 79 79 79 79 79 80 80 79 79 79 78 78 79 78 78 78 79 79 79 78 78 78 78 79 79 79 79 80 80 80 80 81 80 81 81 82 82 82 82 82 82 81 82 83 83 83 83 83 83 82 83 83 83 82 82 82 82 82 82 81 82 81 81 82 81 82 81 81 81 81 81 81 81 81 82 81 81 81 82 81 81 81 81 81 81 81 81 82 82 82 82 82 82 85 85 85 85 85 85 85 85 84 85 85 85 85 85 85 85 85 86 85 85 86 86 86 86 86 86 86 87 86 86 86 86 86 86 86 87 87 87 87 87 86 87 87 87 87 86 87 87 87 87 87 87 87 87 87 87 88 88 88 88 88 88 88 88 88 89 89 89 89 89 89 89 89 89 89 89 89 89 89 89 90 89 89 89 89 89 89 89 89 90 90 90 90 90 90 90 90 90 90 90 91 91 91 91 91 91 91 91 92 92 92 92 92 92 92 92 91 91 91 91 91 91 92 92 92 93 93 92 92 93 92 92 92 92 92 92 93 93 93 93 93 92 92 92 92 93 93 93 93 93 94 94 93 93 93 94 94 94 95 96 96 97 97 96 96 96 97 97 96 95 95 96 96 96 96 97 97 96 96 97 97 98 98 98 79 79 79 79 79 79 78 77 76 76 76 76 76 77 77 77 77 76 76 75 75 75 76 76 76 76 76 76 77 78 78 78 79 79 79 78 78 79 79 78 78 78 79 79 79 80 80 80 80 80 80 80 80 80 80 80 80 80 80 80 80 80 80 81 80 80 80 80 80 80 80 80 80 80 80 80 80 80 80 80 79 79 79 80 80 79 79 80 80 80 80 81 81 81 81 81 81 81 81 81 81 80 81 81 80 80 80 80 80 80 80 80 80 81 81 81 81 81 81 80 80 79 79 79 79 79 80 80 79 79 79 78 78 78 78 79 79 79 79 79 78 78 78 78 78 78 79 79 79 80 81 81 81 81 82 82 82 83 83 83 83 83 82 82 82 83 84 83 83 83 83 83 83 82 81 81 81 81 82 82 81 81 81 81 82 82 82 81 81 81 81 81 81 81 81 81 81 81 81 81 81 81 81 81 81 80 81 81 81 82 82 82 82 82 85 85 85 85 85 85 85 85 85 85 85 85 85 85 85 85 85 85 85 85 86 86 86 86 86 86 86 86 86 86 86 86 86 86 86 86 86 86 86 86 86 87 87 87 87 87 86 86 87 87 87 87 87 87 88 88 88 88 88 88 88 88 88 88 88 89 89 89 89 89 89 89 89 89 89 89 89 89 89 89 89 89 89 89 89 89 90 89 89 90 90 90 90 90 90 90 90 90 90 90 89 90 90 90 90 89 90 91 91 91 90 90 91 91 92 92 92 92 91 91 91 92 92 93 93 93 93 93 92 92 92 92 92 92 92 92 93 93 93 93 93 92 92 92 92 92 93 93 93 93 94 94 94 93 94 94 94 94 95 96 95 96 96 96 95 96 97 96 96 96 95 95 96 96 96 96 96 96 96 96 96 97 97 98 99 79 79 79 79 79 79 77 76 77 77 77 77 77 77 78 78 77 76 76 76 76 76 76 76 77 77 77 77 77 77 78 78 78 79 79 78 78 78 79 80 79 79 79 80 80 80 80 80 80 80 80 80 81 81 80 80 80 80 81 81 80 80 81 80 80 80 80 80 80 80 80 80 80 80 81 81 81 81 80 79 79 79 80 80 79 80 80 80 81 81 81 81 81 81 81 82 82 81 81 81 81 81 80 80 80 81 81 80 81 81 80 80 80 81 82 81 81 80 80 79 79 79 80 80 79 80 80 80 79 79 79 79 79 79 79 79 79 78 78 78 78 78 79 79 79 79 80 80 81 81 81 82 82 82 82 83 83 83 83 83 83 82 83 83 83 84 83 83 83 82 82 82 81 81 81 81 81 81 81 81 81 82 82 82 82 82 82 82 81 82 81 81 81 81 81 81 81 81 81 81 82 81 81 81 81 81 81 81 81 82 82 82 82 85 85 85 85 85 85 85 85 85 85 85 85 85 85 85 85 85 85 85 85 86 86 86 86 86 86 86 86 86 86 86 86 86 86 86 86 86 86 86 86 86 87 87 87 87 87 87 87 86 87 87 88 88 88 88 88 88 88 88 88 88 88 88 88 88 89 89 89 89 89 89 89 89 89 89 89 89 89 89 89 89 89 89 89 89 89 89 89 90 90 90 90 90 90 90 90 90 90 90 89 89 89 89 89 88 88 89 89 90 90 89 89 89 90 91 92 92 92 92 92 93 93 92 93 93 93 93 93 93 93 93 92 92 92 92 92 92 92 93 94 93 93 92 92 92 92 92 93 93 93 94 94 94 94 94 94 94 94 95 95 95 95 95 96 95 96 96 96 95 95 95 95 95 96 96 96 96 97 97 97 97 97 97 98 99 99 100 79 79 79 79 79 78 77 77 77 77 77 77 77 78 77 76 76 76 76 76 76 76 75 76 77 77 77 77 77 77 77 78 78 79 79 79 78 79 80 80 80 79 79 80 80 80 80 80 80 80 80 81 80 80 80 80 80 80 80 80 80 80 81 81 81 81 81 81 81 81 81 81 82 82 82 82 82 82 81 80 80 81 81 81 81 81 81 81 82 82 82 81 81 82 82 82 83 82 83 82 82 82 82 82 82 82 82 82 82 82 82 82 81 81 81 80 80 80 80 79 79 79 80 79 80 79 79 79 79 79 79 79 78 78 79 78 78 78 78 78 78 78 79 79 79 79 80 80 80 81 82 83 82 83 83 83 84 83 83 84 83 83 83 83 83 83 83 82 82 81 81 81 81 81 81 81 81 81 81 81 81 82 81 81 81 81 81 80 80 80 80 81 81 81 81 81 81 81 81 80 80 80 81 81 81 81 81 80 81 81 81 81 83 83 83 83 83 83 83 83 83 83 83 83 84 84 84 84 84 84 84 84 84 84 84 84 84 84 84 84 84 84 84 84 85 85 85 85 85 85 85 85 85 85 85 86 86 85 86 86 86 85 87 88 88 88 88 88 88 88 88 88 88 88 88 88 88 88 89 89 89 89 89 89 89 89 89 89 89 89 89 89 89 89 89 89 89 89 89 89 89 89 90 90 89 90 90 90 89 89 89 89 90 89 89 89 89 89 90 89 89 89 89 89 90 90 91 91 91 92 92 93 93 93 93 93 93 93 93 94 94 94 93 93 92 92 92 93 93 93 93 93 94 93 93 93 93 92 93 93 93 94 94 94 95 94 94 94 94 94 95 95 95 95 95 95 95 96 96 96 95 95 96 97 97 97 96 96 97 98 98 98 99 99 99 99 99 99 99 99 100 79 79 79 78 78 77 77 77 77 78 77 77 76 77 77 76 76 76 77 76 76 76 77 77 78 78 78 78 78 78 79 80 79 78 78 79 80 80 80 80 80 80 80 80 80 80 80 80 81 81 80 80 80 80 80 80 80 80 80 81 81 81 81 81 81 81 81 81 81 81 81 82 82 82 82 82 81 81 81 82 82 82 82 82 81 82 82 82 81 81 81 81 81 82 82 82 82 82 82 82 83 82 82 82 82 83 83 82 82 81 81 81 81 81 80 79 79 79 79 80 80 80 79 80 79 79 80 79 79 78 78 78 78 78 78 78 78 79 79 79 79 80 80 80 80 80 80 81 83 83 83 83 83 84 84 84 84 84 84 84 83 83 83 82 83 82 82 82 81 81 81 82 82 81 81 82 81 81 81 81 80 80 80 80 80 81 80 81 81 81 81 81 81 81 81 80 80 81 81 81 81 82 81 81 81 81 81 81 82 83 83 83 83 83 83 84 83 83 83 83 83 84 84 84 84 84 84 84 84 84 84 84 84 84 84 84 84 84 84 85 84 85 85 85 85 85 85 85 85 86 85 85 85 86 86 86 86 86 86 88 88 88 88 88 88 88 88 88 88 88 88 88 88 88 88 89 89 89 89 89 89 89 89 89 89 89 89 89 89 89 89 89 89 89 89 89 89 89 89 89 89 89 90 90 90 89 90 90 91 90 90 90 89 89 89 90 91 90 90 89 90 90 89 90 91 91 91 91 92 92 92 92 93 93 93 93 93 93 93 92 92 92 92 92 93 93 93 93 93 93 93 93 93 93 93 93 93 93 93 93 94 94 94 93 94 94 94 95 95 95 95 95 95 95 95 95 95 95 96 96 96 97 98 97 97 97 98 98 99 99 100 100 99 99 99 99 99 99 79 78 78 78 78 78 78 77 77 76 77 77 76 77 77 77 76 75 75 76 76 77 77 78 78 78 79 79 80 79 79 79 78 79 79 79 80 80 80 80 80 80 80 80 81 80 80 80 80 80 80 80 80 81 81 81 81 81 81 81 81 81 81 81 81 81 81 81 81 82 82 82 82 82 82 82 81 82 82 82 82 81 82 82 81 81 81 81 81 81 82 83 83 83 82 82 83 83 83 82 83 83 83 83 82 82 80 80 80 81 81 80 80 80 79 80 79 79 79 79 79 79 79 79 79 79 79 79 78 78 78 78 78 79 79 79 79 80 80 79 80 79 80 80 81 82 83 83 83 83 83 83 84 84 84 84 84 83 82 82 82 82 82 82 82 81 81 82 82 82 82 82 82 81 81 81 81 80 81 81 81 80 80 80 80 81 81 81 82 81 80 80 81 80 81 81 82 81 81 81 81 81 81 81 81 81 83 83 83 83 83 83 84 83 83 83 83 83 84 84 84 84 84 84 84 84 84 84 84 84 84 84 84 84 84 84 85 85 85 85 85 85 85 85 85 86 86 86 85 85 86 86 86 86 86 86 88 88 88 88 88 88 88 88 88 88 88 88 88 88 88 88 88 89 89 89 89 89 89 89 89 89 89 89 89 89 89 89 89 89 89 89 89 89 89 89 89 89 89 89 89 89 89 90 90 90 90 90 90 89 89 89 90 90 90 90 90 89 90 89 89 90 91 91 91 91 91 92 92 92 92 92 92 92 93 93 93 92 92 92 92 92 93 93 93 93 93 93 93 93 93 93 93 93 92 92 93 94 94 94 93 94 94 94 95 94 95 94 95 95 95 95 94 95 95 96 96 96 97 98 98 98 98 98 99 99 98 98 99 98 98 98 99 100 100 100 79 78 78 78 78 78 77 77 77 77 77 77 78 78 77 76 77 76 76 75 76 77 77 77 78 80 80 80 80 80 80 79 79 79 80 80 80 80 80 80 81 81 81 81 81 81 81 81 81 81 81 81 81 81 80 81 81 81 81 81 81 81 81 81 81 81 81 81 82 82 82 82 82 82 82 81 82 82 82 82 82 82 82 81 81 81 81 81 81 82 82 83 83 82 83 83 83 83 82 83 83 84 83 82 81 80 80 80 81 81 81 81 80 80 79 79 78 78 79 79 79 79 79 79 79 79 79 78 78 78 79 79 79 79 79 80 80 79 79 79 79 80 80 81 81 82 83 83 83 83 83 84 84 84 84 83 83 82 82 82 82 82 82 82 81 82 83 83 82 82 82 82 82 81 82 81 81 81 82 81 81 80 80 81 81 81 81 82 81 81 80 81 80 81 81 82 81 81 81 81 81 81 81 81 82 83 83 83 83 83 83 83 83 83 83 83 84 84 84 84 84 84 84 84 84 84 84 84 84 85 84 84 84 84 84 85 85 85 85 85 85 85 85 85 85 85 86 86 85 86 86 86 86 86 85 87 88 88 88 88 88 88 88 88 88 88 88 88 88 88 88 88 89 89 89 89 89 89 89 89 89 89 89 89 89 89 89 89 89 89 89 89 89 89 89 89 89 89 89 89 89 89 89 89 90 90 90 90 90 90 90 90 90 90 90 90 89 89 89 89 89 90 90 91 91 92 91 91 91 92 92 92 92 92 93 93 93 92 93 93 92 93 92 92 92 92 92 93 93 93 93 93 93 93 92 92 93 93 94 93 94 94 95 94 94 94 94 94 94 94 94 95 95 96 96 96 97 97 97 97 98 98 98 98 98 98 98 98 98 98 98 99 100 100 100 100 80 80 79 78 78 78 78 77 77 77 77 77 78 78 78 77 78 78 78 77 76 76 76 77 77 78 79 80 80 81 81 81 80 80 80 80 80 80 81 80 81 81 80 80 80 80 81 81 81 81 81 81 81 81 81 81 81 81 81 81 81 82 82 82 82 82 81 81 81 82 82 82 81 82 82 82 82 82 82 82 82 82 82 82 81 81 80 81 81 81 81 81 82 82 83 83 83 84 84 83 83 83 83 83 83 82 80 80 80 80 80 81 80 80 80 79 79 79 79 79 79 79 79 79 79 79 79 79 79 78 79 79 79 80 80 79 79 79 79 79 80 80 80 81 81 82 82 82 83 83 83 83 84 84 84 85 84 84 83 82 82 82 82 82 82 82 82 82 82 82 81 81 81 82 82 82 82 82 82 82 81 81 80 80 81 81 80 81 81 82 81 81 81 81 81 81 81 81 81 81 81 81 82 81 82 82 83 83 83 83 83 83 83 84 83 83 84 84 84 84 84 84 84 84 84 84 84 84 84 84 84 84 84 85 84 84 85 85 85 85 85 85 85 85 85 86 85 85 86 86 85 86 86 86 86 85 87 88 88 88 88 88 88 88 88 88 88 88 88 88 88 88 88 89 89 89 89 89 89 89 89 89 89 89 89 89 89 89 90 89 89 89 89 89 89 89 89 89 89 89 89 89 89 89 89 89 90 90 90 91 91 90 90 90 91 91 90 90 90 90 89 89 89 90 90 91 91 91 92 92 92 92 92 92 93 93 93 93 93 93 92 92 92 92 92 92 92 92 93 93 93 93 93 93 94 93 93 92 93 93 93 94 94 94 94 94 93 94 94 94 95 95 96 96 96 96 97 97 97 96 96 97 97 98 98 98 98 98 97 98 98 99 100 100 100 99 99 80 80 80 80 79 78 78 78 77 78 78 78 78 79 78 78 78 78 78 78 78 78 76 76 78 78 79 79 80 81 81 81 81 81 80 81 81 81 80 80 80 80 80 80 80 80 81 81 81 81 81 81 81 80 81 81 81 82 82 82 82 81 81 81 82 82 82 82 82 82 82 81 81 81 81 81 82 82 82 82 82 82 82 82 82 81 80 81 82 82 82 81 81 82 82 83 83 83 83 83 83 83 83 83 82 82 81 80 80 80 80 80 81 80 80 80 79 79 79 79 79 79 79 79 79 79 79 79 79 79 79 79 79 79 80 79 79 79 80 80 80 80 80 80 80 81 82 82 82 82 83 83 84 84 84 84 85 84 83 83 83 82 82 82 82 82 82 82 82 82 82 82 82 81 81 81 82 81 82 81 82 82 81 81 81 81 81 81 81 81 81 82 82 81 81 82 82 82 82 82 81 81 82 82 82 82 82 83 83 83 84 83 83 83 84 84 84 84 84 84 84 84 84 84 84 84 84 84 84 84 84 84 85 84 85 85 84 85 85 85 85 85 85 85 85 85 86 86 85 85 85 85 86 86 86 86 85 87 87 88 88 88 88 88 88 88 88 88 88 88 88 88 88 88 89 89 89 89 89 89 89 89 89 89 89 89 89 89 89 89 90 89 89 89 89 89 89 89 89 89 89 89 89 89 89 90 90 90 90 90 90 90 91 91 90 90 91 91 90 90 90 90 90 90 90 90 90 91 91 91 92 92 91 92 92 93 93 92 93 93 92 92 92 92 92 92 92 92 92 92 93 93 93 93 93 93 94 93 93 93 93 93 93 94 93 93 93 93 94 95 94 94 95 95 95 95 96 97 97 97 96 96 97 98 98 98 98 98 97 97 98 98 99 99 99 99 98 98 80 80 80 80 80 79 79 78 78 79 79 79 79 78 78 79 79 79 79 78 78 77 77 76 77 78 79 79 80 80 81 81 81 81 81 81 82 81 81 80 80 80 80 80 81 81 81 81 81 81 81 81 81 81 81 81 81 82 82 82 82 82 82 82 82 82 82 82 82 82 82 82 82 82 81 81 82 82 82 82 82 82 82 82 82 81 80 81 81 81 82 82 81 81 81 82 83 83 83 83 83 83 83 82 82 81 81 80 80 79 80 80 80 81 81 80 80 79 79 79 79 79 79 79 79 79 79 79 79 79 79 79 79 79 79 79 80 80 80 80 81 80 80 80 80 81 81 82 82 82 83 83 83 84 84 84 84 84 83 83 82 82 82 82 82 82 82 82 82 82 81 81 82 82 82 81 81 81 81 81 82 82 82 81 81 81 82 81 81 81 82 82 82 82 82 82 82 82 82 82 81 81 82 82 82 82 82 83 83 83 83 83 83 83 84 84 84 84 84 84 84 84 84 84 84 84 84 84 84 84 84 84 84 85 85 85 85 85 85 85 85 85 85 85 85 85 85 85 86 86 86 86 85 86 86 86 86 88 88 88 88 88 88 88 88 88 88 88 88 88 88 88 88 88 88 89 89 89 89 89 89 89 89 89 89 89 89 89 89 89 89 89 89 89 89 88 89 89 90 90 90 89 89 89 89 89 90 90 90 91 90 90 90 91 91 91 91 91 91 91 91 90 90 90 90 90 90 91 91 91 91 91 91 92 92 92 92 92 92 93 92 92 92 92 92 92 92 92 92 92 93 93 93 93 93 93 94 93 93 93 93 93 93 93 93 93 93 94 95 95 94 94 94 94 95 95 96 96 96 96 95 96 97 97 98 98 98 98 97 97 98 98 98 99 99 98 97 98 98 80 80 80 80 80 79 79 79 79 79 79 78 78 78 79 79 79 79 78 78 77 77 78 78 79 79 79 79 80 80 81 81 81 81 82 82 82 81 80 80 80 80 80 81 81 81 82 81 81 81 81 81 81 81 81 81 82 82 82 82 82 82 82 82 82 82 82 82 82 82 82 82 82 82 82 82 82 82 82 82 82 82 82 82 81 80 81 81 81 82 82 81 81 82 82 82 83 83 83 83 82 82 82 81 81 81 80 80 80 80 80 80 80 81 81 80 80 79 79 79 79 79 79 79 79 79 79 79 79 79 79 80 79 79 79 79 79 80 80 80 80 80 80 80 81 81 81 82 82 82 83 83 84 84 85 85 84 83 82 82 81 81 82 82 82 82 82 82 82 81 81 81 82 82 82 82 82 82 81 81 81 82 82 82 82 82 81 81 81 82 82 83 82 82 82 81 82 82 81 81 82 82 82 82 82 82 83 83 83 83 83 84 84 84 84 84 84 84 84 84 84 84 84 84 84 84 84 84 84 84 84 84 84 85 85 85 85 85 85 85 85 85 85 85 85 85 85 85 85 86 86 86 86 86 86 86 88 88 88 88 88 88 88 88 88 88 88 88 88 88 88 88 88 88 88 89 89 89 89 89 89 89 89 89 89 89 89 89 89 89 89 89 89 89 88 89 89 89 90 90 90 90 89 89 89 89 90 90 90 90 90 91 91 91 91 91 91 91 91 91 91 91 90 90 90 90 90 90 91 91 91 91 91 91 91 92 91 92 92 92 91 92 92 92 92 92 93 92 92 92 93 93 93 93 93 93 93 93 93 93 93 93 93 93 93 94 94 95 95 95 95 94 94 94 95 95 95 95 96 95 95 96 97 97 98 98 98 97 97 97 98 98 99 98 98 98 97 98 98 98 80 80 80 80 80 80 79 79 79 79 79 79 79 79 78 78 78 78 78 77 77 79 79 79 78 79 79 79 79 80 81 81 81 82 82 82 81 81 81 81 81 81 81 82 82 82 82 81 82 82 82 82 81 81 81 82 82 82 82 82 82 82 82 82 82 82 82 82 82 82 82 82 82 82 82 82 82 82 82 82 83 82 82 81 81 80 81 81 81 81 81 81 82 82 82 82 83 82 81 82 81 81 81 81 81 80 80 80 80 80 80 80 80 80 80 80 79 79 79 79 79 79 79 79 79 79 79 79 79 80 80 79 79 79 79 79 80 80 80 79 80 80 80 80 81 81 82 82 82 83 83 83 83 84 84 84 83 82 81 81 82 81 81 81 82 82 82 82 82 82 81 81 81 82 82 81 81 82 81 81 81 81 82 82 82 82 82 82 82 83 82 82 82 82 81 81 82 81 81 82 82 82 82 82 82 83 83 83 83 83 84 84 84 84 84 84 84 84 84 84 84 84 84 84 84 84 84 84 84 84 84 84 84 85 85 85 85 85 85 85 85 85 85 85 85 85 85 85 85 86 86 85 85 86 86 88 88 88 88 88 88 88 88 88 88 88 88 89 89 88 88 88 88 88 89 89 89 89 89 89 89 89 89 89 89 89 89 89 89 89 89 89 89 89 88 88 89 89 90 90 90 90 90 90 89 89 90 90 90 91 91 91 90 91 91 91 91 91 91 91 91 91 91 91 90 90 90 90 91 91 91 91 91 91 91 91 91 91 91 91 92 92 91 92 92 93 93 92 92 92 92 93 93 93 93 93 93 93 93 93 93 93 93 93 93 94 94 94 95 95 94 94 94 94 95 95 95 95 95 95 96 96 97 97 98 98 97 97 97 98 98 99 98 98 97 97 97 98 98 81 81 81 81 80 80 80 79 79 80 80 79 79 78 78 78 78 78 78 78 78 78 78 79 79 79 79 79 79 80 81 81 81 81 81 81 81 82 81 81 81 81 82 82 82 82 82 82 82 82 82 82 81 81 81 82 82 82 82 82 82 82 82 82 82 82 82 82 82 82 82 82 83 82 82 82 82 82 83 82 82 82 82 81 81 81 81 81 82 82 82 81 82 82 82 82 82 82 81 81 81 81 81 81 81 80 80 80 80 80 81 81 80 80 80 79 79 80 79 79 79 79 79 79 79 79 79 79 79 80 80 79 79 79 79 79 80 80 79 79 80 80 80 80 80 81 81 82 82 82 82 82 83 83 83 83 83 83 82 82 82 82 82 81 81 82 82 81 81 81 81 81 81 81 81 81 81 81 81 81 81 81 82 82 81 82 82 82 83 83 83 82 82 82 81 81 82 82 82 82 82 82 82 82 82 83 83 83 83 84 84 84 84 84 84 84 84 84 84 84 84 84 84 84 84 84 84 84 84 84 84 84 84 84 84 85 85 85 85 85 85 85 85 85 85 85 85 85 85 85 85 86 86 86 86 88 88 88 88 88 88 88 88 88 88 88 88 88 88 88 89 89 88 88 89 89 89 89 89 89 89 89 89 89 89 89 89 89 90 90 90 89 90 89 89 88 89 89 89 90 90 90 90 90 90 89 89 90 90 90 91 90 90 90 90 91 91 91 90 90 91 91 91 91 91 90 90 90 91 91 91 91 91 91 91 91 91 91 91 92 92 92 92 91 92 92 92 92 92 92 93 92 93 93 93 93 93 93 93 93 93 93 94 94 94 94 94 94 95 94 94 94 94 94 95 95 95 95 95 95 95 96 96 96 97 97 98 97 97 97 98 98 99 99 98 97 97 98 98 99 81 81 81 80 80 80 80 80 79 78 78 78 78 78 78 79 79 78 78 78 79 79 78 79 80 80 80 80 81 81 80 81 81 82 82 82 81 81 81 82 82 82 82 82 82 82 82 82 82 82 81 81 82 82 82 82 82 82 82 82 82 82 82 82 82 82 82 82 82 82 82 83 83 83 83 82 82 83 83 82 82 82 81 81 81 81 81 82 81 82 82 82 82 82 81 81 81 81 81 81 81 81 80 80 80 80 80 81 81 80 80 80 79 79 79 80 80 80 79 79 79 79 79 79 79 80 80 80 79 79 79 79 79 80 80 79 80 80 80 80 80 81 81 81 81 81 81 81 82 82 82 82 82 82 83 82 82 82 82 81 82 82 82 82 82 81 81 82 82 81 81 81 81 81 81 82 81 81 81 81 81 82 82 82 82 82 83 82 82 82 82 82 82 81 81 82 82 82 82 82 82 82 83 83 83 83 83 83 83 84 84 84 84 84 84 84 84 84 84 84 84 84 84 84 84 84 84 84 84 84 84 84 85 85 85 85 85 85 85 85 85 85 85 85 85 85 85 85 85 86 86 86 88 88 88 88 88 88 88 88 88 88 88 88 88 88 88 88 88 88 88 89 89 89 89 88 88 88 88 89 89 89 89 89 89 89 90 90 90 89 89 89 88 88 89 89 89 89 89 90 90 91 90 90 90 90 90 90 90 91 91 91 90 90 90 91 91 91 91 91 91 90 90 90 90 90 91 91 91 91 91 91 91 91 91 91 92 92 91 91 91 92 92 92 92 92 92 92 92 92 92 93 93 93 93 93 93 93 93 93 93 94 95 95 95 95 94 94 94 94 94 94 94 95 95 95 95 96 95 95 95 96 97 98 97 97 97 98 98 98 98 98 97 97 98 98 99 99 81 80 80 80 80 79 78 78 78 78 78 78 78 79 78 78 79 78 78 79 79 79 79 80 80 81 81 80 81 82 82 81 81 81 81 81 82 82 82 82 82 82 82 82 82 82 82 82 82 82 82 82 82 82 83 82 82 83 82 82 82 82 82 82 82 83 83 83 83 83 83 83 83 83 83 83 83 82 82 82 81 81 81 81 81 81 81 82 82 82 82 81 81 81 81 81 81 81 81 80 80 80 80 80 80 80 81 80 80 80 79 79 80 79 80 80 79 79 79 79 80 80 80 80 80 80 80 79 79 79 79 79 80 80 80 80 80 80 81 81 81 80 81 82 82 82 82 82 82 82 82 82 83 83 82 82 82 82 82 82 82 82 81 81 82 82 81 81 82 82 81 82 83 82 81 81 81 81 81 81 81 82 82 82 82 82 82 82 82 82 82 82 82 81 81 82 82 82 82 83 83 83 83 83 84 84 84 83 84 84 84 84 84 84 84 84 84 84 84 84 84 84 84 84 84 84 84 84 84 84 85 85 84 85 85 84 85 85 85 85 85 85 85 85 85 85 85 86 86 88 88 88 88 88 88 88 88 88 88 88 88 88 88 88 89 89 89 88 89 89 89 88 88 88 88 89 89 89 89 89 89 90 90 90 90 90 90 90 89 89 89 89 89 89 89 89 89 90 90 91 90 90 90 90 90 90 90 90 90 90 91 90 90 91 91 91 91 90 90 90 90 90 90 90 91 91 91 91 91 91 91 91 91 91 91 91 91 91 92 92 92 92 92 92 92 92 92 93 93 93 93 93 93 93 93 93 93 93 94 94 94 95 95 94 95 95 95 95 95 94 94 95 95 96 95 95 95 95 96 97 98 97 97 97 97 98 98 98 98 97 97 98 98 98 98 80 80 79 78 78 79 78 79 79 79 79 78 78 79 79 78 79 79 79 79 79 80 80 80 81 81 82 82 82 81 81 81 81 82 82 82 82 82 82 82 82 82 82 82 82 82 82 83 82 82 82 82 82 82 82 82 82 82 82 82 82 82 83 83 83 83 83 83 83 83 83 83 83 83 82 82 81 81 81 81 81 81 81 81 82 82 82 82 82 81 81 81 81 81 81 81 80 80 80 80 80 80 80 80 81 80 80 80 79 79 79 79 80 80 79 79 79 80 80 80 80 80 80 80 80 80 79 79 79 79 80 80 80 80 80 80 80 80 81 81 81 81 81 82 82 81 81 81 81 82 82 83 82 82 82 81 81 82 82 81 82 82 82 82 82 82 82 82 83 82 82 81 81 82 81 81 81 81 82 81 81 81 82 82 82 82 82 82 82 82 82 82 82 82 82 82 83 83 83 83 84 83 83 83 83 83 83 83 84 84 84 84 84 84 84 84 84 84 84 84 84 84 84 84 84 84 84 84 84 84 84 84 84 84 84 84 84 84 85 85 85 85 85 85 85 85 88 88 88 88 88 88 88 88 88 88 88 88 88 88 88 89 89 89 89 89 88 88 88 88 89 89 89 89 90 90 90 90 90 90 90 90 90 90 90 89 89 89 89 89 89 89 90 89 90 90 91 90 90 90 90 90 90 90 90 90 90 90 91 90 90 91 91 92 91 90 90 90 90 90 90 90 91 91 91 91 91 91 91 91 91 91 91 91 91 91 92 91 91 91 91 91 92 92 92 92 93 93 93 93 93 93 93 93 93 94 94 94 95 95 95 95 95 96 95 95 95 94 94 94 94 95 95 95 96 96 97 98 97 97 97 97 97 98 98 98 97 97 97 97 98 98 99 99 80 80 79 79 79 79 79 79 79 79 78 78 78 78 78 78 78 79 79 80 80 80 81 81 81 81 82 81 81 81 81 82 82 82 82 82 82 82 82 82 82 82 82 82 82 82 82 82 82 82 82 82 82 82 83 83 82 83 83 83 82 83 83 83 83 83 83 83 83 83 83 83 83 83 82 82 82 81 81 81 81 81 82 82 82 82 82 82 82 82 82 81 81 81 81 80 80 80 80 80 80 80 80 80 81 80 80 80 80 79 79 79 79 79 79 79 79 79 80 80 80 80 80 80 80 80 80 79 79 79 80 80 80 80 81 81 81 81 81 82 81 82 81 81 81 81 81 82 82 82 83 82 82 82 81 81 81 82 82 82 83 83 82 83 83 82 82 82 82 82 81 82 82 82 82 80 80 81 81 81 81 81 81 82 82 82 82 82 82 82 82 82 82 82 82 83 83 83 84 83 83 83 83 84 83 83 83 83 84 84 84 84 84 84 84 84 84 84 84 84 84 84 84 84 84 84 84 84 84 84 84 84 84 84 84 85 85 85 85 85 85 85 85 85 86 88 88 88 88 88 88 88 88 88 88 88 88 89 89 88 88 88 89 89 89 88 89 89 89 89 89 89 89 89 90 90 90 90 90 90 90 90 89 89 89 89 89 89 89 89 89 89 90 90 90 90 91 91 90 90 90 90 90 90 90 90 90 90 90 90 90 91 91 92 91 90 90 90 90 90 90 91 91 91 91 91 91 91 91 91 91 91 91 91 91 91 91 92 92 92 91 91 91 91 92 92 93 93 93 93 93 93 93 93 93 94 94 94 94 94 95 95 95 95 96 96 95 95 94 94 94 95 95 95 96 96 97 97 98 97 96 97 97 98 97 97 97 98 98 98 99 99 99 99 99 80 79 80 79 79 79 79 79 79 78 79 80 80 80 79 78 79 79 80 80 81 82 81 81 81 81 82 82 82 82 82 82 82 82 82 82 82 82 82 83 83 82 82 82 82 82 82 82 82 82 82 82 82 82 82 82 83 83 83 83 83 83 83 83 83 83 83 83 83 83 83 83 83 83 83 82 81 81 81 81 81 82 82 82 82 82 82 83 82 82 82 82 81 81 80 80 80 80 80 80 80 80 80 81 81 81 81 80 79 79 79 80 80 79 79 80 80 80 80 80 80 81 81 80 80 79 79 79 79 80 80 81 81 81 81 81 81 82 81 81 82 82 81 81 81 82 82 82 82 82 82 82 82 81 81 81 82 82 82 82 83 83 83 82 82 82 82 83 82 81 82 82 82 82 81 81 81 81 80 81 81 81 81 81 81 82 82 82 82 82 82 82 82 82 84 84 84 84 83 83 83 83 84 84 83 83 83 83 83 83 83 83 84 84 84 84 84 84 84 84 84 84 84 84 84 84 84 84 85 84 84 84 84 85 85 85 85 85 85 85 85 85 85 85 87 88 88 88 88 88 88 88 88 88 88 88 88 88 88 89 89 89 89 89 89 88 89 89 89 89 89 89 89 89 90 90 90 89 89 89 89 89 89 89 89 89 89 89 90 89 89 89 90 90 90 90 92 92 92 91 91 90 90 90 90 90 90 90 90 90 91 91 92 92 91 91 90 90 90 90 91 91 91 91 91 91 91 91 91 91 91 91 91 92 92 92 92 92 92 92 92 92 92 92 92 92 92 93 93 93 93 93 93 94 94 94 94 94 94 94 94 94 95 95 96 96 96 96 95 95 94 94 94 95 96 96 97 98 98 97 96 97 98 97 97 98 98 99 99 99 98 99 99 99 99 81 80 79 79 79 79 79 79 78 78 79 80 81 79 79 78 79 80 80 81 81 82 81 81 81 81 81 82 82 82 83 83 82 82 82 82 83 83 83 83 82 82 82 82 83 83 83 82 83 83 83 83 83 83 83 83 83 83 83 83 83 83 83 83 83 83 83 83 83 83 83 83 83 83 83 82 81 81 81 81 81 81 81 82 82 82 83 83 83 82 82 82 82 81 81 80 80 81 81 81 80 80 80 80 81 81 80 80 80 79 80 80 80 80 79 80 80 80 81 81 81 80 80 80 80 80 80 79 79 80 80 80 80 80 81 81 81 81 81 81 81 82 81 81 81 81 81 81 82 82 82 83 82 82 81 81 82 82 82 82 83 83 83 82 82 82 82 82 82 82 82 82 83 82 81 81 81 82 81 80 80 80 81 81 82 82 82 82 82 82 82 82 82 82 83 84 83 83 83 84 84 84 84 84 84 83 83 83 83 84 84 84 84 84 84 84 84 84 84 84 85 85 84 84 84 85 85 85 85 85 84 84 85 85 85 85 85 85 85 85 85 85 85 85 87 87 88 88 88 88 88 88 88 88 88 88 88 88 88 88 89 89 89 89 89 89 88 88 88 89 89 89 89 89 89 89 89 89 89 89 89 89 89 90 90 89 89 89 90 90 90 90 90 90 90 90 90 92 92 92 92 91 90 90 90 90 90 90 90 90 91 91 92 92 91 91 90 90 90 90 90 91 91 91 91 91 91 91 91 91 92 92 92 92 92 92 93 93 94 94 93 93 92 92 92 92 92 92 93 93 93 93 93 94 94 94 94 94 95 95 94 94 95 95 95 95 95 96 96 96 96 95 95 94 95 95 96 97 98 97 96 97 98 97 97 98 98 99 98 98 98 99 99 99 98 99 99 99 99 99 99 81 80 80 80 79 79 79 79 79 79 79 80 80 79 79 78 79 80 80 80 80 80 80 80 80 81 81 81 81 82 83 83 82 82 82 83 83 83 83 83 83 83 83 83 83 83 83 83 83 83 83 83 83 83 83 83 83 83 83 83 83 83 83 83 83 83 83 83 83 83 83 83 83 83 83 82 82 82 82 81 81 81 81 82 82 82 82 82 82 81 82 82 82 82 81 81 81 81 81 81 81 80 80 80 80 81 80 80 80 79 80 80 80 80 80 80 80 80 81 81 80 80 80 80 80 80 80 79 79 79 79 80 80 80 80 81 82 81 81 81 81 81 81 81 82 82 82 82 82 82 83 83 82 81 81 82 82 82 83 83 83 84 83 83 83 82 82 82 81 82 83 83 82 82 82 81 81 82 82 82 81 81 81 81 81 81 82 82 82 82 82 82 82 82 83 83 83 83 84 84 84 84 84 84 84 84 83 83 84 84 84 84 84 84 84 84 84 84 84 84 84 85 85 84 85 85 85 85 85 85 85 85 85 85 85 85 85 85 85 85 85 85 85 85 87 87 87 87 88 88 88 88 88 88 88 88 88 88 88 88 88 88 89 89 89 89 89 89 88 89 89 89 89 89 89 89 89 89 89 89 89 89 90 90 90 90 89 90 90 90 90 90 90 90 90 90 90 90 90 91 91 92 91 91 91 90 91 90 90 90 90 91 91 92 92 91 90 90 90 90 90 91 91 92 91 91 91 91 91 91 92 92 92 92 93 93 93 93 94 94 94 94 94 93 93 93 93 93 93 93 93 93 93 94 94 94 94 94 95 95 95 94 95 95 95 95 95 95 96 96 96 96 96 96 95 95 96 97 97 97 97 96 97 97 97 98 98 98 98 97 98 99 99 99 98 98 98 99 98 98 99 99 99 81 81 80 80 80 79 80 79 79 79 79 78 78 78 79 79 80 80 80 80 80 80 80 81 81 81 81 81 82 82 83 83 83 83 83 83 83 83 83 83 83 83 83 83 83 83 84 84 84 84 83 83 83 83 83 83 83 83 83 83 83 83 83 84 83 83 83 83 83 83 83 83 83 83 83 83 83 82 81 81 81 81 81 82 82 82 82 81 81 82 82 82 81 81 80 81 81 81 80 81 80 80 81 81 81 80 80 80 80 80 80 80 80 80 80 81 81 81 80 80 80 80 80 80 79 79 79 79 79 79 79 80 80 81 81 81 81 81 80 80 81 81 82 82 83 82 82 82 83 83 83 82 81 82 82 82 82 83 83 83 82 83 83 83 82 82 81 82 82 83 83 82 82 81 81 82 82 82 82 81 81 81 81 81 81 82 82 82 82 82 82 82 83 83 84 84 84 84 84 83 83 83 84 84 83 83 83 83 84 84 84 84 84 84 84 84 84 84 84 84 85 84 85 85 85 86 85 85 85 85 84 84 84 85 85 85 85 85 85 85 85 85 87 87 87 88 88 88 88 88 88 88 88 88 88 88 88 88 88 88 89 89 89 89 89 89 89 89 89 89 89 89 89 89 89 89 89 89 89 89 90 90 90 89 89 89 90 90 90 90 90 90 90 90 90 90 90 91 91 91 92 93 93 92 91 90 90 90 90 91 92 93 93 92 91 90 90 90 90 91 91 91 92 91 91 91 91 91 92 92 92 93 93 93 94 94 93 93 93 94 94 94 94 94 94 94 94 93 93 93 93 94 94 94 94 94 94 95 95 95 96 95 95 95 95 95 95 96 96 96 96 96 95 95 96 96 97 97 97 97 97 97 97 97 98 98 98 97 98 99 98 98 98 97 98 98 98 99 99 99 100 100 100 81 80 80 79 79 79 79 79 79 79 79 80 81 81 81 81 81 81 82 82 81 81 81 82 82 82 83 83 83 83 83 83 83 83 83 83 83 83 84 83 83 84 84 84 84 84 83 83 83 83 83 83 83 83 83 83 83 83 84 83 83 83 83 83 83 83 84 83 83 83 83 83 83 83 83 82 81 81 80 80 81 82 82 81 81 81 81 81 81 81 80 80 81 81 80 80 80 80 81 81 81 80 80 80 80 80 81 80 81 81 81 81 81 80 80 80 80 80 80 79 80 80 80 80 79 79 80 80 80 80 81 81 80 81 81 82 82 82 82 82 82 81 82 82 82 82 83 82 82 82 82 83 83 83 83 83 82 82 83 84 83 82 82 82 83 83 83 82 81 81 81 82 82 83 82 82 82 81 81 82 81 81 81 81 82 82 82 82 83 84 84 84 84 84 83 83 83 83 83 83 83 83 83 83 84 84 84 84 84 84 85 85 84 84 84 84 84 84 85 85 86 85 85 85 85 84 85 85 84 85 85 85 85 85 86 85 85 85 87 87 87 87 88 88 88 88 88 88 88 88 88 88 88 88 88 89 89 89 89 89 89 89 89 89 89 89 89 89 89 89 89 89 90 89 89 89 90 90 90 90 90 89 89 89 89 89 90 90 90 90 90 90 90 91 91 90 91 93 94 94 93 92 91 91 91 91 92 93 94 93 91 90 90 90 90 91 91 91 92 92 92 92 92 92 92 92 92 93 93 93 93 93 93 93 93 93 93 93 93 94 94 94 94 94 94 93 93 93 94 94 94 94 94 94 95 95 96 96 95 96 96 95 96 96 95 95 95 95 95 95 95 96 96 97 97 97 97 96 97 98 98 98 98 97 98 99 99 98 97 97 97 97 98 99 99 99 99 100 82 81 81 80 80 80 80 80 79 80 80 81 81 81 81 81 81 81 81 81 82 82 82 82 83 83 84 83 83 83 83 83 83 83 83 84 84 84 83 84 84 84 84 84 84 83 83 83 83 83 83 83 83 83 83 83 83 83 83 83 83 83 84 84 83 83 83 83 83 83 83 83 83 83 83 82 81 80 80 80 81 81 81 80 80 81 80 80 80 80 81 81 81 81 81 81 80 80 80 80 80 80 80 80 81 81 80 81 81 81 81 80 80 80 80 80 80 80 80 80 80 80 79 79 79 80 80 80 81 81 80 81 82 82 81 81 81 81 81 82 82 82 82 83 83 82 82 82 82 82 82 82 82 82 82 82 82 83 83 82 82 81 82 83 83 82 82 81 81 82 82 83 82 82 82 82 81 82 82 81 81 81 81 81 82 82 83 83 83 83 83 83 83 84 83 83 83 83 83 83 83 83 84 84 84 84 84 84 85 84 84 84 84 84 84 84 85 85 85 85 85 85 85 85 85 85 84 84 85 86 86 86 86 86 85 85 87 87 87 87 88 88 88 88 88 88 88 88 88 88 88 88 89 89 89 89 89 89 89 89 89 89 89 89 89 89 89 89 89 89 89 89 89 89 90 90 90 90 90 90 90 89 89 89 89 90 90 90 90 90 90 90 91 90 91 91 93 94 94 94 94 93 92 91 93 94 94 93 92 92 91 90 90 90 91 91 91 92 93 93 93 93 93 93 93 93 93 93 93 93 93 93 93 93 93 93 93 93 93 93 93 94 94 94 94 94 94 94 94 94 94 94 94 94 95 95 95 96 96 96 96 96 96 95 95 95 95 95 95 95 95 96 96 97 96 97 98 98 98 97 97 98 98 98 99 99 97 97 97 97 98 98 98 99 99 80 81 80 80 80 80 80 80 81 81 81 81 82 82 82 82 82 83 83 84 84 84 83 83 83 84 83 83 84 84 84 84 84 84 84 84 84 84 83 83 83 83 83 83 83 83 84 83 83 83 83 83 83 84 84 83 83 83 83 83 83 84 83 83 83 83 83 83 83 82 82 81 80 80 80 80 80 80 80 80 80 80 80 80 81 81 81 81 81 81 80 80 80 80 80 80 80 80 81 81 80 81 81 81 81 81 80 80 80 80 80 80 81 81 80 80 79 79 79 80 80 81 80 80 81 81 81 81 81 81 82 82 82 82 82 83 83 83 82 83 83 83 82 82 82 82 83 83 83 82 82 82 82 82 82 82 83 83 83 82 82 81 81 82 83 83 82 82 82 81 82 82 81 82 81 81 81 81 81 83 83 83 83 83 83 83 83 83 83 83 83 83 83 84 83 83 84 84 85 85 84 84 84 84 84 84 84 84 85 85 85 85 85 86 86 85 85 85 85 85 84 85 86 86 86 86 85 85 86 87 87 87 87 88 88 88 88 88 88 88 88 88 88 88 88 89 89 88 89 89 89 89 89 89 89 89 89 89 89 89 89 89 89 90 90 90 90 90 89 90 90 90 90 89 89 90 90 89 90 90 90 90 90 90 90 90 90 90 90 91 92 94 94 94 94 94 93 94 94 94 94 93 93 92 91 90 90 91 91 91 92 93 93 93 93 94 93 93 93 93 93 93 93 93 93 93 93 93 93 93 93 93 93 93 93 94 94 94 94 94 94 94 94 94 94 94 94 94 95 95 95 95 96 96 96 96 96 96 95 95 95 95 95 95 95 95 96 96 96 97 97 97 97 97 98 98 98 98 98 98 97 97 97 97 98 98 99 99 80 81 81 80 81 81 81 82 82 82 83 83 82 82 83 83 83 83 83 83 83 84 84 84 84 84 84 84 84 84 84 84 84 84 84 84 83 83 83 84 83 84 84 84 83 83 83 83 83 83 83 83 83 83 84 84 83 83 83 83 83 83 83 83 83 83 83 83 82 82 81 81 82 82 81 80 79 79 80 80 80 80 81 81 81 81 81 80 80 80 80 80 80 80 80 80 81 81 81 81 81 81 81 80 81 81 80 80 80 81 80 80 79 79 80 80 80 80 80 80 81 81 81 81 81 81 82 82 82 82 82 82 83 83 83 83 83 83 83 82 83 82 83 83 83 82 82 82 83 83 82 82 82 82 82 83 83 82 82 81 82 83 83 83 83 82 82 82 82 82 81 81 82 81 81 81 82 83 83 83 83 83 83 83 83 83 83 83 83 83 84 84 84 84 84 84 85 84 84 84 84 84 84 85 85 85 85 84 85 85 85 86 86 85 86 85 85 85 85 86 86 86 86 86 86 86 87 87 87 87 88 88 88 88 88 88 88 88 88 88 88 89 88 88 88 89 89 89 89 89 89 89 89 89 89 89 89 89 89 89 89 90 90 90 90 90 90 90 90 90 90 90 90 90 90 90 90 90 90 90 90 90 90 90 90 90 90 91 92 94 94 94 94 94 94 94 94 94 94 94 93 92 91 90 90 91 91 91 92 93 93 93 93 94 94 93 93 93 93 93 93 93 93 93 93 93 93 93 93 94 94 94 94 94 94 94 94 94 94 94 94 94 94 94 94 95 95 95 95 95 95 96 96 96 97 96 96 96 95 95 95 95 95 95 95 96 96 96 97 97 97 97 98 98 98 98 97 97 98 97 98 98 98 98 98 99 80 81 81 81 82 81 81 82 83 83 83 83 82 82 83 83 83 83 83 83 84 84 84 84 84 84 84 84 84 84 84 84 84 84 84 84 84 84 84 84 84 84 84 84 84 84 84 83 83 83 83 83 83 83 84 83 83 83 83 83 83 83 83 83 83 83 83 83 83 83 83 82 82 82 82 81 80 80 80 80 80 80 80 81 81 81 81 80 80 80 81 81 80 80 81 80 81 81 81 81 81 81 81 81 81 81 81 80 81 81 80 80 80 80 80 80 80 80 80 81 81 82 81 81 81 81 82 82 82 81 82 82 82 83 83 83 84 84 83 83 82 82 83 83 83 83 83 83 83 83 82 82 81 82 83 83 83 83 82 82 83 84 83 83 82 82 82 82 82 82 82 82 82 81 81 81 82 82 83 83 83 83 83 83 83 83 83 83 83 83 84 84 84 84 84 84 85 84 84 84 84 84 85 85 85 84 84 84 84 85 85 85 86 86 86 86 85 85 85 86 86 86 86 86 86 86 87 87 87 87 88 88 88 88 88 88 88 88 88 88 88 88 88 88 88 89 89 89 89 89 89 89 89 89 89 89 89 89 89 89 89 89 89 90 90 90 90 90 91 91 90 90 90 90 90 90 90 90 90 90 90 90 90 90 90 90 90 91 91 93 94 94 94 94 94 94 94 94 94 93 93 92 92 91 90 91 91 91 92 92 92 93 93 93 93 93 93 93 93 93 93 93 93 93 93 93 93 93 93 94 94 94 94 94 94 94 94 94 94 94 94 94 94 94 94 94 94 95 95 95 96 96 96 96 96 96 97 97 96 96 97 97 97 96 96 96 96 96 96 96 97 97 97 97 97 98 96 97 97 97 97 97 97 98 98 79 80 81 82 82 82 82 82 82 82 83 83 83 82 82 83 83 83 83 84 84 84 84 84 84 84 84 84 84 84 84 84 84 84 84 84 84 84 84 84 84 84 84 84 84 84 84 84 83 83 83 83 83 83 83 83 83 83 83 83 83 83 83 84 83 83 83 83 83 83 83 83 82 82 82 81 81 81 80 80 80 80 80 80 80 80 80 80 80 80 81 81 81 80 81 81 81 81 81 81 81 81 82 82 81 82 82 81 81 81 81 81 81 80 80 80 80 79 80 80 80 81 80 81 81 81 81 81 81 81 81 82 82 82 83 82 82 83 84 84 84 83 83 84 83 83 84 84 84 84 83 83 82 82 82 82 83 84 83 83 83 83 83 84 83 83 82 82 82 82 82 82 82 82 82 81 81 82 82 82 83 82 83 83 83 83 83 83 83 83 83 84 83 84 84 84 84 85 85 85 84 84 84 84 84 84 84 84 85 84 84 85 85 86 86 85 85 86 86 86 86 86 86 86 86 86 85 87 87 87 87 88 88 88 88 88 88 88 88 88 88 88 88 88 88 88 89 89 89 89 89 89 89 89 89 89 89 89 89 89 89 89 89 89 89 89 90 90 90 90 90 91 91 90 90 90 90 90 90 90 90 90 90 90 90 90 90 90 90 91 93 93 94 94 94 94 94 94 94 94 93 93 92 92 92 92 91 91 92 92 92 92 92 93 93 93 93 93 93 93 93 93 93 93 93 93 93 93 93 93 93 94 94 94 94 94 94 94 94 94 94 94 94 94 94 94 94 94 94 94 95 96 96 96 96 96 96 96 96 96 96 96 97 97 97 97 97 96 96 96 96 97 97 97 97 97 98 97 97 97 97 97 97 98 98 98 81 81 81 81 81 82 82 83 83 83 83 83 82 82 83 83 84 84 84 84 84 84 84 84 84 84 84 84 84 84 84 84 84 84 84 84 84 84 84 84 84 84 84 84 84 84 84 84 83 83 83 83 83 83 83 83 83 83 83 83 84 83 83 83 83 83 83 83 83 83 82 82 82 81 81 81 80 80 80 80 80 81 80 80 80 81 81 80 80 80 81 81 81 81 81 81 81 81 81 82 81 82 82 82 82 82 81 81 81 81 81 81 81 81 81 80 80 80 80 80 80 81 81 80 81 81 81 81 81 81 82 82 82 82 82 83 83 84 84 84 84 84 85 84 84 83 83 84 84 84 83 82 83 83 83 84 84 84 83 83 83 83 83 83 83 83 82 82 82 82 82 82 82 81 82 82 83 82 83 83 82 83 83 83 83 83 84 84 83 83 83 83 83 84 84 84 84 84 84 84 84 84 84 84 84 85 85 85 85 85 85 85 86 85 85 85 85 85 85 86 86 86 86 86 86 86 87 88 88 88 88 88 88 88 88 88 88 88 88 88 88 88 88 88 88 89 89 89 89 89 89 89 89 89 89 89 89 89 89 89 89 89 89 89 89 89 90 90 90 90 91 91 91 91 91 90 90 90 90 90 90 90 90 90 91 90 90 90 91 91 92 93 93 93 94 94 94 94 94 94 93 92 92 91 91 91 91 92 92 92 92 92 93 93 93 93 93 93 93 93 93 93 93 93 93 93 93 93 93 93 93 93 94 94 94 94 94 94 94 94 94 95 94 94 94 94 94 94 94 95 95 95 95 96 96 96 96 96 96 96 96 96 96 96 97 97 97 97 96 96 96 97 97 97 97 97 97 97 97 98 98 98 97 98 98 81 81 81 82 82 83 83 83 83 83 83 82 83 83 83 83 83 83 84 84 84 84 84 84 84 84 84 84 84 84 84 84 84 84 84 84 84 84 84 84 84 84 84 84 84 84 83 83 83 83 83 83 83 83 83 83 83 83 84 83 83 83 83 83 83 83 83 83 82 81 81 81 81 81 80 81 81 81 80 81 81 80 81 80 81 81 81 80 80 81 81 81 81 81 81 81 81 81 82 82 82 82 82 82 82 82 81 82 82 82 82 82 81 81 80 80 80 80 80 80 80 81 81 82 81 81 81 81 82 82 82 82 82 83 84 84 84 83 84 84 85 84 83 83 83 83 83 84 84 83 83 84 83 84 83 83 84 84 83 83 83 83 83 82 82 82 82 82 81 81 81 81 81 81 82 82 83 83 82 82 83 83 83 83 84 83 83 83 83 83 84 84 84 84 84 84 84 84 84 84 85 84 84 84 84 85 85 86 86 85 85 85 85 85 85 85 85 85 85 85 86 85 85 86 87 87 88 88 88 88 88 88 88 88 88 88 88 88 88 88 88 88 88 88 88 88 88 89 89 89 89 89 89 89 89 89 89 89 89 89 89 89 89 90 89 89 90 90 90 90 91 91 91 91 91 90 90 90 90 90 90 90 91 90 90 90 91 91 91 91 91 92 93 94 94 94 94 94 94 93 92 92 91 91 91 91 92 93 93 93 92 92 93 93 93 93 93 93 94 93 93 93 93 94 93 93 93 93 93 93 93 93 93 94 94 94 94 94 94 94 95 95 95 94 94 94 94 94 95 95 95 95 95 96 96 96 96 96 96 96 96 96 96 97 97 98 97 96 96 96 97 97 97 97 96 97 97 97 97 97 97 98 82 82 83 83 83 83 83 83 83 83 83 83 84 84 84 84 84 84 84 84 84 84 84 84 84 84 84 84 84 84 84 84 84 84 84 84 84 84 84 85 84 84 84 84 84 83 83 83 83 83 83 83 83 83 83 83 83 83 84 84 84 83 83 83 82 81 81 81 82 82 81 81 82 81 81 81 81 81 80 81 81 81 81 81 81 81 80 81 81 81 81 81 81 81 81 82 82 82 82 82 82 82 81 82 82 82 82 82 82 81 81 80 80 80 80 80 81 81 81 81 81 81 82 82 82 81 82 82 83 83 84 84 84 83 84 84 85 85 84 84 84 83 83 83 83 84 84 84 84 84 83 83 84 84 84 84 84 84 83 83 82 82 82 82 82 82 82 82 82 82 83 82 83 83 83 82 82 83 84 84 84 84 84 84 84 83 83 83 84 84 84 85 84 84 84 85 85 84 84 84 84 84 85 85 85 85 85 85 85 85 85 85 85 86 85 85 85 86 85 85 87 87 87 88 88 88 88 88 88 88 88 88 88 88 88 88 88 88 88 88 88 88 88 89 89 89 89 89 89 89 89 89 89 89 89 89 89 89 89 89 89 90 90 90 90 90 90 91 91 91 91 91 91 90 90 90 90 90 90 90 91 91 91 90 91 91 91 91 92 93 94 94 94 94 94 93 93 92 92 92 91 91 92 92 92 92 92 92 92 93 93 93 93 93 93 94 94 93 93 94 93 93 93 93 93 94 93 93 93 93 93 94 94 94 94 94 94 95 95 95 94 94 94 94 94 95 95 95 96 96 96 96 96 96 95 95 95 96 96 96 96 97 97 97 97 97 97 97 97 97 96 97 97 96 97 97 97 97 82 82 83 83 83 83 83 83 83 83 84 84 84 84 84 84 84 85 85 85 84 84 84 84 85 85 85 85 85 85 85 85 84 84 84 85 85 84 84 84 84 84 84 83 83 83 83 83 84 84 84 84 84 84 84 84 84 84 84 83 83 82 82 82 82 82 81 81 82 81 81 80 80 80 81 81 81 81 81 81 81 81 81 81 81 81 81 81 81 82 81 81 82 82 82 82 81 81 81 81 81 81 81 82 82 82 82 81 80 80 80 80 80 81 81 81 81 82 82 82 81 82 82 83 83 83 83 83 83 83 84 84 85 85 85 85 85 84 83 83 83 84 84 84 84 83 83 83 83 84 83 83 84 84 83 83 83 82 82 82 82 82 82 82 82 82 83 83 83 84 83 83 82 83 84 84 84 84 84 84 84 83 83 83 83 84 84 84 84 84 85 85 85 84 85 84 85 85 85 85 85 85 85 85 85 85 85 85 85 85 85 85 85 86 86 86 87 87 87 88 88 88 88 88 88 88 88 88 88 88 88 88 88 88 88 88 88 88 88 89 89 89 89 89 89 89 89 89 89 89 89 89 89 89 89 89 89 90 90 90 90 90 90 90 90 91 91 91 91 90 90 90 90 90 90 91 91 91 91 90 90 91 91 91 91 91 92 93 94 94 94 93 93 92 92 92 92 92 92 92 92 92 92 92 92 92 93 93 93 93 93 94 94 93 94 94 94 93 93 93 93 94 94 94 94 94 93 94 94 94 94 94 94 94 95 95 95 94 94 94 94 95 95 95 95 96 96 96 96 96 96 96 95 95 95 95 96 96 97 97 98 98 97 97 97 97 96 96 97 97 97 97 82 83 83 83 83 84 84 84 84 85 85 85 85 85 85 85 85 85 85 85 85 85 85 85 85 85 85 84 85 85 85 84 84 84 84 84 84 84 83 83 84 83 83 83 83 83 83 83 84 84 84 84 84 83 82 82 82 82 83 81 81 81 81 81 81 81 81 81 81 81 81 81 81 81 81 81 81 81 81 81 81 81 81 82 81 82 82 82 82 82 82 82 82 82 81 81 81 82 82 82 81 81 81 80 80 80 81 81 81 81 81 81 82 82 82 83 83 82 83 82 82 83 83 84 84 84 85 84 84 85 84 83 83 83 84 84 83 84 84 83 83 83 83 83 83 84 84 83 83 82 82 82 82 83 83 82 82 82 82 83 83 83 84 83 83 83 83 84 84 84 84 84 84 84 84 84 83 83 83 84 84 84 84 84 85 85 84 85 85 85 85 85 85 85 85 85 85 85 85 85 85 85 85 85 85 85 86 86 86 88 88 88 88 88 88 88 88 88 88 88 88 88 88 88 88 88 88 88 88 88 88 89 89 89 89 89 89 89 89 89 89 89 89 89 89 89 89 89 89 89 89 89 89 90 90 90 90 90 90 91 91 91 91 91 91 91 90 91 91 91 91 91 91 91 91 91 91 91 91 91 92 92 93 93 93 93 92 92 92 92 92 92 92 92 92 92 92 93 93 93 93 93 93 93 94 94 93 94 94 94 94 94 93 93 93 94 94 94 94 94 93 94 94 94 94 94 94 94 95 95 94 94 94 94 95 95 95 96 96 96 96 96 96 96 96 95 95 95 95 95 95 96 96 97 97 98 98 97 97 96 96 97 97 97 84 84 84 85 85 85 84 85 85 85 85 85 85 85 85 85 85 85 85 85 85 85 85 85 85 85 85 84 84 84 84 84 84 84 83 83 83 84 83 83 84 83 83 83 83 83 83 83 82 82 82 83 82 81 81 81 81 81 81 81 80 81 81 81 81 81 81 82 82 81 81 82 81 81 81 82 82 82 82 82 82 82 82 82 82 82 82 82 82 81 81 81 81 81 81 81 81 81 81 80 81 81 81 81 81 81 81 82 82 82 82 82 82 83 83 84 84 84 84 84 84 84 84 85 84 83 83 83 83 84 83 84 84 84 84 83 83 83 83 84 84 83 83 83 82 82 83 83 82 83 83 82 82 83 83 84 84 84 83 83 83 83 83 83 83 84 84 84 84 84 84 83 83 84 84 84 84 84 84 84 84 84 85 84 85 85 85 85 85 85 85 85 85 85 85 85 85 85 85 85 85 86 86 88 88 88 88 88 88 88 88 88 88 88 88 88 88 88 88 88 88 88 88 89 89 89 89 89 89 89 89 89 89 89 89 89 89 89 89 89 89 89 89 89 89 89 89 89 90 90 90 90 90 90 90 91 91 91 91 91 91 91 91 91 91 91 91 91 91 91 91 91 91 91 91 91 92 92 92 93 92 92 92 92 92 92 92 92 92 92 92 92 93 93 93 93 93 93 94 94 93 93 93 94 93 93 93 93 94 94 94 94 94 94 94 93 94 94 94 94 94 94 94 94 94 95 95 95 95 95 95 96 96 96 96 96 96 96 95 95 96 96 96 96 96 96 96 96 96 97 97 97 97 96 96 84 84 85 85 85 85 84 85 85 85 85 85 85 85 85 85 85 85 85 85 85 85 85 85 85 84 84 84 84 85 84 84 84 84 84 84 84 84 84 84 84 84 83 83 83 83 83 83 83 83 82 82 82 82 82 82 82 81 81 80 81 82 81 81 81 81 81 81 81 81 81 81 81 82 82 82 82 83 83 83 83 82 82 82 82 82 82 82 81 82 81 81 81 81 81 81 81 81 81 81 81 81 81 81 81 81 81 81 82 82 83 83 83 84 84 84 84 84 83 84 84 84 85 84 83 83 83 83 83 83 83 83 84 84 84 84 83 83 84 84 83 83 82 82 82 82 83 82 82 83 82 82 83 83 84 84 83 83 83 83 83 84 84 84 84 84 85 85 85 85 84 84 84 83 84 84 84 84 84 84 84 84 84 84 84 84 85 85 85 85 85 85 85 85 85 85 85 85 85 85 85 85 88 88 88 88 88 88 88 88 88 88 88 88 88 88 88 88 88 88 88 89 89 89 89 89 89 89 89 89 89 89 89 89 89 89 89 89 89 89 89 89 89 89 89 89 90 90 90 90 90 90 90 90 90 91 91 91 91 91 91 91 91 91 91 91 91 91 91 91 91 91 91 91 91 91 92 92 92 92 93 92 92 92 92 91 92 92 92 92 92 92 93 93 93 93 93 93 93 93 93 93 93 93 93 93 93 93 93 93 94 94 94 94 94 94 94 94 94 94 94 94 94 94 94 95 95 95 95 95 95 96 96 96 96 96 96 95 95 96 96 96 96 96 96 96 96 96 96 96 97 97 84 84 85 85 85 85 85 85 85 85 85 85 85 85 85 85 85 85 85 85 85 85 85 85 85 85 84 84 84 84 84 84 84 84 85 84 84 84 84 84 84 84 84 83 83 83 83 83 83 82 82 82 82 82 82 82 82 81 81 81 81 82 82 82 82 81 81 81 82 82 82 82 82 82 82 82 83 83 83 83 83 83 83 82 82 82 82 82 81 81 82 81 81 81 81 81 81 81 81 81 81 81 81 81 82 82 82 82 83 83 83 83 83 84 84 84 84 83 83 84 84 85 85 84 84 83 83 83 84 83 83 83 84 84 84 84 83 83 84 84 83 83 83 82 82 82 82 82 82 82 82 82 83 83 84 84 83 83 83 83 83 83 84 84 84 85 84 85 85 85 85 85 84 84 84 84 84 84 84 84 84 84 84 84 84 84 84 85 85 85 85 85 85 85 85 85 85 85 85 85 85 85 87 87 88 88 88 88 88 88 88 88 88 88 88 88 88 88 88 88 88 89 89 89 89 89 89 88 89 89 89 89 89 89 89 89 89 89 89 89 89 89 89 89 89 90 90 90 90 90 90 90 90 90 90 91 91 91 91 91 91 91 91 91 91 90 91 91 91 91 91 91 91 91 91 92 92 91 92 92 92 92 93 93 92 92 92 92 92 92 92 92 93 92 92 93 93 93 93 94 94 94 94 94 94 94 93 93 93 93 94 94 94 94 94 93 94 94 94 94 94 94 94 94 94 94 95 95 95 95 95 95 95 96 96 96 96 96 96 96 96 96 96 96 96 96 96 96 96 96 96 96 85 85 85 85 85 85 85 85 85 85 85 85 85 85 85 85 85 85 85 85 85 85 85 85 85 84 84 84 84 84 85 85 84 84 84 84 84 85 84 84 84 84 83 83 83 83 83 83 82 82 82 82 82 82 81 81 81 82 81 81 81 81 82 82 82 82 82 82 83 83 82 83 83 83 83 83 83 83 83 83 83 83 83 82 82 83 83 82 82 81 81 81 81 81 81 82 81 81 81 81 81 81 81 82 82 83 83 83 83 83 83 84 83 84 84 83 84 84 84 84 84 84 85 84 84 83 84 84 84 84 83 83 83 83 84 83 83 84 84 84 83 82 82 82 83 83 82 82 82 82 82 83 83 84 84 83 83 84 83 83 83 84 84 84 85 85 85 85 85 85 85 85 85 84 85 85 85 85 84 84 84 84 84 84 84 84 84 84 85 85 85 85 85 85 85 85 85 85 85 85 85 87 87 87 88 88 88 88 88 88 88 88 88 88 88 88 88 88 88 88 89 89 89 89 89 89 89 89 89 89 89 89 89 89 89 89 89 89 89 89 89 89 89 90 90 90 90 90 90 90 90 90 90 90 90 91 91 91 91 91 90 90 91 91 90 90 90 91 91 91 91 91 92 92 91 91 91 91 91 92 92 92 93 92 92 92 93 92 92 92 92 92 92 92 93 93 93 94 94 94 94 94 94 94 94 94 93 93 93 93 94 94 94 94 93 94 94 94 94 94 94 94 94 94 94 94 95 95 95 95 95 95 96 96 96 96 96 96 96 96 96 96 96 96 96 96 96 96 96 96 85 85 85 85 85 85 85 85 85 85 85 85 85 85 85 85 85 85 85 85 85 85 85 85 85 84 85 84 84 84 84 84 84 84 84 84 84 84 84 84 84 84 84 84 83 83 82 82 83 83 83 82 82 82 81 81 81 81 81 81 82 82 82 82 82 82 82 83 82 83 83 83 83 83 83 82 83 83 83 83 83 83 83 83 82 82 82 82 82 82 81 81 81 81 81 81 81 80 81 81 81 81 81 81 82 82 83 82 83 83 84 83 84 84 84 84 83 84 84 84 83 84 84 84 84 84 83 83 83 83 83 83 83 83 83 83 84 84 84 84 83 83 83 82 83 83 83 82 82 82 82 83 84 84 84 83 84 84 84 83 83 84 84 84 84 84 84 84 84 84 85 85 85 85 85 85 85 85 85 84 84 85 85 85 85 85 84 85 85 84 85 85 85 85 85 85 85 85 85 85 85 87 87 87 87 88 88 88 88 88 88 88 88 88 88 88 88 88 88 88 88 89 89 89 89 89 89 89 89 89 89 88 89 89 89 89 89 89 89 89 89 89 89 89 90 89 90 90 90 90 90 90 90 90 91 91 91 91 91 91 91 90 90 90 90 90 90 90 91 91 91 91 92 91 91 91 91 91 91 91 92 91 92 92 92 92 92 92 92 92 92 92 92 92 92 92 93 93 93 94 94 94 94 94 94 94 94 94 93 93 93 94 95 94 93 93 94 94 94 94 94 94 94 94 94 94 94 94 95 95 95 95 95 96 96 96 96 96 96 96 96 96 96 96 96 96 96 96 96 96 86 86 85 85 85 85 85 85 85 85 85 85 85 85 85 85 85 85 85 85 85 85 85 85 85 84 84 84 84 84 84 84 84 84 84 84 84 84 84 84 84 84 83 83 83 82 82 83 83 83 82 82 81 81 81 81 81 82 82 83 83 82 82 83 83 83 82 82 83 83 82 83 83 83 83 83 83 83 83 83 83 83 83 83 82 82 82 81 82 82 81 81 81 81 80 80 80 81 81 81 81 82 82 82 82 82 83 83 83 83 83 84 84 83 83 84 84 83 84 85 84 84 84 84 83 83 83 83 83 84 84 84 84 83 83 84 83 84 83 83 83 83 83 83 83 83 82 82 82 83 84 84 84 84 84 84 83 83 83 83 84 84 84 84 84 84 84 84 84 84 85 85 85 85 85 85 85 85 85 85 85 85 84 84 85 85 84 84 84 84 85 85 85 85 85 85 85 85 85 87 87 87 87 87 88 88 88 88 88 88 88 88 88 88 88 88 88 88 88 89 89 89 89 89 89 89 89 89 88 88 89 89 89 89 89 89 89 89 89 89 89 89 89 89 89 89 90 90 89 90 90 90 90 91 91 91 91 91 91 91 91 91 90 90 90 90 91 91 91 91 91 91 91 91 91 92 91 91 91 91 91 91 92 92 92 92 92 92 92 92 92 92 92 92 93 93 93 93 94 94 94 94 94 94 94 94 94 93 93 94 95 95 94 94 93 94 94 94 94 94 94 94 94 94 94 95 95 95 95 95 95 95 95 96 95 95 95 95 95 96 96 96 96 96 96 96 96 86 85 85 85 85 85 86 85 85 85 85 85 85 85 85 85 85 85 85 85 85 85 85 84 84 84 84 84 84 84 84 84 84 84 84 84 84 84 84 84 84 84 84 83 82 82 82 83 82 82 82 81 82 81 81 81 81 82 82 82 82 82 82 82 82 82 82 82 82 82 83 83 83 83 83 83 82 82 82 82 83 82 83 83 82 82 82 81 82 82 81 81 81 81 80 80 81 81 81 81 81 81 81 82 82 82 82 82 83 84 83 83 83 83 84 83 83 84 84 85 84 84 84 83 83 83 83 83 83 83 84 83 83 83 83 83 84 83 83 83 83 83 83 84 84 83 83 82 84 84 84 84 84 84 84 83 83 84 83 83 83 84 84 84 84 84 84 84 84 84 84 84 85 85 85 86 85 85 84 84 84 84 84 84 84 84 84 84 85 85 85 85 85 85 85 85 85 85 87 87 87 87 87 87 87 88 88 88 88 88 88 88 88 88 88 88 88 88 89 89 89 89 89 89 89 89 89 88 89 89 89 89 89 89 89 89 89 89 89 89 89 89 89 90 90 90 90 90 90 90 90 91 91 91 91 91 91 91 91 91 91 90 90 90 90 91 91 91 91 91 91 91 91 91 91 91 91 91 92 92 91 91 92 92 92 92 92 92 92 92 92 93 93 92 92 93 93 93 94 94 94 94 94 94 94 94 94 93 93 94 94 94 94 94 94 94 94 94 94 95 95 94 94 94 94 94 95 95 95 95 95 95 95 95 95 95 95 95 96 96 96 96 96 96 96 97 86 85 86 86 86 85 85 85 85 85 85 85 85 85 85 85 85 85 85 85 85 84 84 84 85 85 84 84 84 84 85 84 84 84 84 84 84 84 84 84 83 83 83 83 83 83 83 82 82 82 81 81 82 82 81 82 82 82 82 82 82 83 83 82 83 82 83 83 83 83 84 83 83 83 82 82 82 82 82 82 83 83 83 82 82 82 82 82 81 81 81 81 80 80 80 81 81 81 82 82 82 82 82 82 82 83 83 83 84 84 84 83 84 83 84 84 84 85 84 84 84 84 84 83 83 83 83 83 83 83 83 83 83 83 83 83 83 83 83 83 84 84 84 83 83 84 84 84 84 83 83 83 83 83 84 84 84 84 84 84 84 84 84 84 85 84 84 84 85 85 85 85 86 85 85 84 85 85 85 84 84 85 84 84 84 84 85 85 85 85 85 85 85 85 85 87 87 87 87 87 87 87 87 87 88 88 88 88 88 88 88 88 88 88 88 88 88 88 88 88 89 89 89 88 89 89 89 89 89 89 89 89 89 89 89 89 89 89 89 89 89 90 90 90 90 90 90 91 91 91 91 90 91 91 91 92 91 91 91 90 90 90 90 90 90 90 90 91 91 91 91 91 91 91 91 91 91 91 91 91 91 91 92 92 92 92 93 93 93 93 93 93 93 93 94 94 94 94 94 94 94 94 94 95 94 93 93 94 94 95 94 94 94 94 94 94 94 94 94 94 94 94 94 95 95 95 95 94 94 94 94 95 95 95 95 95 96 96 96 96 96 86 86 86 86 86 86 86 85 85 85 85 85 85 85 85 85 85 85 85 85 85 85 84 85 85 85 85 84 84 84 84 84 84 84 84 84 84 84 84 84 84 84 83 84 83 83 82 82 82 82 81 82 83 82 83 83 83 82 82 82 82 83 83 83 83 83 83 83 83 84 83 83 82 82 82 82 82 82 82 82 82 82 82 82 82 82 82 81 81 81 81 81 81 80 81 82 82 82 82 81 82 82 82 82 83 83 83 84 83 83 84 84 84 84 85 85 85 84 84 84 85 84 83 83 83 83 83 83 83 83 83 83 83 84 83 83 84 84 84 84 84 84 84 83 84 84 84 83 83 83 83 83 83 84 84 84 84 84 85 84 84 85 85 85 85 85 84 85 85 85 85 85 85 85 85 85 85 85 85 85 85 85 84 85 85 85 85 85 85 85 85 85 85 85 87 87 87 87 87 87 87 87 87 88 88 88 88 88 88 88 88 88 88 88 88 88 88 88 88 88 89 88 89 89 89 89 89 89 89 89 89 89 89 89 89 89 89 89 89 89 89 89 90 90 90 90 90 90 91 90 90 90 90 91 91 91 91 90 90 90 90 91 91 90 90 90 90 90 91 91 91 91 91 91 91 90 91 91 91 91 91 92 93 93 92 92 92 92 92 92 93 93 93 93 94 94 95 94 94 94 94 95 95 94 94 93 93 94 94 94 94 94 94 94 94 94 94 94 94 94 94 94 94 94 94 95 94 94 94 94 94 94 95 95 95 95 96 86 86 86 86 86 86 86 85 86 85 85 85 85 85 85 85 85 85 85 86 85 85 84 84 85 84 84 84 84 84 84 84 83 84 84 84 84 84 84 84 84 84 83 83 83 83 83 82 83 82 82 82 83 83 83 83 83 83 83 83 83 83 84 84 83 83 83 83 83 83 83 82 83 83 82 83 83 82 82 82 81 81 82 82 82 82 82 82 81 81 81 81 81 81 82 82 82 82 81 82 82 83 83 82 82 83 83 83 83 83 83 83 83 84 84 85 85 84 84 84 84 84 83 83 83 83 83 83 83 83 83 83 83 84 84 83 84 84 83 84 84 84 84 84 85 84 84 84 84 83 83 83 83 83 84 84 84 84 84 84 85 85 85 85 85 85 85 85 85 85 85 86 86 86 86 86 86 85 85 84 85 85 85 85 85 85 85 85 85 85 85 85 85 85 87 87 87 87 87 87 87 87 87 87 88 88 88 88 88 88 88 88 88 88 88 88 88 88 88 88 88 89 89 89 89 89 89 89 89 89 89 89 89 89 89 89 89 89 89 89 89 89 89 90 90 90 90 90 90 90 90 90 90 91 91 91 91 91 91 90 90 91 91 91 90 90 90 90 90 90 91 91 90 90 90 91 91 92 91 91 91 91 92 92 92 92 92 93 93 93 93 93 93 93 94 94 94 95 95 95 94 94 95 95 94 93 93 93 94 94 94 94 93 94 94 94 95 94 94 94 94 94 94 94 94 94 94 94 94 94 94 94 94 94 95 95 95 86 86 86 86 86 86 86 86 85 85 85 85 85 86 86 85 85 85 85 85 85 84 84 84 84 84 84 84 84 84 84 84 84 84 84 84 84 84 84 84 84 83 83 82 82 82 82 83 83 83 83 83 82 83 83 83 83 83 83 83 83 83 83 83 82 83 83 83 83 82 82 82 82 83 83 82 82 83 82 81 81 81 82 82 82 82 82 82 81 81 82 81 81 82 82 81 81 81 82 82 82 83 83 83 83 83 83 83 83 83 84 84 84 84 84 85 85 85 84 84 85 84 83 83 83 83 83 83 83 83 83 83 83 84 84 83 84 83 84 84 84 84 83 85 84 84 84 84 84 84 83 83 84 84 84 84 84 84 84 84 84 84 84 85 85 85 85 85 85 85 86 86 86 86 86 86 85 85 84 84 85 85 85 85 85 85 85 85 85 85 85 85 85 87 87 87 87 87 87 87 87 87 87 87 87 87 87 88 88 88 88 88 88 88 88 88 88 88 88 89 89 89 89 89 89 89 89 89 89 89 89 89 89 89 89 89 89 89 89 89 90 90 90 90 90 90 90 90 90 90 90 90 90 90 90 90 90 91 91 90 90 91 91 91 91 90 90 90 90 90 90 91 91 91 91 91 92 91 92 92 92 92 92 92 93 93 93 93 93 93 93 93 93 94 94 94 94 94 94 94 94 95 95 94 94 93 93 93 93 93 93 93 94 94 94 94 94 94 94 94 94 94 94 94 94 94 95 95 94 94 94 94 94 94 95 86 86 86 86 86 86 86 86 85 85 86 86 86 86 85 85 85 85 85 85 85 84 84 84 84 84 84 84 84 84 84 84 84 84 84 84 84 84 84 84 84 84 84 83 82 82 82 83 83 83 82 83 82 83 83 83 82 82 83 83 83 83 83 82 82 82 83 83 82 82 82 82 82 82 83 83 83 83 83 83 82 81 81 82 82 82 81 82 81 81 81 81 82 81 81 81 82 82 81 82 82 83 83 84 83 83 83 83 83 83 83 83 84 84 85 85 85 84 84 84 84 84 83 83 83 83 83 83 83 83 83 83 83 84 84 83 83 83 83 84 84 84 84 85 84 84 84 84 84 83 83 83 84 84 84 84 84 84 84 84 84 84 84 84 85 85 86 86 86 85 86 86 86 86 86 86 86 85 85 85 85 85 85 85 85 85 85 85 85 85 85 85 85 87 87 87 87 87 87 87 87 87 87 87 87 87 88 88 88 88 88 88 88 88 88 88 88 88 88 89 89 89 89 89 89 89 89 89 89 89 89 89 89 89 89 89 89 89 89 89 89 90 89 90 90 90 90 90 90 90 90 90 90 90 90 90 90 90 91 90 90 91 91 91 91 90 90 90 90 90 90 91 91 91 92 92 92 92 91 92 92 92 92 92 92 92 92 93 93 93 93 93 93 93 94 95 94 94 94 94 94 94 95 95 94 93 93 92 93 93 93 94 94 94 95 95 94 94 94 94 94 94 94 94 94 94 94 95 95 94 94 94 94 87 87 87 86 86 85 86 86 85 84 85 85 85 84 85 85 85 85 85 85 84 84 85 85 84 84 84 84 84 84 84 84 84 84 84 84 84 84 85 84 83 82 82 82 83 82 82 82 82 83 83 82 82 83 83 83 83 83 82 82 82 83 83 83 82 83 82 82 82 82 83 83 83 83 83 83 83 82 81 81 81 82 81 81 82 82 82 81 81 81 82 82 82 83 82 82 82 82 83 83 83 83 83 83 83 84 84 84 84 85 85 84 84 84 84 84 84 85 84 83 83 83 83 83 83 83 83 83 83 83 83 83 83 83 83 84 84 84 84 85 84 84 84 84 83 83 83 83 83 83 83 83 84 84 84 84 84 84 84 85 85 85 86 86 86 85 85 85 85 86 86 86 86 85 85 84 84 85 85 85 85 85 85 85 85 85 85 85 85 87 87 87 87 87 87 87 87 87 88 88 88 88 88 88 88 88 88 88 88 88 88 88 88 88 89 89 89 89 89 89 89 89 89 89 89 89 89 89 89 89 89 89 89 89 89 89 89 89 89 90 90 90 90 90 90 90 90 90 90 90 90 90 90 90 90 90 90 90 90 91 90 90 91 91 91 91 91 91 91 91 92 92 92 92 92 92 93 92 92 92 92 92 92 92 92 92 93 93 93 93 93 94 94 94 94 93 94 94 94 95 95 94 93 93 92 93 94 94 94 94 94 95 95 94 94 94 94 94 95 94 94 94 94 94 95 87 87 86 86 86 85 85 85 84 84 84 84 85 84 85 85 85 85 84 84 85 85 84 84 84 84 84 84 84 84 84 84 84 85 85 85 84 83 82 82 82 83 82 82 82 82 82 82 82 83 82 83 83 83 83 82 82 82 83 82 82 82 83 83 82 82 82 83 82 82 83 83 83 83 83 82 81 81 81 81 81 81 81 82 81 81 82 82 82 82 82 83 83 83 82 83 83 83 84 83 84 83 84 84 84 84 85 85 85 84 84 84 84 84 84 84 83 83 83 83 83 83 83 83 83 83 84 83 83 83 83 83 83 83 84 83 84 84 84 84 84 83 84 84 84 84 83 83 84 84 83 84 84 84 84 85 85 85 85 85 86 86 85 85 84 85 85 85 85 86 85 85 84 84 84 85 85 85 85 85 85 85 85 85 85 85 87 87 87 87 87 87 87 87 87 88 88 88 88 88 88 88 88 88 88 88 88 88 88 88 88 89 89 88 88 88 89 89 89 89 89 89 89 89 89 89 89 89 89 89 89 89 89 89 89 89 90 90 90 90 90 90 90 90 90 90 90 90 90 90 90 90 90 90 90 90 90 90 90 91 91 91 91 91 91 91 92 92 92 92 92 92 93 93 92 92 92 92 92 92 92 92 93 93 93 93 93 93 93 94 94 94 93 93 94 94 95 95 95 94 93 93 92 93 93 94 94 94 94 95 95 95 95 94 95 95 95 95 94 94 87 87 87 86 85 85 85 84 84 84 84 85 85 85 85 84 84 85 85 84 84 84 84 84 84 84 84 84 84 85 85 85 84 83 82 82 82 82 82 82 82 82 82 82 82 82 82 83 83 82 82 82 82 82 82 83 83 82 83 83 82 82 83 83 82 82 83 83 83 82 82 82 82 81 81 81 81 81 81 81 81 82 82 82 82 82 82 83 83 83 82 82 83 83 83 84 84 83 84 84 84 84 84 85 85 84 84 84 85 84 83 84 84 83 83 83 83 83 83 83 83 83 84 84 83 83 83 83 83 84 84 84 85 84 84 84 84 84 84 84 84 84 83 84 84 84 84 84 84 84 84 85 85 85 85 85 86 86 85 85 84 84 84 84 84 85 85 85 85 85 84 85 85 85 85 85 85 85 85 85 85 85 87 87 88 87 87 87 87 87 87 88 88 88 88 88 88 88 88 88 88 88 88 88 88 88 88 88 88 88 88 89 89 89 89 89 89 89 89 89 89 89 89 89 89 89 89 89 89 89 89 89 90 90 90 90 90 90 90 90 90 90 90 90 90 91 91 90 90 90 90 90 90 90 90 90 90 90 90 91 91 91 91 91 92 92 92 92 92 93 93 93 92 92 93 92 92 92 92 92 93 93 92 93 93 93 94 94 94 94 93 93 94 94 94 94 92 93 93 93 93 93 93 94 94 95 95 95 95 95 95 95 95 95 95 94 86 85 85 85 85 85 85 85 85 85 85 85 84 84 84 84 84 85 84 84 84 84 84 84 84 85 85 84 83 82 82 82 82 82 82 82 83 83 83 83 82 82 82 82 82 82 82 82 82 82 82 82 82 82 82 83 82 82 82 82 82 82 83 83 83 83 82 82 82 83 82 82 81 81 81 81 81 81 81 82 82 82 82 82 83 82 82 83 83 83 83 84 84 84 83 83 83 83 84 84 84 84 84 84 84 84 83 84 84 83 83 83 83 83 83 83 83 83 84 84 83 83 83 83 83 84 84 83 84 84 84 84 84 84 84 84 84 84 84 84 84 85 84 84 84 85 85 85 85 85 85 86 85 86 85 85 85 85 85 85 84 85 85 85 86 85 85 85 85 85 85 85 85 85 85 85 85 85 87 87 88 87 87 87 87 87 88 88 88 88 88 88 88 88 88 88 88 88 88 88 88 88 88 88 88 88 89 89 88 88 89 89 89 89 89 89 89 89 89 89 89 89 89 89 89 89 89 89 90 90 90 90 90 89 89 89 89 89 90 90 90 90 90 90 90 90 90 91 91 91 90 90 91 90 90 91 91 92 91 91 91 91 92 91 92 92 93 93 93 93 93 93 93 92 92 93 93 93 92 92 93 93 93 94 94 94 94 93 93 93 93 93 92 94 93 93 93 93 93 94 94 95 95 95 95 95 95 95 94 95 95 94 86 85 85 85 85 85 84 84 84 84 84 85 84 85 85 84 84 84 85 85 84 85 85 84 82 83 84 84 84 82 82 82 83 83 83 82 83 82 83 83 83 83 82 82 82 82 82 83 82 83 83 82 82 82 82 83 83 82 83 82 83 82 82 82 82 82 82 82 82 81 81 81 82 82 81 81 81 81 82 82 83 83 83 83 83 83 83 83 83 84 83 83 84 84 84 84 84 84 84 83 83 84 83 84 84 83 83 83 83 83 83 83 83 83 83 83 83 83 84 83 84 84 84 83 84 85 85 84 84 84 84 84 84 84 84 84 85 85 85 84 84 85 85 85 85 85 86 85 85 85 85 85 85 85 85 85 85 85 84 85 86 85 85 85 85 85 85 85 85 85 85 85 85 85 87 87 87 87 87 87 87 88 88 88 88 88 88 88 88 88 88 88 88 88 88 88 88 88 88 88 88 88 88 88 88 89 88 89 89 89 89 89 89 89 89 89 89 89 89 89 89 89 89 89 90 90 90 90 90 90 90 90 89 90 90 90 90 90 90 90 90 90 90 90 90 91 91 91 91 90 90 91 91 91 91 91 91 91 91 91 92 92 92 93 93 94 93 93 93 92 92 92 93 93 93 93 93 93 93 94 94 94 94 94 93 93 93 92 93 94 95 94 93 93 93 93 94 94 95 95 95 95 95 95 95 94 94 94 86 85 85 85 85 85 85 85 84 84 84 84 85 85 84 84 84 85 85 85 85 85 84 82 83 84 84 84 84 83 83 83 84 83 82 83 83 82 83 83 84 83 82 82 82 81 82 82 82 82 82 82 81 82 82 83 83 83 82 82 82 82 82 82 82 82 82 82 82 82 82 82 81 81 81 81 81 82 82 83 83 83 82 82 83 83 83 83 83 84 84 84 84 84 84 84 84 84 84 83 83 84 84 84 83 83 83 83 83 83 83 83 83 83 83 84 84 84 84 84 84 84 83 84 84 85 84 84 84 84 85 84 85 85 85 85 84 84 84 84 84 84 85 85 85 85 85 85 85 85 85 85 84 84 85 85 85 85 85 85 85 85 85 85 85 85 85 85 85 85 85 85 85 87 87 87 87 87 87 88 88 88 88 87 87 87 88 88 88 88 88 88 88 88 88 88 88 88 88 88 88 88 88 89 88 88 88 88 88 89 89 89 89 89 89 89 89 89 89 89 89 89 89 89 90 90 90 90 90 90 90 90 90 90 90 91 90 90 91 91 91 90 90 91 91 90 90 90 90 90 91 91 91 91 92 91 91 91 92 91 92 93 92 93 93 94 94 93 93 92 92 93 94 93 93 93 93 93 93 93 94 94 94 94 94 93 93 93 93 94 95 94 93 94 93 94 94 94 95 95 95 95 94 94 94 86 85 85 85 85 85 85 84 85 85 85 84 84 85 85 84 84 84 84 83 83 84 84 84 85 84 84 84 84 83 83 83 83 83 82 82 83 83 83 83 82 82 81 82 82 82 82 82 82 81 81 82 82 82 82 82 82 82 82 82 82 81 82 81 81 81 82 81 81 81 81 82 82 82 82 82 82 82 82 82 83 83 83 83 83 84 84 83 84 84 83 84 84 84 84 84 83 83 84 83 83 83 83 83 83 83 83 83 83 83 83 84 84 84 84 84 84 84 84 85 85 85 84 84 84 85 85 85 85 85 85 85 85 84 84 84 84 85 85 85 85 85 85 85 85 85 85 85 84 84 84 85 85 85 85 85 85 85 85 85 85 85 85 85 85 85 85 85 85 87 87 87 87 87 87 88 88 87 87 87 87 87 88 88 88 88 88 88 88 88 88 88 88 88 88 88 88 88 88 88 88 88 88 88 88 89 89 89 89 89 89 89 89 89 89 89 89 89 89 90 90 90 90 90 90 90 90 90 90 90 91 91 90 90 91 91 91 90 91 91 91 91 91 90 90 90 90 91 91 91 91 91 91 91 91 91 92 92 92 93 93 93 93 94 94 93 93 94 94 93 93 93 93 93 93 94 93 94 94 94 94 93 93 92 93 93 94 94 94 94 94 94 95 95 95 95 95 95 95 95 95 94 85 85 85 85 85 85 85 84 84 84 84 84 84 84 84 84 84 83 83 84 84 84 85 84 84 84 84 84 84 83 83 83 82 83 83 83 84 83 83 83 82 83 82 82 82 83 82 81 81 82 82 82 82 82 82 82 81 82 82 82 82 82 81 81 81 81 81 81 82 82 82 82 82 82 82 82 82 83 83 83 83 83 83 83 84 83 83 83 83 83 84 84 84 84 83 83 83 83 83 83 83 83 83 83 83 83 83 83 83 84 84 84 84 84 84 84 84 85 85 84 84 84 84 84 84 85 85 85 85 85 85 85 85 84 84 84 85 85 84 84 85 85 85 85 85 84 84 84 84 85 85 85 85 85 85 85 85 85 85 85 85 85 85 85 85 85 85 87 87 87 87 87 87 87 87 87 87 87 87 87 87 87 88 88 88 88 88 88 88 88 88 88 88 88 88 88 88 88 88 88 88 88 88 89 89 89 88 89 89 89 89 89 89 89 89 89 89 90 89 89 90 90 90 90 90 90 90 91 91 90 90 90 91 91 91 90 91 92 91 91 91 91 91 90 90 90 91 92 92 92 91 91 91 91 92 92 92 92 93 92 93 94 94 94 94 94 94 94 94 94 94 93 93 94 94 93 93 93 93 93 93 93 92 93 93 94 94 94 94 94 94 95 95 95 94 94 94 94 94 94 85 85 85 85 85 84 84 84 85 85 85 84 85 85 83 83 84 84 84 84 84 84 85 84 84 84 84 84 84 83 83 83 83 83 83 83 83 83 83 82 82 82 83 83 82 81 81 81 82 82 82 82 82 82 81 81 82 82 82 82 82 81 81 81 81 82 82 82 82 82 82 82 82 82 83 83 83 83 83 83 82 83 83 83 83 82 83 84 83 84 84 83 83 83 84 84 83 83 83 83 83 83 83 83 83 83 84 84 84 84 84 83 84 84 85 85 84 84 84 84 84 84 85 85 85 85 85 85 85 84 84 84 84 84 84 84 85 85 85 85 84 84 84 84 85 84 84 84 85 85 85 85 85 85 85 85 85 85 85 85 85 85 85 85 87 87 87 87 87 87 87 87 87 87 87 88 87 87 87 88 88 88 88 88 88 88 88 88 88 88 88 88 88 88 88 88 88 88 88 88 89 89 89 88 89 89 89 89 89 89 89 89 89 89 89 90 90 90 89 90 90 89 90 90 90 90 90 91 91 91 92 91 91 92 92 92 92 92 91 91 91 91 90 91 92 92 92 92 91 91 92 91 91 91 92 92 92 92 93 93 94 93 94 95 94 94 94 94 94 94 94 94 93 94 94 93 94 94 93 93 92 93 94 95 94 95 94 94 95 95 95 95 95 94 94 95 94 84 83 84 84 84 85 85 84 84 85 83 83 83 84 84 84 84 84 84 84 85 84 83 84 84 84 84 83 83 83 83 82 82 82 82 82 82 82 82 83 82 81 81 81 81 81 81 81 82 82 81 81 81 81 82 82 81 81 81 81 81 81 81 82 81 82 82 82 82 82 82 82 83 82 83 83 82 82 83 83 82 82 82 83 83 83 83 83 83 82 83 84 83 83 83 83 83 83 83 83 83 83 83 84 84 83 83 83 83 83 84 84 84 84 84 84 84 84 84 84 85 85 84 84 84 84 83 83 83 83 84 84 84 84 84 84 84 83 83 84 84 84 84 83 84 84 84 84 84 84 84 84 85 84 85 85 84 84 84 84 86 86 86 86 86 86 86 86 86 86 86 86 86 86 86 86 87 87 87 87 87 87 87 87 87 87 87 87 87 87 87 87 87 87 87 88 88 88 88 88 88 88 88 88 88 88 88 88 88 88 89 89 89 89 89 89 90 90 89 89 90 90 90 90 91 92 92 91 91 92 92 92 92 92 91 92 92 91 90 90 90 90 91 92 92 92 93 92 92 91 91 92 92 92 92 93 93 93 94 94 95 95 94 94 94 94 94 94 94 95 95 94 94 95 95 94 94 93 93 94 95 95 96 96 96 96 95 95 95 95 95 84 84 84 85 85 84 85 85 84 83 84 84 84 85 84 84 84 84 85 85 85 84 84 85 85 84 84 84 83 82 82 82 82 82 83 82 82 83 82 81 81 81 81 81 81 81 81 81 81 81 81 81 82 82 82 81 81 81 82 82 82 81 82 82 82 82 82 82 82 82 82 82 83 83 82 82 82 83 82 82 82 83 83 83 83 83 82 83 83 83 83 83 83 83 83 83 83 83 83 83 83 83 84 83 83 83 83 83 84 84 84 84 84 85 85 85 85 85 85 85 85 84 84 83 83 84 83 84 83 84 84 84 84 84 84 84 84 84 84 84 84 84 83 84 84 83 84 84 84 84 84 84 84 84 84 84 84 84 85 85 85 86 86 85 86 86 86 86 86 86 86 86 86 86 87 87 87 87 87 87 87 87 87 87 87 87 87 87 87 87 87 87 87 88 88 88 88 88 88 88 88 88 88 88 88 88 88 88 89 89 89 89 89 89 90 90 90 89 89 90 90 90 91 92 92 92 91 92 92 93 93 93 92 92 92 92 91 91 91 90 91 92 92 92 93 93 93 92 92 92 92 92 92 92 92 93 93 94 95 94 94 95 95 94 94 94 95 95 94 94 94 95 95 94 94 94 93 94 95 95 96 96 95 95 95 95 95 95 95 84 84 84 85 85 84 84 85 84 84 84 84 84 84 85 85 85 85 85 85 85 85 85 85 85 85 85 85 84 83 83 83 83 83 83 83 83 82 82 82 82 82 82 81 81 81 82 82 81 81 81 81 81 82 82 82 82 82 82 82 82 82 82 82 82 82 82 82 82 82 82 82 82 83 83 82 82 82 82 82 82 82 82 83 83 83 83 82 83 83 83 83 83 83 83 83 83 83 83 83 83 83 83 83 83 83 83 83 84 84 84 84 84 85 85 85 84 85 85 85 84 84 84 83 84 84 84 83 83 84 84 84 84 84 84 84 84 84 84 84 84 84 83 83 83 83 83 84 84 84 84 84 84 84 84 84 84 84 85 85 85 86 85 85 86 86 86 86 86 86 86 86 86 86 87 87 87 87 87 87 87 87 87 87 87 87 87 87 87 87 87 87 87 88 88 88 88 88 88 88 88 88 88 88 88 88 88 88 88 89 89 89 89 90 90 90 90 89 89 90 90 90 90 91 92 92 92 92 93 92 93 92 92 92 91 91 91 90 90 91 91 91 91 91 92 92 93 93 93 93 93 93 93 92 92 92 93 93 95 95 94 95 95 95 95 94 95 95 95 95 95 95 95 95 95 94 94 94 95 95 95 96 96 96 95 95 96 95 84 84 85 85 85 85 84 85 84 84 85 85 85 85 85 85 85 85 85 85 85 86 86 85 85 85 85 85 85 85 84 83 83 83 83 82 82 83 83 83 83 83 82 82 82 82 82 82 81 81 81 81 81 81 82 82 81 82 82 82 82 82 82 82 82 82 82 83 83 82 82 82 82 82 82 82 82 82 82 82 82 83 82 83 82 83 83 83 82 83 83 83 83 83 83 83 83 83 83 83 83 83 83 83 83 83 83 83 84 84 84 84 84 84 85 85 84 84 84 84 84 84 84 84 84 84 84 84 84 84 84 84 84 83 83 84 84 84 84 84 84 84 84 84 83 83 83 84 84 84 83 83 83 83 83 83 84 84 86 85 85 86 86 86 86 86 86 86 86 86 86 87 86 86 87 87 87 87 87 87 87 87 87 87 87 87 87 87 87 87 87 87 87 88 88 88 88 88 88 88 88 88 88 88 88 88 87 87 88 89 89 89 89 90 90 89 90 90 89 89 89 90 90 91 91 92 92 92 93 92 91 91 91 91 90 90 91 91 91 91 91 91 92 92 91 92 92 93 94 94 93 93 93 93 93 93 93 93 94 95 95 95 95 95 94 95 95 95 95 95 94 94 94 94 95 96 96 96 96 96 96 96 84 84 85 85 85 85 85 85 85 85 85 85 85 85 85 85 85 85 85 86 86 86 86 86 85 85 85 85 85 85 84 84 84 83 82 82 82 82 83 83 83 83 82 82 82 82 82 82 81 82 81 81 81 81 81 82 82 81 82 82 82 82 82 82 82 82 82 82 83 82 82 82 82 82 82 82 82 82 82 82 82 83 82 82 82 83 83 83 82 83 83 83 83 83 83 83 83 83 83 83 83 83 83 83 83 83 83 83 84 84 84 84 84 84 84 85 85 84 84 84 84 84 84 84 84 84 84 84 84 84 84 84 84 83 83 83 84 84 84 83 83 84 84 84 84 83 83 83 84 84 83 83 84 84 84 84 84 84 86 86 86 86 86 86 86 86 86 86 85 86 86 86 86 86 86 87 87 87 87 86 86 87 87 87 87 87 87 87 87 87 87 87 87 87 87 87 87 88 88 88 87 88 88 88 87 87 87 87 88 88 89 88 89 89 89 89 90 90 89 90 90 90 90 91 91 92 92 92 92 92 91 91 90 90 91 91 92 92 91 92 92 92 92 92 92 91 92 93 93 93 93 93 93 93 93 94 94 94 94 95 95 95 95 95 95 96 94 94 95 85 85 85 85 85 85 86 85 85 85 86 86 86 85 85 85 85 85 86 86 86 86 86 86 86 85 84 84 84 85 84 84 84 84 83 82 82 82 82 83 83 83 82 82 82 82 82 83 83 82 82 82 81 81 81 81 81 81 81 82 82 82 82 82 82 82 82 82 82 82 82 82 82 82 82 82 82 82 82 82 83 83 83 82 82 82 82 83 83 83 83 83 83 83 83 83 83 83 83 83 83 83 83 83 83 83 83 83 83 84 84 84 84 84 84 84 85 84 84 84 84 84 85 84 85 85 85 85 85 85 85 84 84 83 83 83 83 84 83 83 83 83 83 83 83 84 84 84 83 83 83 83 84 84 84 84 84 84 84 86 86 86 86 86 86 86 86 86 86 85 86 86 87 86 86 86 86 87 87 86 86 86 87 87 87 87 87 87 86 86 87 87 87 87 87 87 87 87 87 88 88 87 88 88 88 88 88 87 88 88 88 88 88 89 88 89 89 89 90 90 89 89 90 91 91 92 91 91 91 92 92 92 91 91 91 91 92 92 92 91 91 92 93 93 93 92 92 91 92 93 92 92 92 93 93 93 93 93 93 94 95 95 96 94 85 85 85 86 86 86 85 85 86 85 85 86 86 86 86 85 85 85 85 86 86 86 86 86 86 85 84 84 84 84 84 84 83 84 84 83 82 82 83 83 83 83 83 83 83 83 82 82 83 82 82 81 81 81 82 82 82 82 82 82 82 82 82 82 82 82 82 82 82 82 82 82 82 82 82 82 82 82 82 82 82 83 82 82 82 82 82 83 83 83 83 83 83 83 83 83 83 83 83 83 83 83 83 83 83 83 83 83 83 84 84 84 84 84 84 84 84 84 84 84 84 84 84 84 85 85 85 84 84 84 84 85 84 84 84 83 84 84 84 83 84 84 83 83 83 83 84 84 83 83 83 84 84 84 84 84 84 84 84 86 86 86 86 86 86 86 86 86 86 85 85 86 87 86 86 86 86 86 86 86 86 86 86 86 86 86 86 86 86 86 87 87 87 87 87 87 88 88 87 88 88 87 88 88 88 88 88 88 88 88 89 88 88 88 88 88 88 89 89 89 90 90 90 91 91 91 91 91 91 92 92 92 91 91 91 92 93 92 92 92 92 92 93 93 92 92 92 92 92 92 92 93 92 93 93 93 93 93 93 94 94 86 86 86 86 86 86 87 87 86 86 86 86 86 86 86 86 86 86 86 86 86 86 85 85 84 83 84 84 84 83 83 83 83 84 83 83 82 83 83 83 83 83 83 83 83 83 82 82 83 82 82 82 82 82 82 82 82 82 82 82 82 82 82 82 82 82 82 82 82 82 82 82 82 82 82 82 82 82 82 82 82 82 82 83 82 82 83 83 83 82 83 83 83 83 83 83 83 83 83 83 83 83 83 83 83 83 83 83 84 84 84 84 84 84 84 84 84 84 84 84 84 84 84 84 84 84 84 84 84 85 85 84 84 84 84 84 84 84 84 84 84 83 83 83 83 83 84 84 83 83 83 83 84 84 84 84 84 84 86 86 86 86 86 86 86 86 86 85 85 85 86 87 86 87 86 86 86 86 86 86 86 86 86 86 86 86 87 86 86 87 87 87 87 87 87 88 88 88 88 87 87 88 88 88 88 88 88 88 88 88 89 88 88 87 88 88 88 89 89 90 90 90 90 91 91 91 91 91 92 92 91 91 91 92 92 92 92 93 92 92 92 93 92 92 92 92 92 93 93 93 93 92 92 93 93 93 93 94 95 87 87 87 87 87 87 87 87 87 86 86 86 86 86 87 86 86 86 85 85 85 85 84 83 84 83 84 83 83 83 83 83 83 83 83 82 82 83 83 83 83 83 83 83 83 83 83 82 82 83 82 82 82 82 82 82 82 82 82 82 82 82 82 82 82 82 82 82 82 82 82 82 82 82 82 82 82 82 82 82 82 82 82 83 82 83 83 83 83 83 83 83 83 83 83 83 83 83 83 83 83 83 83 83 83 83 83 83 84 84 84 84 85 84 84 84 84 84 84 84 84 84 84 84 84 84 84 84 85 85 84 84 84 84 84 84 84 84 84 84 84 83 83 83 83 83 83 83 83 83 83 83 83 84 84 84 84 84 86 86 86 86 86 86 86 86 85 85 85 85 86 87 86 86 86 86 86 86 86 86 86 86 86 86 86 87 87 86 87 87 88 88 87 87 88 87 88 88 88 88 87 88 88 88 88 88 88 87 88 88 88 89 88 87 87 88 88 89 89 90 91 91 91 90 91 91 91 91 92 92 92 91 91 91 91 92 93 93 93 93 93 93 92 93 93 92 92 93 93 93 93 93 93 93 94 93 94 88 88 87 87 87 87 87 87 87 86 86 86 86 86 86 86 86 86 86 85 84 83 83 83 83 83 83 82 82 82 82 82 83 83 83 82 83 84 83 83 83 83 83 83 83 83 83 82 82 82 82 82 82 82 82 82 83 82 82 82 82 82 82 82 82 82 82 82 82 82 82 82 82 82 82 82 82 82 82 82 82 83 83 82 82 83 83 83 83 83 83 83 83 83 83 83 83 83 83 83 83 83 83 83 83 83 83 84 84 84 84 84 84 84 85 85 84 84 84 84 84 84 84 84 84 84 84 85 84 85 84 84 84 83 84 84 84 84 84 84 83 83 83 84 83 83 83 83 83 83 84 83 83 84 84 85 85 86 86 86 86 86 86 86 86 86 86 85 85 86 86 86 86 86 86 86 86 86 86 86 86 86 86 87 87 87 87 86 87 87 88 87 87 88 88 88 88 88 87 87 88 88 88 88 88 88 87 88 89 88 88 88 87 87 88 89 89 89 90 90 90 90 91 91 90 91 91 92 92 92 92 91 92 92 92 92 93 94 94 94 93 92 93 93 93 93 93 93 93 93 93 93 93 94 93 87 87 87 88 88 88 88 88 88 88 87 87 87 87 87 86 86 86 86 86 86 86 86 85 85 85 85 84 84 83 83 84 83 82 83 82 83 82 82 83 82 83 83 82 83 83 83 83 83 83 83 83 83 83 83 83 82 83 82 82 82 82 82 82 82 82 82 82 82 82 82 82 82 82 82 82 82 82 82 82 82 82 82 82 82 82 82 82 82 82 83 82 83 83 83 83 83 83 83 83 83 83 83 83 83 83 83 83 83 83 83 83 83 83 83 84 84 84 84 84 84 84 84 84 84 84 84 84 84 84 84 84 84 84 84 84 84 84 84 83 84 83 83 84 84 84 84 84 84 84 84 84 84 83 83 83 83 83 83 84 83 83 84 85 85 86 86 86 86 86 86 86 86 86 86 86 85 86 86 86 86 86 86 86 86 86 86 86 86 86 86 87 87 88 87 87 87 88 88 87 87 88 88 88 87 87 87 88 88 89 88 88 88 88 87 88 89 88 88 88 87 87 88 88 88 88 89 89 89 90 91 91 90 91 91 92 92 92 92 91 92 92 93 93 94 94 94 94 94 93 94 93 93 93 93 93 94 94 94 94 88 88 88 88 88 88 88 88 88 88 88 87 87 87 87 88 88 86 86 86 85 85 85 85 85 85 84 85 85 83 83 83 82 83 83 82 82 82 82 82 82 83 82 82 82 82 83 83 83 83 83 83 83 83 83 83 83 83 82 82 83 83 83 82 82 82 82 83 83 82 82 82 82 82 82 82 82 82 82 82 82 82 82 82 82 82 82 82 82 82 82 82 82 82 82 83 83 83 83 83 83 83 83 83 83 83 83 83 83 83 83 83 83 83 83 83 83 84 84 84 84 84 84 83 83 84 84 84 84 84 84 84 84 84 84 84 84 84 84 84 83 84 84 84 83 83 83 83 84 84 84 84 84 84 83 83 83 83 83 83 84 84 83 84 84 84 84 86 86 86 86 86 86 86 86 86 86 86 85 86 86 86 86 86 86 86 86 87 86 86 87 86 86 87 87 87 87 87 87 87 88 87 87 88 88 87 88 88 87 87 88 89 88 88 88 87 87 88 89 88 87 87 87 88 88 88 88 89 89 89 89 90 91 91 91 90 91 91 92 92 92 91 92 93 93 93 93 94 94 94 94 94 94 93 92 92 93 93 94 94 88 88 88 88 88 88 88 88 88 88 88 87 87 87 87 87 86 87 87 87 85 85 85 85 85 85 84 84 84 85 84 84 83 83 83 83 82 83 82 82 83 82 83 83 83 82 82 82 82 82 82 82 82 83 83 83 83 83 83 83 83 83 82 82 83 82 82 82 82 82 83 83 82 82 82 82 82 82 82 82 82 82 82 82 82 82 82 82 82 82 82 82 82 82 82 82 82 82 82 82 82 82 83 83 83 82 82 83 83 83 83 83 83 83 83 83 83 83 83 83 84 84 84 84 84 84 84 84 83 84 84 84 84 84 84 84 84 84 84 84 84 84 83 83 83 84 84 84 84 84 83 83 83 83 84 84 84 84 83 83 83 83 83 84 84 84 84 84 84 84 86 85 85 86 86 86 86 86 86 86 86 85 85 86 86 86 86 86 86 86 87 86 86 86 87 87 87 87 88 87 87 88 88 88 87 87 88 88 88 88 88 87 87 88 89 88 88 87 87 87 88 88 87 87 87 88 88 88 89 89 89 89 90 90 91 91 91 91 91 91 91 92 93 92 92 92 92 92 93 93 93 93 94 93 94 94 94 93 92 92 93 93 93 88 87 88 88 88 88 88 87 87 87 87 86 87 87 87 86 86 86 86 85 84 84 84 84 84 84 84 84 84 83 83 82 83 82 83 82 82 83 83 83 83 83 83 83 83 83 82 82 82 82 82 82 83 83 83 83 83 83 83 83 83 82 82 82 82 82 82 82 82 83 83 83 82 82 82 82 82 82 82 82 82 82 82 82 82 82 82 82 82 82 82 82 82 82 82 82 82 82 82 82 82 83 83 83 83 82 82 83 83 83 83 83 83 83 83 83 83 83 83 84 84 84 84 84 84 84 84 83 84 84 84 84 84 84 84 84 84 84 85 84 83 83 83 83 83 84 83 84 84 84 84 84 84 83 83 84 83 83 83 84 84 83 84 84 84 84 84 84 85 86 85 85 85 86 86 86 85 86 86 86 85 85 86 86 86 85 85 85 86 86 86 86 87 87 87 87 88 88 87 87 88 89 88 88 87 88 88 88 88 88 87 87 88 89 88 88 87 87 86 87 86 86 87 87 88 88 88 89 89 89 90 90 90 91 91 91 92 92 91 92 92 93 93 92 92 92 92 92 93 93 93 93 94 94 94 93 93 93 92 92 93 92 87 88 88 88 87 87 86 86 86 86 87 87 87 86 85 85 85 85 84 84 83 84 83 83 83 83 83 83 82 82 82 82 82 82 83 83 83 83 83 83 83 83 83 83 83 83 82 82 82 83 83 83 83 83 83 83 83 83 83 83 83 82 82 82 82 82 82 83 83 83 83 83 83 82 82 82 82 82 82 82 82 82 82 82 82 82 82 82 82 82 82 82 82 82 82 82 82 82 83 83 83 83 83 83 83 82 82 83 83 83 83 83 83 83 83 83 83 83 84 84 84 84 84 84 84 84 84 84 84 84 84 84 84 84 84 84 84 84 84 84 83 83 83 83 83 83 83 83 83 83 83 83 84 83 83 83 83 83 83 84 84 84 84 84 84 84 85 85 86 85 86 85 86 86 86 85 86 86 86 85 85 86 86 86 86 85 85 86 86 87 87 87 88 87 88 88 88 87 87 88 89 89 88 88 88 88 88 87 88 88 88 88 89 88 88 87 87 86 86 86 87 87 88 89 89 89 89 89 90 90 90 90 90 91 91 92 92 92 92 93 93 92 92 92 93 93 93 93 93 93 93 94 94 94 93 92 92 92 92 92 92 92 87 86 86 87 86 86 86 85 85 85 85 85 85 85 84 84 84 84 83 83 82 83 82 82 82 82 82 82 82 82 82 82 83 83 83 83 83 83 83 83 83 83 83 83 83 83 83 83 83 83 83 83 83 83 83 83 83 83 83 83 83 82 82 82 82 82 83 83 83 83 82 82 83 83 82 82 83 82 82 82 82 82 82 82 82 82 82 82 82 82 82 82 82 82 82 82 82 82 82 82 82 83 83 83 83 82 82 83 83 83 83 83 83 83 83 83 83 83 84 84 84 84 84 84 84 84 83 84 84 84 84 84 84 84 84 84 84 84 84 83 83 83 83 83 83 83 83 83 83 84 84 83 83 83 83 83 83 83 83 83 84 84 83 84 84 84 84 85 86 86 86 86 85 85 85 85 85 85 85 85 86 86 86 86 86 85 85 85 86 86 86 87 88 88 88 88 88 87 87 88 88 89 89 89 88 88 88 87 87 87 88 88 88 88 87 87 87 86 86 87 88 88 89 89 89 89 89 90 90 90 90 91 91 91 91 92 92 92 92 93 93 92 92 92 93 93 93 93 93 94 94 94 94 93 93 92 92 92 92 92 93 93 93 87 87 85 85 85 84 84 84 84 84 84 84 84 83 83 83 83 83 82 82 82 82 82 82 82 82 82 83 83 83 83 83 83 83 83 83 83 83 83 83 83 83 83 83 83 83 83 83 83 83 83 83 83 83 83 83 83 83 83 83 83 83 82 82 82 82 82 82 83 83 82 82 82 82 82 82 82 82 82 82 82 82 82 82 82 82 82 82 82 82 82 82 82 82 82 82 82 82 82 82 82 83 83 83 82 82 83 83 83 83 83 83 83 83 83 83 83 83 84 84 84 84 84 84 84 84 84 84 84 84 84 84 84 84 84 84 84 84 84 83 83 83 83 83 84 84 84 84 84 83 83 83 83 83 83 84 84 83 83 83 83 83 83 84 83 84 84 84 86 86 86 86 85 85 85 86 86 85 85 85 86 86 86 86 86 85 85 86 86 86 87 87 88 87 88 88 88 88 88 88 88 89 89 88 88 88 88 87 87 87 87 88 88 87 87 86 87 87 86 87 88 89 89 88 88 88 89 90 90 90 90 90 91 91 91 91 92 92 92 93 93 93 92 92 93 93 93 93 93 94 94 93 93 93 93 92 92 92 92 92 93 93 93 89 90 89 89 89 89 90 90 88 87 86 85 84 84 84 84 84 84 84 84 84 83 83 83 83 83 83 83 83 83 83 83 83 83 83 83 83 83 83 83 83 83 83 83 83 83 83 83 83 83 83 83 83 83 83 83 83 83 83 83 83 83 83 83 83 83 83 83 83 83 83 82 82 82 82 82 83 83 82 82 82 82 82 82 82 82 82 82 82 82 82 82 82 82 82 82 82 82 82 82 82 82 82 82 82 82 82 82 82 83 83 82 82 82 82 83 83 83 83 83 83 83 83 83 83 83 83 84 84 84 84 84 84 84 84 84 83 84 84 84 84 84 84 84 84 84 84 84 83 83 83 83 83 83 84 83 83 83 83 83 83 83 83 84 84 83 83 83 83 83 83 83 83 83 84 84 84 86 86 86 86 85 85 85 86 86 86 85 85 86 86 86 86 85 85 85 86 86 87 87 87 88 87 87 88 88 88 88 88 88 89 89 89 88 87 87 88 87 87 86 87 87 87 87 87 87 87 86 87 87 88 88 88 89 89 89 89 90 90 91 90 90 91 91 91 91 92 92 93 93 92 92 93 93 93 93 93 93 93 93 93 93 92 92 92 92 92 92 92 92 93 93 93 90 90 89 89 89 89 89 89 89 90 91 90 89 89 90 89 87 86 85 84 84 83 84 84 84 84 84 84 83 84 83 83 83 84 83 83 83 83 83 83 83 83 83 83 83 83 83 83 83 83 83 83 83 83 83 83 83 83 83 83 83 83 83 83 83 83 83 83 83 83 83 83 83 83 83 83 83 83 82 82 83 82 82 82 83 83 83 83 82 82 82 82 82 83 82 82 82 82 82 82 82 82 82 82 82 82 82 82 82 82 82 82 82 82 82 83 82 82 82 83 82 82 83 83 83 83 83 83 83 83 83 83 83 83 84 84 84 84 84 84 84 84 84 83 84 84 84 84 84 84 85 84 84 84 84 83 83 83 83 83 83 83 83 82 82 83 83 83 83 84 84 84 83 84 84 83 83 83 83 83 84 84 84 84 86 86 86 86 85 86 86 86 86 86 85 86 86 86 86 86 86 86 85 86 86 87 87 87 87 87 87 87 88 88 89 88 88 89 89 89 88 88 87 87 87 87 87 86 87 87 87 86 87 87 87 87 87 87 87 88 89 89 89 89 90 90 90 90 90 91 91 91 92 92 92 93 93 93 92 93 93 93 92 93 93 93 93 93 93 92 92 92 92 92 93 93 93 92 93 93 93 89 90 90 89 89 89 89 89 89 89 89 89 90 90 90 90 89 89 90 90 90 90 89 88 87 85 84 84 84 84 84 84 84 84 84 84 84 84 84 84 84 84 84 84 84 84 84 84 84 83 83 83 83 83 83 83 83 83 83 83 83 83 83 83 83 83 83 83 83 83 83 83 83 83 83 83 83 83 83 83 83 83 83 83 83 82 82 82 82 82 82 83 83 83 83 83 82 82 82 82 83 83 82 82 82 82 82 82 82 82 82 82 82 82 82 82 82 82 82 82 82 82 82 82 82 82 82 82 82 82 83 83 83 83 83 83 83 83 83 83 83 84 84 84 84 84 84 84 84 84 83 84 84 84 84 84 84 85 84 84 84 84 83 83 84 83 83 83 83 83 83 83 83 83 83 83 83 84 84 84 84 83 83 83 83 83 83 83 83 83 84 86 85 86 86 86 86 86 86 86 85 86 86 86 86 86 86 86 86 86 86 86 87 87 87 87 87 87 87 87 88 88 89 88 88 88 88 88 88 87 87 87 87 87 87 86 87 87 86 87 86 87 88 88 89 89 89 89 89 89 89 89 89 90 90 90 91 91 91 91 92 92 93 93 93 92 93 93 92 92 92 93 93 93 93 93 92 92 92 92 92 93 93 93 93 93 93 93 93 90 89 89 89 89 89 89 89 89 89 88 88 89 89 89 89 89 88 89 89 89 90 89 89 89 90 91 90 90 89 88 87 85 84 84 84 84 84 84 84 84 84 84 84 84 84 84 84 84 84 84 84 84 84 84 84 84 84 83 83 83 83 83 83 83 83 83 83 83 83 83 83 83 83 83 83 83 83 83 83 83 83 83 83 83 83 83 83 83 83 83 83 83 82 82 82 83 83 83 83 83 83 83 83 82 82 82 83 83 83 82 82 82 82 82 82 82 82 82 82 82 82 82 82 82 82 82 82 82 82 82 82 82 82 82 82 82 82 82 83 83 83 83 83 84 83 83 83 84 84 84 84 84 84 84 84 84 84 83 84 84 84 84 84 85 85 84 84 84 84 84 84 84 83 84 84 84 83 83 83 83 83 83 83 84 84 84 83 83 83 83 83 83 84 83 83 83 83 85 85 86 86 86 86 86 86 86 86 86 86 86 86 86 86 86 85 86 86 86 86 87 86 87 86 87 87 87 88 88 88 88 88 88 88 89 88 88 88 88 87 87 87 86 86 87 86 87 87 87 88 88 88 89 89 89 89 90 90 90 90 90 90 90 90 90 90 90 91 92 92 93 93 93 93 93 92 92 92 92 93 93 93 93 93 92 92 92 92 93 93 93 92 93 93 93 93 94 94 90 89 89 89 89 89 89 89 89 89 88 89 89 89 89 88 88 87 88 88 89 90 89 89 89 89 90 90 89 89 88 87 85 84 83 83 84 84 84 85 85 84 84 84 84 84 84 84 84 84 84 84 84 84 84 84 84 84 84 83 83 83 83 83 83 83 83 83 83 83 83 83 83 83 83 83 83 83 83 83 83 83 83 83 83 83 83 83 83 83 83 83 82 82 82 82 82 82 83 83 83 83 83 83 83 83 83 83 83 83 83 82 82 82 82 82 82 82 82 82 82 82 82 82 82 82 82 82 82 82 82 82 82 82 82 82 82 82 82 83 83 83 83 83 83 83 83 83 84 84 84 84 84 84 84 84 83 83 83 83 84 84 84 84 84 84 84 84 84 83 83 83 84 84 84 84 84 84 84 83 83 83 84 84 84 84 84 84 84 83 83 84 84 84 83 83 83 83 85 85 85 86 86 86 86 86 86 86 87 87 86 86 86 86 86 86 86 86 86 86 86 86 87 87 87 87 88 88 88 88 88 88 87 88 88 88 88 88 87 87 87 87 87 87 86 87 87 88 88 88 88 88 88 88 89 89 89 89 89 90 90 90 90 90 90 90 90 90 91 92 92 93 93 93 93 93 92 92 92 93 93 93 93 93 92 92 92 92 93 93 93 92 93 93 93 93 93 94 90 89 89 89 89 89 90 89 89 89 88 88 89 89 88 88 87 87 87 88 89 90 89 88 89 89 89 89 89 88 87 86 85 84 84 84 84 84 84 84 85 85 84 84 85 84 84 84 84 84 84 84 84 84 84 84 84 84 84 84 84 83 83 83 83 83 83 83 83 83 83 83 83 83 83 83 83 83 83 83 83 83 83 83 83 83 83 83 83 83 82 82 83 82 82 82 83 82 83 83 83 83 83 83 83 83 82 82 82 83 83 83 82 82 82 82 82 82 82 82 82 82 82 82 82 82 82 82 82 82 82 82 82 82 82 82 82 83 83 83 83 83 83 83 83 83 84 83 84 84 84 84 84 84 84 83 83 84 84 83 83 84 83 83 84 84 84 84 83 83 83 83 83 83 83 83 83 84 84 84 84 83 84 84 84 84 85 84 84 84 84 84 84 84 83 84 83 83 85 85 86 86 86 86 86 86 86 86 86 86 86 86 86 86 86 86 86 86 86 86 87 87 87 87 87 87 87 87 87 87 87 88 87 88 88 88 87 87 87 87 87 87 87 87 86 86 87 87 88 88 88 88 88 88 88 88 88 89 89 89 90 90 90 90 90 90 90 91 91 91 92 93 93 93 93 93 92 92 92 92 93 93 93 93 93 93 92 92 93 93 93 92 92 92 93 93 93 94 90 89 89 89 90 89 89 89 89 88 89 88 88 88 87 87 87 88 88 89 89 89 88 88 88 88 89 88 87 86 86 86 85 84 84 84 84 85 85 84 84 84 84 85 84 84 84 84 84 84 84 84 84 84 84 84 84 84 84 83 83 83 83 83 83 83 83 83 83 83 83 83 83 83 83 83 83 83 83 83 83 83 83 83 83 83 83 83 83 83 83 83 83 83 82 83 82 83 83 83 83 83 83 83 83 82 82 82 82 83 83 83 82 82 82 82 82 82 82 82 82 82 82 82 82 82 82 82 82 82 82 82 82 82 82 82 83 82 82 83 83 83 83 83 83 83 83 84 84 84 84 84 84 83 84 84 84 84 83 84 84 84 84 84 84 84 84 84 84 84 84 84 83 84 84 83 84 84 84 84 84 84 85 84 84 84 84 84 84 84 84 84 84 84 84 84 84 85 85 85 86 86 86 86 86 86 86 86 86 86 86 86 86 86 86 86 86 86 86 86 86 86 86 87 87 87 87 87 87 87 87 87 87 87 87 87 87 87 87 87 87 87 87 87 86 87 87 88 88 88 88 88 88 88 88 88 89 89 89 89 89 90 90 91 91 91 91 91 92 92 93 92 93 93 93 92 92 92 92 93 93 93 93 93 93 92 92 92 93 93 93 92 93 93 93 89 89 89 89 89 89 89 89 89 89 89 88 88 88 88 87 87 88 88 88 88 89 88 88 87 87 87 89 88 87 86 85 85 85 84 84 84 85 85 85 85 85 85 84 84 84 84 84 84 84 84 84 84 84 84 84 84 84 84 84 83 83 83 83 83 83 83 83 83 83 83 83 83 83 83 83 83 83 83 83 83 83 83 83 83 83 83 83 83 82 83 83 83 83 82 82 82 83 83 83 83 83 83 83 83 82 82 82 82 82 82 83 83 82 82 82 82 82 82 82 82 82 82 82 82 82 82 82 82 82 82 82 82 82 82 82 82 82 82 83 83 83 82 82 82 83 83 83 84 83 83 84 84 84 83 83 83 84 84 83 83 84 84 84 84 84 84 84 84 83 84 83 83 83 84 84 83 83 83 84 84 84 84 84 84 84 84 84 84 84 84 84 84 84 84 84 84 83 85 85 85 86 85 86 86 85 86 86 87 87 86 86 86 86 87 86 86 86 86 86 86 86 86 87 87 86 87 87 88 87 87 87 87 87 87 87 87 87 87 87 87 87 87 87 87 87 87 87 88 88 88 88 88 88 88 88 88 88 89 89 89 89 89 90 90 90 91 91 91 91 92 92 92 92 92 92 92 92 92 92 93 93 93 93 93 93 93 93 92 93 93 93 93 93 93 89 89 89 88 88 89 89 89 89 88 87 87 87 87 88 87 87 88 88 88 89 88 87 87 86 88 88 86 85 85 84 84 84 84 85 85 85 85 85 85 85 85 85 84 84 85 84 84 84 84 84 84 84 84 84 84 84 83 83 83 83 83 84 83 83 83 83 83 83 83 83 83 83 83 83 83 83 83 83 83 83 83 83 83 83 83 83 83 83 83 83 83 82 82 82 83 83 83 83 83 83 83 83 83 82 82 82 82 82 83 83 83 82 82 82 82 82 82 82 82 82 82 82 82 82 82 82 82 82 82 82 82 82 82 82 82 82 82 82 82 82 82 82 82 82 83 83 83 83 83 84 84 83 84 84 84 84 84 84 84 84 84 83 84 84 84 83 83 84 83 83 83 83 83 84 84 83 83 84 84 84 84 84 84 84 84 85 84 84 84 84 84 84 84 84 83 85 85 86 86 85 86 86 86 86 86 87 87 87 87 87 87 87 86 86 86 86 86 86 86 86 86 86 86 87 87 87 87 87 87 87 86 87 87 87 87 87 87 87 87 87 87 87 87 87 87 88 88 88 88 88 88 88 88 88 88 88 89 89 89 89 89 89 90 90 90 90 91 92 91 91 91 92 92 92 92 92 93 93 93 93 93 93 93 93 93 93 93 94 94 94 94 93 90 90 89 88 88 88 88 87 87 87 87 87 87 86 86 86 87 87 87 88 88 88 89 87 86 86 85 85 84 84 84 84 84 85 85 85 85 85 85 85 85 85 85 85 85 84 84 84 84 84 84 84 84 84 84 84 83 83 83 84 83 83 83 83 83 83 83 83 83 83 83 83 83 83 83 83 83 83 83 83 83 83 83 83 83 83 83 83 83 83 83 82 82 82 83 83 83 83 83 83 83 83 82 82 83 82 82 82 82 82 82 82 82 82 82 82 82 82 82 82 82 82 82 82 82 82 82 82 82 82 82 82 82 82 82 82 82 82 82 83 83 82 82 82 82 83 83 83 83 83 83 83 84 84 84 84 84 84 83 83 83 83 83 83 83 83 83 83 83 83 83 83 83 83 83 84 83 84 84 83 84 84 84 84 84 84 84 84 84 84 84 84 84 83 84 85 85 86 86 86 86 86 86 86 86 86 86 87 87 86 86 86 86 86 86 86 86 86 86 86 86 86 86 87 87 87 87 87 87 87 86 87 87 87 87 87 87 87 87 87 87 87 87 87 87 88 88 88 88 88 88 88 88 88 88 88 88 88 89 88 88 89 89 89 89 90 90 91 91 91 91 92 92 92 92 93 93 93 93 93 93 93 93 94 94 94 94 94 94 94 94 94 89 88 88 88 88 87 88 88 89 88 88 88 87 87 86 85 86 87 87 88 89 89 87 87 86 86 86 85 85 85 85 84 85 85 85 85 85 85 85 85 85 85 85 85 84 84 84 84 84 84 84 84 84 84 84 84 84 84 83 83 84 83 83 83 83 83 83 83 83 83 83 83 83 83 83 83 83 83 83 83 83 83 82 82 83 83 83 83 83 83 82 82 83 83 83 83 83 83 83 83 83 82 82 82 82 82 82 82 82 82 82 82 82 82 82 82 82 82 82 82 82 82 82 82 82 82 82 82 82 82 82 82 82 82 82 82 82 82 82 82 83 83 82 83 83 83 83 83 83 83 83 83 84 84 84 84 84 83 83 83 83 82 83 83 83 83 83 83 83 83 83 83 83 83 84 84 83 84 83 84 84 84 84 84 84 83 84 84 84 84 84 84 84 84 86 86 86 86 86 86 86 86 87 86 86 86 86 86 86 86 86 86 86 86 86 86 86 86 86 86 86 86 87 87 87 87 87 87 87 87 87 87 86 87 87 87 87 87 87 87 87 87 87 87 88 88 88 88 88 88 88 88 88 88 88 88 88 88 88 89 89 89 89 89 89 89 90 91 91 91 92 92 92 92 92 92 93 93 93 94 93 94 94 94 94 94 94 94 94 89 88 88 89 90 89 90 90 88 88 88 86 86 87 87 87 88 87 87 87 86 86 85 85 85 85 85 85 85 85 85 85 85 85 85 85 85 85 85 85 84 84 84 84 84 84 84 84 84 84 84 84 84 84 84 84 84 83 84 84 83 83 83 83 83 83 83 83 83 83 83 83 83 83 83 83 83 83 83 83 83 83 83 83 83 83 83 83 83 83 83 83 83 83 83 83 83 82 82 82 82 82 82 82 82 82 82 82 82 82 82 82 82 82 82 82 82 82 82 82 82 82 82 82 82 82 82 82 82 82 82 82 82 82 82 82 82 83 83 83 84 83 83 83 83 83 83 83 83 83 84 84 83 83 83 82 82 82 82 82 83 83 83 83 83 82 83 83 83 83 84 84 83 84 83 84 84 83 84 84 84 84 83 84 84 84 84 84 84 84 86 86 86 86 86 86 86 86 86 86 86 86 86 86 86 86 86 86 86 86 86 86 86 86 86 86 86 86 86 87 87 87 87 87 87 87 87 87 87 86 86 86 87 87 87 87 87 87 87 87 88 88 88 88 88 88 88 88 88 88 88 88 88 88 89 89 89 89 90 90 90 90 90 90 91 91 92 92 92 92 92 92 92 93 93 94 93 94 94 93 94 94 94 94 94 95 95 90 90 90 90 91 91 91 91 89 90 90 90 85 85 85 86 87 86 86 86 85 85 85 85 85 85 85 85 85 85 85 85 85 85 85 85 85 85 85 85 84 84 84 84 84 84 84 84 84 84 84 84 84 83 83 84 83 83 84 83 84 83 83 83 83 83 83 83 83 83 83 83 83 83 83 83 83 83 83 83 83 83 83 83 83 83 83 82 82 83 83 83 83 82 82 83 83 82 82 82 82 82 82 82 82 82 82 82 82 82 82 82 82 82 82 82 82 82 82 82 82 82 82 82 82 82 82 82 82 82 82 82 82 82 82 82 82 82 83 83 83 83 83 83 83 83 83 83 83 84 84 84 83 83 83 83 83 83 83 83 83 83 83 83 83 82 83 83 83 83 83 83 83 84 83 83 83 83 84 84 84 84 83 83 84 84 84 84 84 85 86 86 86 85 86 86 86 86 86 86 86 86 86 86 86 86 86 86 86 85 86 86 86 86 86 86 86 86 86 86 87 87 87 87 87 87 87 87 87 87 86 86 86 86 87 87 87 87 87 87 88 88 88 88 88 88 88 88 88 88 88 88 88 88 89 89 90 90 90 91 91 90 90 91 90 91 92 92 92 92 92 92 92 93 93 93 93 94 93 93 94 94 94 95 94 94 95 91 92 92 92 92 91 91 91 91 90 89 88 85 85 86 84 84 84 84 84 84 84 85 85 85 85 85 85 85 85 85 85 85 85 85 85 85 85 84 84 84 84 84 84 84 84 84 84 84 84 84 84 83 83 83 83 83 83 83 83 83 83 83 84 83 83 83 83 83 83 83 83 83 83 83 83 83 83 83 83 83 83 83 83 83 82 82 82 83 83 83 83 83 83 83 83 82 82 82 82 82 82 82 82 82 82 81 82 82 82 82 82 82 82 82 82 82 82 82 82 82 82 82 82 82 82 82 82 82 82 82 82 82 82 82 83 83 83 83 83 83 83 83 83 83 83 83 83 84 83 83 83 84 84 83 83 83 83 83 83 83 83 82 82 82 82 82 83 83 84 83 83 83 83 82 83 84 84 84 84 84 83 83 83 83 84 84 85 86 86 86 85 85 85 85 85 85 86 86 86 86 86 86 86 86 86 86 86 87 86 86 86 86 86 86 87 86 86 87 86 86 86 86 86 87 87 87 87 87 87 87 87 87 87 87 87 87 87 88 88 88 88 88 88 88 88 88 88 88 89 89 90 89 89 89 90 91 91 91 91 91 91 91 90 91 92 92 92 92 92 92 93 93 93 93 93 93 94 94 94 94 94 94 94 92 92 92 92 91 91 91 90 90 89 88 88 87 86 86 87 85 84 85 85 85 85 85 85 85 85 85 85 85 85 85 85 85 85 85 85 85 84 84 84 84 84 84 84 84 84 84 84 84 84 83 83 83 83 84 84 84 84 83 83 83 83 83 83 83 83 83 83 83 83 83 83 83 82 83 83 83 83 83 83 83 83 83 83 83 82 82 82 83 83 83 83 83 82 82 82 82 82 82 82 82 82 82 82 82 82 81 82 82 81 82 82 82 82 82 82 82 82 82 82 82 82 82 82 82 82 82 82 82 82 82 82 82 82 82 82 83 83 82 82 83 83 83 83 83 83 83 83 83 83 83 83 83 83 83 84 83 83 83 83 83 82 83 83 82 82 82 83 83 83 83 83 82 82 83 83 83 84 84 84 84 84 84 83 83 84 84 86 85 85 85 85 85 85 85 86 86 86 86 86 86 87 87 87 86 86 86 86 87 87 86 86 86 86 87 87 87 87 86 86 86 86 86 86 86 86 86 87 87 87 87 86 86 87 87 87 87 87 87 87 88 88 88 88 88 88 88 88 88 89 90 90 90 90 90 90 91 92 92 92 91 91 91 91 92 92 93 92 93 93 93 93 93 93 93 93 93 94 94 93 94 94 92 91 91 91 91 91 91 91 90 89 88 88 87 88 88 89 88 86 85 86 86 85 85 85 85 85 85 85 85 85 85 85 85 85 85 85 85 85 84 84 84 84 84 84 84 84 84 84 84 84 84 83 83 83 83 83 83 84 84 84 84 83 83 83 83 83 83 83 83 83 83 83 83 83 83 83 83 83 83 83 83 83 83 83 83 83 82 82 82 82 83 83 83 83 82 82 82 82 82 82 82 82 82 83 83 82 82 81 81 81 81 82 82 82 82 82 82 82 82 82 82 82 82 82 82 82 82 82 82 82 82 82 82 82 82 82 82 82 83 83 82 83 83 83 83 83 83 83 83 83 83 83 83 83 83 83 83 83 83 82 82 82 82 83 83 82 82 82 83 83 82 83 83 82 83 83 83 83 83 83 83 84 84 83 83 83 83 84 85 85 85 85 85 85 85 85 85 86 86 86 86 87 87 87 87 87 87 87 86 86 86 86 86 86 86 86 86 87 87 86 86 86 86 86 86 86 86 86 86 87 87 86 86 86 87 87 87 87 87 87 87 88 88 88 88 89 88 89 89 88 89 89 90 90 91 91 91 91 91 92 92 92 91 90 91 92 92 93 93 93 93 93 92 92 93 93 93 93 93 93 93 94 94 92 90 90 90 90 90 90 90 90 90 90 90 90 89 90 90 89 88 87 86 86 85 85 85 85 85 85 85 85 85 85 85 85 85 85 85 85 85 85 84 84 84 84 84 84 84 84 84 84 84 84 84 84 83 83 83 83 83 83 83 83 83 83 83 83 83 83 83 83 83 83 83 83 83 83 83 83 83 83 83 83 83 83 83 83 83 83 83 82 82 82 83 83 83 83 83 83 83 83 82 82 82 83 82 83 82 82 82 82 81 81 82 82 82 82 82 82 82 82 82 82 82 82 82 82 82 82 82 82 82 82 82 82 82 82 82 82 82 82 82 82 82 83 83 83 83 83 83 83 83 83 83 83 83 82 82 82 82 82 82 82 82 82 82 83 83 82 82 82 82 82 82 82 82 82 82 83 83 83 83 83 83 83 83 83 83 82 83 83 85 85 85 85 85 85 85 85 85 86 86 86 86 87 87 87 87 87 87 87 87 86 86 86 86 86 86 86 87 87 87 87 86 86 86 86 86 86 86 86 86 86 86 86 86 86 86 87 87 87 87 87 87 87 88 88 89 89 90 90 90 89 88 89 90 90 91 92 92 91 92 92 92 92 91 91 91 91 92 93 93 93 93 93 92 92 93 93 93 93 93 93 93 94 94 94 91 90 91 91 90 89 90 91 90 91 92 92 91 91 92 90 89 88 86 86 85 85 85 85 85 85 85 85 85 85 85 85 85 85 85 85 85 85 85 84 84 84 84 84 84 84 84 84 84 84 84 84 84 83 83 83 83 83 83 83 83 83 83 83 83 83 83 83 83 83 83 83 83 83 82 82 82 83 83 83 83 83 83 83 83 83 82 82 82 82 82 82 82 83 83 83 83 82 82 82 82 82 82 82 82 82 82 82 82 82 82 82 82 82 82 82 82 82 82 82 82 82 82 82 82 82 82 82 82 82 82 82 82 82 82 82 82 82 81 82 82 82 82 83 83 83 83 83 83 83 83 83 83 83 82 82 83 82 82 82 82 82 83 83 83 83 83 83 82 83 83 83 83 82 82 82 83 83 83 83 83 83 83 83 83 83 82 83 83 85 85 85 85 85 85 85 85 86 86 86 86 87 87 87 87 86 87 87 87 87 86 86 86 85 86 86 86 87 87 87 87 87 87 87 87 87 86 86 86 86 86 86 86 86 86 86 87 87 87 87 87 88 87 87 87 88 89 89 90 90 90 89 89 90 91 91 91 91 91 92 92 93 92 91 91 91 91 92 93 93 93 93 93 93 92 92 92 93 93 93 93 93 94 94 92 91 91 92 92 91 91 90 89 90 91 91 91 91 91 91 91 90 89 88 88 88 86 85 85 85 85 85 85 85 86 85 85 85 85 85 85 85 85 85 85 84 84 84 84 84 84 84 84 84 84 84 84 84 84 84 84 83 83 83 83 83 83 83 83 83 83 83 83 83 83 83 83 82 82 82 82 83 83 82 83 83 83 83 83 83 82 82 83 83 82 82 82 82 82 82 83 83 83 82 82 82 82 82 82 82 82 82 83 82 82 82 82 82 82 82 82 82 82 82 82 82 82 82 82 82 82 82 82 82 82 82 82 82 82 82 82 82 82 81 82 83 82 83 83 82 83 83 83 83 82 83 83 83 83 83 82 83 83 83 83 83 83 83 84 84 83 83 82 82 83 83 83 83 83 82 82 82 83 82 82 82 83 83 83 83 82 82 82 82 83 84 84 85 85 85 85 86 85 85 86 86 86 86 86 86 86 86 86 86 87 87 87 86 86 85 86 86 86 87 87 86 86 86 86 86 86 86 86 86 86 86 86 85 86 86 86 86 86 86 87 87 87 88 88 89 88 88 88 89 89 89 90 90 89 89 90 90 91 90 91 91 92 92 92 91 91 91 92 92 92 92 92 93 93 93 93 93 93 93 93 93 93 93 94 94 92 92 93 93 91 91 91 90 89 89 90 90 89 89 89 90 91 90 89 90 90 89 87 85 85 85 85 85 85 86 86 86 85 85 85 85 85 85 85 85 85 85 84 84 84 84 84 84 84 84 84 84 84 84 84 84 84 83 83 83 83 83 83 83 83 83 83 83 83 83 83 83 83 83 82 82 82 83 83 83 83 83 83 83 83 82 83 83 83 83 82 83 82 82 82 82 83 83 83 83 82 82 82 82 83 82 83 83 83 82 82 82 82 82 82 82 82 82 82 82 82 82 82 82 82 82 82 82 82 82 82 82 82 82 82 82 82 81 82 82 82 83 82 82 83 83 82 83 83 82 82 83 83 83 83 83 82 83 83 83 83 83 83 83 83 83 83 83 83 83 83 83 83 83 83 83 82 81 82 82 82 82 82 82 83 82 82 82 82 82 83 84 84 85 85 85 85 86 86 86 86 86 86 86 86 86 86 86 86 86 87 87 87 87 86 86 86 87 87 87 86 86 85 85 85 86 85 86 86 86 86 85 85 85 86 86 86 86 87 86 86 87 88 88 88 89 89 89 88 89 90 90 90 91 90 90 90 90 90 90 91 91 91 92 93 92 92 92 93 93 92 92 92 92 93 93 93 93 92 93 93 93 93 93 94 93 93 92 91 90 90 91 91 89 89 89 89 89 89 88 90 91 91 91 90 89 88 87 86 85 85 85 85 86 86 86 86 86 86 85 85 85 85 85 85 85 85 85 85 84 84 84 84 84 84 84 84 84 84 84 84 84 84 83 83 83 83 83 83 83 83 83 83 83 83 83 83 83 83 83 82 83 83 83 83 83 83 83 82 83 83 82 83 83 83 83 83 82 82 82 82 82 82 83 83 82 82 82 82 82 82 82 82 82 82 82 82 82 82 82 82 82 82 82 82 82 82 82 82 82 82 82 82 82 82 82 82 82 82 82 82 81 81 81 82 82 83 83 82 83 83 83 83 83 82 82 83 83 83 83 83 82 82 83 83 83 83 83 83 83 83 82 82 83 83 83 83 83 83 82 82 82 81 82 82 82 82 82 82 83 83 83 82 82 83 83 84 84 85 85 85 86 86 86 86 86 86 86 86 85 85 85 86 86 86 86 86 87 87 86 86 86 87 86 87 86 86 85 85 85 85 85 86 86 86 86 85 85 85 86 86 86 86 87 86 87 87 88 88 88 88 89 89 89 88 89 89 90 90 91 91 91 91 90 90 91 91 91 92 92 92 93 93 93 93 93 93 92 92 92 93 93 93 93 93 93 93 93 93 93 93 91 91 91 91 90 89 89 89 89 88 88 88 89 89 90 91 91 90 89 88 87 86 86 85 85 85 86 86 86 86 86 86 86 85 85 85 85 85 85 85 85 84 84 84 84 84 84 84 84 84 84 84 84 84 84 84 84 83 83 83 83 83 83 83 84 84 84 84 83 83 83 83 83 83 83 83 83 83 83 83 83 83 83 83 83 82 82 82 82 83 82 82 82 82 82 82 83 83 82 82 82 82 82 82 82 82 82 82 82 82 82 82 82 82 82 82 82 82 82 82 82 82 82 82 82 82 82 82 82 82 82 82 82 82 82 81 81 82 82 83 83 83 82 83 83 83 83 83 82 82 83 83 83 83 82 82 83 83 83 83 83 83 83 82 82 82 82 83 83 83 83 82 82 82 82 82 82 82 82 82 82 82 83 83 82 83 82 83 82 84 84 85 85 85 85 85 85 86 85 86 85 85 85 86 86 86 86 87 86 87 87 87 86 86 86 86 86 87 87 86 85 85 85 85 85 85 85 85 85 85 85 86 86 86 86 86 86 87 87 88 88 88 89 89 89 90 90 89 89 89 90 90 90 91 91 91 91 90 91 91 92 92 92 92 92 93 93 93 92 92 92 92 92 93 93 93 92 92 92 93 93 93 93 93 92 92 92 92 91 90 90 90 89 88 88 88 88 89 88 90 90 89 88 87 87 86 86 85 85 85 86 86 86 86 86 86 86 86 85 85 85 85 85 85 85 85 85 85 84 84 84 84 84 84 84 84 84 84 84 84 84 83 83 83 83 83 83 83 84 84 84 84 84 84 83 83 83 83 83 83 83 83 83 83 83 83 83 83 83 83 82 82 82 83 82 82 82 82 82 82 83 83 82 82 82 82 82 82 82 82 82 82 82 81 81 82 82 82 82 82 82 82 82 82 82 82 82 82 82 82 82 82 82 82 82 82 82 82 82 82 82 82 82 83 83 83 83 83 83 83 83 83 82 82 82 83 83 83 82 82 83 83 83 83 83 83 83 83 83 82 82 83 83 83 83 82 82 82 82 82 82 82 82 82 82 82 83 83 82 82 82 82 82 84 84 85 85 84 85 85 85 85 85 85 85 85 85 86 86 86 86 86 87 87 87 86 86 86 86 85 87 87 86 86 85 85 85 85 85 85 85 85 85 85 85 85 86 86 86 86 86 87 87 87 88 88 89 89 89 90 90 90 89 89 89 90 90 90 90 90 91 91 91 92 92 92 92 92 92 92 91 91 91 91 91 92 92 93 93 93 93 93 92 92 93 93 93 93 93 92 91 90 89 89 89 89 89 88 87 87 88 88 89 89 88 87 86 86 85 85 85 86 86 86 86 86 86 86 86 86 86 85 85 85 85 85 85 85 85 84 84 84 84 84 84 84 84 84 84 84 84 84 84 83 83 83 83 83 83 83 83 84 84 84 83 84 84 83 83 83 83 83 83 83 83 83 83 83 83 83 83 83 82 82 82 82 82 82 82 82 82 82 82 82 82 82 82 82 82 82 82 82 82 82 82 81 81 81 82 82 82 82 82 82 82 82 82 82 82 82 82 82 82 82 82 82 82 82 82 82 82 82 82 82 82 82 83 83 83 83 83 83 83 83 83 82 82 82 83 83 83 83 82 83 83 83 83 83 82 82 83 83 82 82 83 83 83 82 82 82 82 82 82 82 82 82 82 82 82 83 82 82 82 82 82 84 84 84 84 84 84 84 84 84 85 85 85 85 85 86 86 86 86 86 86 86 86 86 86 85 86 85 86 86 85 85 85 85 85 85 85 85 85 85 85 85 85 85 86 86 86 86 86 86 86 87 87 87 88 89 89 90 90 90 90 90 90 89 90 90 90 91 91 91 92 92 92 92 91 92 92 91 91 91 91 91 91 91 91 92 93 92 92 92 92 92 93 93 93 92 93 93 92 90 90 91 91 91 90 89 89 88 87 87 88 89 90 89 87 86 86 86 85 85 86 86 86 86 86 86 86 86 86 86 85 85 85 85 85 85 85 84 84 84 84 84 84 84 84 84 84 84 84 84 84 83 83 83 83 83 84 84 84 84 83 83 83 83 83 83 83 83 83 83 83 83 83 83 83 83 83 83 83 83 83 82 82 82 82 82 82 82 82 82 82 82 82 82 82 82 82 82 82 82 83 83 82 82 81 81 81 82 82 82 82 82 82 82 82 82 82 82 82 82 82 82 82 82 82 82 82 82 82 82 82 82 82 81 83 83 83 83 83 83 82 83 83 83 82 82 82 83 83 83 83 82 83 83 83 83 82 82 82 82 83 82 82 83 83 83 83 82 82 82 82 82 82 82 82 82 82 82 82 82 82 82 82 82 84 84 84 84 84 84 84 84 84 84 84 85 85 85 86 86 86 86 86 85 85 85 85 85 85 85 85 84 85 85 84 84 85 85 85 85 85 85 85 85 85 85 85 85 86 86 87 87 86 86 86 86 87 88 88 88 89 89 90 90 90 90 90 90 90 90 91 91 91 92 92 92 92 91 91 91 92 92 92 92 91 91 90 91 92 92 91 91 91 92 92 93 93 93 92 92 91 90 91 92 92 93 92 91 90 89 88 87 87 87 87 87 88 87 87 86 86 86 86 86 86 86 86 86 86 86 86 86 86 86 85 85 85 85 85 85 85 84 84 84 84 84 84 84 84 84 84 84 84 84 83 83 83 83 84 84 84 84 83 83 83 83 83 83 83 83 83 83 83 83 83 83 83 83 83 83 83 83 83 82 82 82 82 82 82 82 82 82 82 82 82 82 82 82 82 82 82 82 82 82 82 82 82 81 81 81 82 82 82 82 82 82 82 82 82 82 82 82 82 82 82 82 82 82 82 82 82 82 82 82 81 81 82 83 83 82 82 82 82 82 83 83 83 83 83 82 82 83 83 83 83 82 83 83 83 82 82 82 83 82 82 82 82 82 83 83 82 82 82 82 82 82 82 82 82 82 82 82 82 82 82 82 82 84 84 84 84 84 84 84 84 84 84 84 85 85 85 85 85 86 86 85 85 84 84 84 85 85 84 84 84 84 84 85 85 85 85 85 85 85 85 85 85 85 85 86 85 86 86 86 87 87 87 87 86 87 87 87 88 88 88 89 89 90 90 90 90 90 90 91 91 92 92 92 92 92 91 92 92 92 92 92 92 91 91 90 90 91 92 91 91 92 92 93 93 93 93 93 93 94 93 92 92 91 92 92 92 91 91 91 90 89 89 88 88 88 87 86 86 86 86 86 86 86 86 86 86 86 86 86 86 86 86 86 86 85 85 85 85 85 85 85 85 85 85 84 84 84 84 84 84 84 84 84 84 84 83 83 83 83 84 83 83 83 83 83 83 83 83 83 83 83 83 83 83 83 83 83 83 83 83 83 82 82 82 82 82 82 82 82 82 83 83 82 82 82 82 82 82 82 82 82 82 82 82 82 82 82 81 81 81 81 82 82 82 82 82 82 82 82 82 82 82 82 82 82 82 82 82 82 82 82 82 82 82 81 82 82 82 83 82 82 82 82 83 83 83 83 83 83 83 82 82 82 82 83 83 83 83 83 83 83 82 83 83 83 83 82 82 82 82 83 83 82 82 82 82 82 82 82 82 82 82 82 82 82 82 82 82 84 84 84 84 84 84 84 84 84 84 84 85 85 85 85 85 85 85 85 84 84 84 84 84 84 84 84 84 84 85 85 85 85 85 85 85 85 85 85 85 85 86 86 86 86 87 86 87 87 87 87 87 87 87 88 87 88 89 90 90 90 90 90 90 90 90 90 91 91 91 91 92 92 92 92 92 92 93 92 92 91 91 91 90 90 91 91 91 92 92 92 92 93 92 92 92 92 94 93 92 92 92 93 92 91 91 90 89 89 88 88 88 88 87 87 87 86 86 86 86 86 86 86 86 86 86 86 86 86 86 86 86 86 86 85 85 85 85 85 85 85 84 84 84 84 84 84 84 84 84 84 84 84 83 83 83 83 83 83 83 83 83 83 83 83 83 83 83 83 83 83 83 83 83 83 83 83 83 83 82 82 82 82 82 82 82 82 83 83 82 82 82 82 82 82 82 82 82 82 82 82 82 82 82 82 81 81 81 81 82 82 82 82 82 82 82 82 82 82 82 82 82 82 82 82 82 82 82 82 82 82 82 81 81 82 81 82 82 82 83 82 83 83 82 83 82 82 83 82 82 82 82 83 83 83 83 83 83 83 82 83 83 83 83 82 82 82 82 82 83 82 82 82 82 82 82 82 81 82 82 82 82 82 82 83 82 84 84 84 84 84 84 84 84 84 84 85 85 84 85 84 85 85 84 84 84 84 84 84 84 84 84 85 85 85 85 85 85 85 85 85 85 85 85 85 85 85 85 85 86 86 86 86 87 87 88 87 87 88 88 89 88 88 89 89 89 90 90 90 90 90 90 91 91 91 91 91 91 91 91 91 92 93 93 93 92 91 91 91 91 91 91 91 90 90 91 91 92 92 92 92 92 92 92 92 94 93 93 93 94 93 92 91 90 90 89 89 89 89 89 88 87 86 86 86 86 86 86 86 86 86 86 86 86 86 86 86 86 86 86 86 85 85 85 85 85 85 85 84 84 84 84 84 84 84 84 84 84 84 84 83 83 83 83 83 83 83 83 83 83 83 83 83 83 83 83 83 83 83 83 83 83 83 83 82 82 82 82 82 83 82 82 82 82 83 83 82 83 82 82 81 82 82 82 82 82 82 82 82 82 82 82 81 81 81 81 82 82 82 82 82 82 82 82 82 82 82 82 82 82 82 82 82 82 82 82 82 82 82 82 82 81 81 82 82 82 83 82 82 82 82 82 82 82 82 82 82 82 82 82 83 83 83 83 83 82 82 82 82 83 83 83 83 82 82 82 83 82 82 82 82 82 82 82 82 82 82 82 82 82 82 82 82 84 84 84 84 84 84 84 84 85 85 85 85 84 84 84 85 85 84 84 84 84 84 84 84 85 84 85 85 85 85 85 85 85 85 85 85 85 85 85 85 85 86 85 85 86 86 86 87 87 87 88 87 88 88 89 89 88 88 88 89 89 89 90 90 90 90 91 92 92 91 91 90 90 91 91 92 92 92 92 92 91 91 91 91 92 91 91 91 90 90 90 91 91 92 92 92 92 92 92 92 94 94 94 94 93 93 91 91 90 90 90 90 90 89 88 87 87 86 86 86 86 86 86 86 86 86 86 86 86 86 86 86 86 86 86 86 85 85 85 85 85 84 84 84 84 84 84 84 84 84 84 84 84 84 83 83 83 83 83 83 83 83 83 83 83 83 83 83 83 83 83 83 83 83 83 83 83 83 83 83 83 83 83 83 82 82 82 82 83 83 83 83 82 82 82 81 81 81 82 82 82 82 82 82 82 82 81 81 81 81 81 82 82 82 82 82 82 82 82 82 82 82 82 82 82 82 82 82 82 81 81 81 81 82 81 81 81 82 82 82 82 82 82 82 82 82 83 83 82 82 82 82 82 82 82 83 82 82 82 82 82 82 82 83 83 83 82 82 82 82 82 82 82 82 82 82 82 82 82 82 82 82 82 82 82 82 82 83 83 84 84 84 84 84 84 84 84 85 85 84 84 84 84 84 84 84 84 84 84 84 84 84 84 84 85 85 85 85 85 85 85 85 85 85 85 85 86 86 86 86 86 85 86 86 86 86 87 87 87 87 88 89 89 89 89 89 89 90 90 90 91 91 91 92 92 92 91 91 91 90 90 91 92 91 91 91 91 92 91 91 91 92 93 92 92 91 91 90 90 90 91 92 91 91 91 92 92 93 94 93 92 92 91 91 90 90 90 89 88 88 89 88 87 86 86 86 86 86 86 86 86 86 86 86 86 86 86 86 86 86 86 86 85 85 85 85 85 85 85 84 84 84 84 84 84 84 84 83 83 83 83 83 83 83 83 83 83 83 83 83 83 83 83 83 83 83 83 83 83 83 83 83 83 83 83 83 83 83 82 82 82 82 82 82 82 83 83 83 83 82 82 82 81 81 81 82 82 82 82 82 82 82 81 81 81 82 82 81 81 82 82 82 82 82 82 82 82 82 82 82 82 82 82 82 81 81 82 82 82 81 81 81 81 82 82 82 82 82 82 82 82 82 83 82 82 82 82 82 82 82 82 82 82 82 82 82 82 82 82 82 82 82 82 82 82 82 82 82 82 81 81 81 81 82 82 82 82 82 82 82 82 82 82 83 84 84 84 84 84 84 84 84 84 85 85 85 84 84 84 84 84 84 84 84 84 84 84 84 84 84 85 85 85 85 85 85 85 85 85 85 85 85 85 85 86 86 86 86 85 85 86 86 87 86 87 88 88 88 89 89 89 89 89 90 90 90 90 91 91 91 91 91 90 91 91 91 90 91 92 92 91 90 90 91 91 91 91 92 92 92 92 92 92 92 91 91 90 91 91 91 91 92 92 93 93 93 92 92 92 91 91 90 89 88 87 87 88 87 86 86 86 86 86 86 86 86 86 86 86 86 86 86 86 86 86 86 85 85 85 85 85 85 85 85 85 84 84 84 84 84 84 84 83 83 83 83 83 83 83 83 83 83 83 83 83 83 83 83 83 83 83 83 83 83 83 83 83 83 83 82 82 82 82 82 82 82 82 82 82 82 83 83 83 82 82 82 82 81 81 81 82 82 82 82 82 82 81 82 82 82 81 81 81 81 81 82 82 82 82 82 82 82 82 82 82 82 82 82 81 81 81 81 81 81 81 81 81 81 82 82 82 82 82 83 82 82 82 82 82 82 82 82 82 82 82 82 82 82 82 82 82 82 82 82 82 82 82 82 82 82 82 82 82 82 82 81 81 81 81 81 81 81 81 81 81 82 82 82 84 84 84 84 84 84 84 84 84 84 84 84 84 84 84 84 83 84 84 84 84 84 84 84 84 84 84 85 85 85 85 85 85 85 85 85 85 85 85 85 85 86 86 86 86 86 85 85 86 86 87 87 88 88 88 88 88 88 89 89 90 89 89 89 90 91 91 91 91 90 90 90 90 90 91 91 91 90 90 90 91 91 90 91 92 92 91 90 91 91 91 91 91 91 91 91 91 91 91 91 92 92 93 93 94 93 93 92 90 90 89 88 87 87 87 86 86 86 86 86 86 86 86 86 86 86 86 86 86 86 86 86 85 85 85 85 85 85 85 85 84 84 84 84 84 84 84 83 83 83 83 83 83 83 83 83 83 83 83 83 83 83 83 83 83 83 83 83 83 83 83 83 83 83 83 83 83 82 82 82 82 82 82 82 82 82 82 83 83 83 82 82 82 82 81 81 81 81 81 82 82 82 82 82 82 82 81 81 81 81 81 81 81 82 82 82 82 82 82 81 82 82 82 82 82 81 81 81 81 81 81 81 81 81 81 82 82 82 82 82 82 83 82 82 82 82 82 82 82 82 82 82 82 82 82 82 82 82 82 82 82 82 82 82 82 82 82 82 82 82 82 82 81 81 81 81 81 81 81 81 81 81 81 81 82 84 83 83 84 84 84 84 84 84 84 83 83 83 83 83 83 84 84 84 84 84 84 84 84 84 84 84 84 85 85 85 85 85 85 85 85 85 85 86 86 86 86 86 86 86 86 86 86 86 86 86 86 87 87 87 87 87 88 89 89 89 88 89 89 90 91 91 92 92 91 91 91 91 90 90 90 90 90 90 90 90 90 91 91 92 92 91 90 91 91 90 90 90 91 90 91 91 91 91 91 92 92 93 93 93 93 93 92 92 91 90 89 88 87 87 86 86 86 86 86 86 86 86 86 86 86 86 86 86 86 86 86 86 86 85 85 85 85 85 85 85 85 85 84 84 84 84 84 83 84 84 84 84 84 83 83 83 84 83 83 83 83 83 83 83 83 83 83 83 83 83 83 83 83 83 83 83 83 83 83 83 83 83 82 82 82 82 82 82 82 82 82 82 82 81 82 81 81 81 81 81 82 82 82 82 82 82 81 81 81 81 81 81 81 81 82 82 82 81 81 81 81 81 81 81 81 81 81 81 81 81 81 81 81 81 81 82 82 82 82 82 82 83 83 83 83 83 82 82 82 82 82 82 82 82 82 82 82 82 82 82 82 82 82 82 82 82 82 82 82 82 82 82 81 81 81 81 81 81 81 81 82 82 82 82 81 82 82 82 82 83 83 83 82 83 82 82 82 82 82 83 83 83 83 83 83 83 83 83 83 83 83 83 84 84 84 84 84 84 84 84 84 84 84 84 85 85 85 85 85 85 86 85 86 86 86 86 86 87 86 86 86 86 87 88 87 88 88 88 88 89 90 90 90 89 89 89 89 90 89 89 90 90 90 90 90 89 89 90 90 91 91 91 90 89 89 89 89 90 90 90 90 89 89 90 90 91 91 91 91 92 92 91 91 90 90 89 88 88 87 87 86 86 86 86 86 86 86 86 86 86 86 86 86 86 86 86 86 86 85 85 85 85 85 85 85 85 84 84 84 84 84 83 83 83 83 83 84 84 84 84 84 84 84 83 83 83 83 83 83 83 83 83 83 83 83 83 83 83 83 83 83 83 83 83 83 83 82 82 82 82 82 82 82 82 82 82 82 82 82 82 82 81 81 81 81 81 82 82 82 82 82 81 81 81 81 81 81 81 81 81 81 81 81 81 81 81 81 81 81 81 81 81 81 81 81 81 81 81 81 81 82 82 82 82 82 82 82 82 82 82 82 82 82 82 82 82 82 82 82 82 82 82 82 82 82 82 82 82 82 82 82 82 82 82 82 82 82 82 81 81 81 81 81 81 82 82 82 82 82 81 82 82 82 82 83 83 83 82 82 82 82 82 83 83 83 83 83 83 83 83 83 83 83 83 83 83 83 83 83 83 83 83 84 84 84 84 84 84 84 84 84 85 85 86 86 86 86 86 86 86 86 86 87 86 87 87 86 87 87 87 88 88 88 88 89 90 89 89 89 89 89 90 90 90 90 90 90 91 91 90 90 90 90 90 90 90 90 89 90 90 90 90 90 90 90 90 89 89 90 90 91 91 91 91 91 92 92 91 91 90 90 89 88 87 87 87 86 86 86 86 86 86 86 86 86 86 86 86 86 86 86 86 86 86 85 85 85 85 85 85 84 84 84 84 84 83 83 83 83 83 83 84 84 84 83 84 84 84 84 84 83 83 83 83 83 83 83 82 83 83 83 83 83 83 83 82 83 83 83 83 82 82 82 82 82 82 82 82 82 82 82 82 82 82 81 81 81 81 81 81 81 81 82 82 82 82 82 81 81 81 81 81 81 81 81 81 81 81 81 81 81 81 81 81 81 81 81 81 81 81 81 81 81 81 81 82 82 82 82 82 82 82 82 82 82 82 82 82 82 82 82 82 82 82 82 82 82 82 82 82 82 82 82 82 82 82 82 82 82 82 82 82 82 81 81 81 81 81 82 82 82 82 82 81 81 82 82 82 82 83 83 82 82 82 82 82 83 83 83 83 83 83 83 83 83 83 83 83 83 83 83 83 83 83 84 83 83 84 84 84 84 84 84 84 85 85 85 85 85 86 86 87 87 86 86 87 87 87 87 87 87 87 87 87 87 87 88 88 88 89 90 90 90 89 89 89 90 91 90 90 90 91 91 91 90 90 90 90 90 90 90 90 90 91 90 90 90 90 90 90 90 89 89 90 90 91 91 91 91 91 91 92 91 90 90 89 88 88 87 87 86 86 86 86 86 86 86 86 86 86 86 86 86 86 86 86 86 85 85 85 85 85 85 85 84 84 84 84 84 84 83 83 83 83 83 83 83 83 83 83 83 83 83 84 84 84 83 83 83 83 83 83 83 82 83 83 83 83 83 83 82 82 82 82 82 82 82 82 82 82 82 82 82 82 82 82 82 82 82 82 82 82 81 81 81 81 82 82 82 82 82 81 81 81 81 81 81 81 81 81 81 81 81 81 81 81 81 81 81 81 81 81 81 81 81 81 81 81 81 81 82 82 82 82 82 82 82 82 82 82 82 82 82 82 82 82 82 82 82 82 82 82 82 82 82 82 82 82 82 82 82 82 82 82 82 81 81 81 81 81 81 81 81 82 82 82 82 82 81 81 82 82 82 82 82 82 82 82 82 82 82 83 83 83 83 83 83 83 83 83 83 83 83 83 83 83 83 83 83 83 83 83 84 84 84 84 84 84 84 84 84 85 85 86 86 86 86 86 87 87 87 88 87 87 87 87 88 87 87 88 88 87 88 88 89 89 90 90 90 90 90 90 90 90 90 90 91 90 90 90 90 90 90 90 90 90 90 91 91 91 91 90 90 90 90 90 89 89 89 90 90 91 91 91 91 91 89 89 88 87 87 86 86 86 86 86 86 86 86 86 86 86 86 86 86 86 86 86 86 85 85 85 85 85 84 84 84 84 84 84 84 84 84 83 83 83 83 83 83 83 83 83 83 83 83 84 84 84 84 83 83 84 84 83 83 83 83 83 83 83 83 83 83 82 82 82 82 82 82 82 82 82 82 81 82 82 82 82 82 82 82 82 82 82 82 82 81 81 81 81 81 81 82 81 81 81 81 81 81 81 81 81 81 81 81 81 81 81 81 81 81 81 81 81 81 81 81 81 81 81 81 81 82 82 82 82 82 82 82 82 82 82 82 82 82 82 82 82 82 82 82 82 82 81 82 82 82 82 82 82 82 82 82 82 82 82 82 82 82 81 81 81 81 81 81 82 82 82 82 82 82 81 82 82 82 82 82 82 82 82 82 82 83 83 83 83 83 83 83 83 83 83 83 83 83 83 83 83 83 83 83 83 84 84 83 84 84 84 84 84 84 84 84 85 85 86 86 86 86 86 86 86 87 88 88 88 87 88 88 87 87 87 88 88 88 89 90 89 89 90 90 90 91 90 90 90 90 90 91 91 90 90 90 90 90 90 90 90 90 90 91 91 91 91 91 90 89 89 90 90 89 90 91 91 91 91 91 88 88 87 87 87 86 86 86 86 86 86 86 86 86 86 86 86 86 86 86 86 86 86 85 85 85 85 85 85 84 84 84 84 84 84 84 84 84 83 83 83 83 83 83 83 83 83 83 83 83 83 84 84 84 83 83 83 83 83 83 83 83 83 83 83 83 83 83 83 82 83 82 83 82 82 82 82 82 81 81 81 81 82 82 82 82 82 82 82 82 82 81 81 81 81 81 81 81 81 81 81 81 81 81 81 81 81 81 81 81 81 81 81 81 81 81 81 81 81 81 81 81 81 81 81 81 81 82 82 82 82 82 82 82 82 82 82 82 82 82 82 82 82 82 82 82 82 82 81 81 82 82 82 82 82 82 82 82 82 82 82 82 82 82 82 81 81 81 81 81 82 82 82 82 82 82 82 82 82 82 82 82 82 82 82 82 82 83 83 83 83 83 83 83 83 83 83 83 83 83 83 83 83 83 83 83 83 83 84 83 83 84 84 84 84 84 84 84 85 85 86 86 86 86 87 87 87 88 88 88 88 89 89 88 88 88 88 88 89 89 89 90 90 89 90 90 90 90 90 90 90 90 90 91 90 90 90 90 90 91 90 90 90 91 91 91 91 90 90 90 89 89 89 89 90 90 90 90 90 91 91 92 88 87 87 87 87 87 86 86 86 86 86 86 86 86 86 86 86 86 86 86 86 85 85 85 85 85 85 85 84 84 84 84 84 84 84 84 84 83 83 83 83 83 83 83 83 83 83 83 83 84 84 83 83 83 83 83 83 83 82 82 82 82 82 82 82 83 82 82 82 82 82 82 82 82 82 82 82 82 82 82 82 82 82 82 82 82 81 81 81 81 81 81 81 82 81 81 81 81 81 81 81 81 81 81 81 81 81 81 81 81 81 81 81 81 81 81 81 81 81 81 81 81 81 81 81 82 82 82 82 82 82 82 82 82 82 82 82 82 81 81 82 82 82 82 82 82 81 81 81 82 82 82 82 82 82 82 81 82 82 82 82 82 82 81 81 81 81 81 82 82 82 82 82 82 82 82 82 82 82 82 82 82 82 82 82 82 82 82 82 82 82 82 82 83 83 83 83 83 83 83 83 83 83 83 83 83 84 84 84 83 84 84 84 84 84 85 85 86 86 86 85 86 86 86 87 88 88 89 89 88 88 88 89 89 89 89 89 89 89 90 89 89 90 89 89 89 89 90 90 91 91 91 90 90 89 90 90 91 91 90 90 91 91 90 90 90 90 90 89 89 89 90 90 90 90 90 90 91 91 91 88 88 87 87 86 86 86 86 86 86 86 86 86 86 86 86 86 86 86 86 85 85 85 85 85 85 85 85 85 84 84 84 84 84 84 84 84 84 83 83 83 83 83 83 83 83 83 83 83 83 83 83 82 82 83 83 83 83 83 83 82 82 82 82 82 82 82 82 82 82 82 82 82 82 82 82 82 82 82 82 82 82 82 82 82 81 81 81 82 82 82 81 82 82 81 81 81 81 81 81 81 81 81 81 81 81 81 81 81 81 81 81 81 81 81 81 81 81 81 81 81 81 81 81 81 81 82 82 82 82 82 82 82 82 82 82 82 82 82 81 81 81 81 81 82 82 82 81 81 81 82 82 82 82 82 82 81 82 82 82 82 81 81 81 81 81 81 81 81 81 82 82 82 82 82 82 82 82 82 82 82 82 82 82 82 82 82 82 82 82 82 83 82 83 83 83 83 83 82 83 83 83 83 83 83 83 84 84 84 83 84 84 84 84 84 85 85 86 86 86 85 85 85 85 86 87 88 88 88 88 88 88 88 89 89 89 89 89 88 89 89 89 90 89 89 89 89 90 90 91 90 90 90 90 90 90 90 91 91 90 91 91 91 90 90 90 90 90 90 90 90 90 90 90 90 90 90 90 91 91 87 86 86 86 86 86 86 86 86 86 86 86 86 86 86 86 86 86 85 85 85 85 85 85 85 85 85 84 84 84 84 84 84 84 84 84 83 83 83 83 83 83 83 83 83 83 82 82 82 82 82 82 83 83 83 83 83 83 82 82 82 82 82 82 82 82 82 82 82 82 82 82 82 81 81 81 81 82 82 82 82 82 82 82 82 82 82 82 82 81 81 81 81 81 81 81 81 81 81 81 81 81 81 81 81 81 81 81 81 81 81 81 81 81 81 81 81 81 81 81 81 81 81 82 82 82 82 82 82 82 82 82 82 82 82 82 82 82 81 81 82 82 81 82 81 81 81 81 81 82 82 82 82 81 81 81 81 81 81 81 81 81 81 81 81 81 81 81 81 82 82 82 81 82 82 82 82 82 82 82 82 82 82 82 82 82 82 82 82 83 82 82 83 83 83 83 82 83 83 83 83 83 83 83 83 84 84 84 84 84 84 84 84 85 85 85 86 85 85 85 86 86 86 86 87 88 88 88 88 88 88 89 89 88 89 89 89 88 89 89 89 89 89 89 89 89 90 90 91 90 90 90 90 91 91 91 91 91 91 92 91 91 90 90 89 89 89 90 90 90 90 90 91 91 90 90 91 87 86 86 86 86 87 87 86 86 86 86 86 86 86 86 86 86 86 85 85 85 85 85 85 85 85 85 85 84 84 84 84 84 84 84 84 84 83 83 83 83 83 83 83 83 83 83 82 82 82 82 82 83 83 83 83 83 83 82 82 82 82 82 81 81 82 82 81 81 82 82 82 82 81 81 81 81 81 81 82 82 82 82 81 81 81 82 82 82 81 81 81 81 81 81 81 81 81 81 81 81 81 81 81 81 81 81 81 81 81 81 81 81 81 81 81 81 81 81 81 81 81 81 82 81 81 82 81 81 82 82 82 82 81 81 82 81 81 82 82 82 82 81 81 81 81 81 81 81 82 82 81 81 81 81 81 81 82 82 81 81 81 81 81 81 81 81 81 81 82 82 82 82 82 82 82 82 82 82 82 82 82 82 82 82 82 82 82 82 82 82 82 82 83 83 83 82 82 83 83 83 83 83 83 83 84 84 84 84 84 84 84 84 85 85 84 85 85 85 86 86 86 86 87 88 88 88 88 88 87 88 88 89 88 89 89 89 88 89 88 89 88 89 89 89 89 89 90 90 90 91 90 90 91 91 91 91 91 92 92 92 91 90 90 90 90 90 89 90 90 90 90 90 90 90 90 90 87 86 86 86 86 86 87 86 86 86 86 86 86 86 86 86 85 85 85 85 85 85 85 85 85 85 85 85 84 84 84 84 84 84 84 84 84 83 83 83 83 83 83 83 83 83 83 83 83 82 82 82 82 82 83 83 83 83 83 83 82 82 82 82 82 81 81 81 81 82 82 82 82 81 81 81 81 81 81 81 81 81 81 81 81 81 82 82 82 82 82 81 81 80 80 80 80 81 81 81 81 81 81 81 81 81 81 81 81 81 81 81 81 81 81 81 81 81 81 81 81 81 81 81 81 81 82 81 81 81 81 81 82 81 81 81 81 81 81 82 82 81 81 81 81 81 81 81 82 82 81 81 81 81 82 81 82 82 82 81 81 81 81 81 81 81 81 81 81 82 82 82 82 82 82 82 82 82 82 82 82 82 82 82 82 82 82 82 82 82 82 82 82 83 83 83 82 82 83 83 83 83 84 84 84 84 84 84 84 84 84 84 84 84 85 85 84 84 85 85 86 86 86 87 88 87 87 88 88 88 87 88 88 88 89 89 89 88 88 88 88 88 89 90 89 89 89 89 90 90 91 91 91 90 91 91 90 91 91 91 91 91 90 90 90 90 90 89 89 89 89 89 90 90 90 90 87 87 86 86 86 86 86 86 86 86 86 86 86 86 86 86 86 86 86 85 85 85 85 85 85 85 85 85 85 85 84 84 84 84 84 84 84 84 84 83 83 83 83 83 83 83 83 83 83 83 83 82 82 82 82 82 82 82 83 83 83 83 83 82 82 82 82 82 82 81 81 81 82 82 82 81 81 81 81 81 81 81 81 81 81 81 81 81 82 82 82 82 81 80 80 81 81 81 80 80 81 81 81 81 81 81 81 81 81 81 81 81 81 81 81 81 81 81 81 81 81 81 81 81 81 81 81 81 81 81 81 81 81 81 81 81 81 81 81 81 81 81 81 81 81 81 81 81 81 82 81 82 82 81 81 81 81 81 82 82 82 82 81 81 81 81 81 81 81 81 81 82 82 82 81 82 82 82 82 82 82 82 82 82 82 82 82 82 82 82 82 82 82 82 82 83 83 83 83 82 82 83 83 83 83 83 83 84 84 84 84 84 84 84 84 84 84 85 84 84 85 85 85 85 85 87 87 87 86 87 87 87 87 87 87 87 88 88 88 88 89 89 89 88 89 89 90 90 89 89 90 90 91 90 90 90 90 90 90 91 91 90 90 90 91 91 90 89 89 89 89 89 90 90 90 90 90 91 87 87 87 87 86 86 86 86 86 86 86 86 86 86 86 86 86 86 86 85 85 85 85 85 85 85 85 85 85 84 84 84 84 84 84 84 84 84 83 83 83 83 83 83 83 83 83 83 83 83 82 82 82 82 82 82 82 82 83 83 83 82 82 82 82 82 82 82 81 81 81 81 81 81 81 81 81 81 81 81 81 81 81 80 80 81 81 81 81 81 81 81 81 81 81 81 81 81 80 80 81 81 81 81 81 81 81 81 81 81 81 81 81 81 81 81 81 81 81 81 81 81 81 81 81 81 81 81 81 81 81 81 81 81 81 81 81 81 81 81 81 81 81 81 81 81 81 81 81 81 81 81 81 81 81 81 81 81 81 82 82 81 81 81 80 81 81 81 81 82 82 81 81 81 82 82 82 82 82 82 82 82 82 82 82 83 83 82 82 82 83 82 83 83 83 83 83 83 83 82 83 83 83 83 83 83 83 84 84 84 84 84 84 84 84 84 84 84 84 85 84 84 85 85 86 86 86 86 86 86 86 87 87 87 88 88 88 88 88 89 89 89 89 89 88 89 90 90 89 89 90 91 91 90 90 90 90 90 90 90 90 90 90 90 90 91 90 89 89 89 90 90 90 91 88 87 87 86 86 86 86 86 86 86 86 86 86 86 86 86 86 86 85 85 85 85 85 85 85 85 85 85 84 84 84 84 84 84 84 84 84 83 83 83 83 83 83 83 83 83 83 83 82 82 82 82 82 82 82 82 82 82 82 82 82 82 82 82 82 82 82 81 81 81 81 81 81 81 81 81 81 81 81 81 81 81 80 80 81 81 81 81 81 81 82 82 82 81 81 80 80 80 81 81 80 80 80 81 81 81 81 81 81 81 81 81 81 81 81 81 81 81 81 81 81 81 81 81 81 81 81 81 81 81 81 81 81 81 81 81 81 81 81 81 81 81 81 81 81 81 81 81 81 81 81 81 81 81 81 81 81 81 82 82 81 81 81 80 80 81 81 82 82 81 81 81 81 81 82 82 82 82 82 82 82 82 82 82 82 83 82 82 82 83 82 83 83 83 83 83 83 83 83 83 83 83 83 83 83 83 84 84 83 83 83 83 83 83 83 84 84 84 84 84 84 84 85 86 86 85 85 85 86 87 87 88 87 87 89 89 89 88 89 89 89 89 89 89 88 89 90 89 90 90 91 90 90 90 91 90 90 90 90 90 90 90 89 90 90 90 89 89 90 89 90 87 87 87 86 86 86 86 86 86 86 86 86 86 86 86 86 85 85 85 85 85 85 85 85 85 84 84 84 84 84 84 84 84 84 84 83 83 83 83 83 83 83 83 83 83 82 82 82 83 83 82 82 82 82 82 82 82 82 82 82 82 82 82 82 81 81 81 81 81 81 81 81 81 81 81 81 81 81 81 81 81 81 81 81 81 81 81 81 82 82 82 82 81 81 81 81 81 81 81 81 81 80 81 81 81 81 81 81 81 81 81 81 81 81 81 81 81 81 81 81 81 81 81 81 81 81 81 81 81 81 81 81 81 81 81 81 81 81 81 81 81 81 81 81 81 81 81 81 81 81 81 81 81 81 81 81 81 82 81 81 81 81 80 81 81 82 81 81 81 81 81 82 82 82 82 82 82 82 82 82 82 82 82 82 82 82 83 83 83 83 83 82 82 82 82 82 82 82 83 83 83 83 83 84 84 83 83 83 83 83 83 83 84 84 84 84 84 84 84 84 85 86 86 85 86 86 86 87 88 88 88 87 88 89 89 88 89 88 89 89 89 89 88 89 89 90 90 90 91 91 91 91 91 90 90 90 90 90 91 90 90 89 90 89 89 90 90 90 88 88 87 86 86 86 86 85 86 86 86 86 86 86 85 85 85 85 85 85 85 85 85 85 85 85 84 84 84 84 84 84 84 84 84 83 83 83 83 83 83 83 83 83 83 82 82 82 83 82 82 82 82 82 82 82 82 82 82 82 82 82 82 81 81 81 81 81 81 81 81 81 81 81 81 81 80 81 81 81 81 81 81 81 81 81 81 81 82 82 82 82 81 81 81 81 81 81 81 80 80 80 80 80 81 81 81 81 81 81 81 81 81 81 81 81 81 81 81 81 81 81 81 81 81 81 81 81 81 81 81 81 81 81 81 81 81 81 81 81 81 81 81 81 81 81 81 81 81 81 81 81 81 81 81 82 82 82 82 81 81 81 81 81 81 82 81 81 81 81 81 82 82 82 82 82 82 82 82 82 82 82 82 82 82 83 83 83 83 83 83 82 82 82 82 82 82 83 83 83 83 83 83 84 83 83 83 83 83 83 84 84 84 84 84 84 84 85 84 84 84 85 85 85 87 87 86 87 87 88 88 88 88 89 89 89 89 89 89 89 90 89 89 89 89 90 91 91 90 90 90 91 90 90 89 89 89 90 90 90 89 89 90 90 91 88 88 87 87 87 87 86 85 86 86 86 86 85 85 85 85 85 85 85 85 85 85 85 85 84 84 84 84 84 84 84 84 84 84 84 83 83 83 83 83 83 83 83 83 83 82 83 82 83 82 82 82 82 82 82 82 82 82 82 82 82 81 82 81 81 81 81 81 81 81 81 81 81 81 81 80 80 81 81 81 81 81 81 81 81 82 82 81 82 82 81 81 81 80 81 81 81 80 81 81 81 80 80 80 80 80 81 81 81 81 81 81 81 81 81 81 81 81 81 81 81 81 81 81 81 81 81 81 81 81 81 81 81 81 81 81 81 81 81 81 81 81 81 81 81 81 81 81 81 80 81 81 81 81 82 82 82 82 82 82 81 81 81 81 82 81 81 81 81 82 81 82 82 82 82 82 82 82 82 82 82 82 82 82 82 83 83 83 83 83 82 82 82 82 82 82 82 83 83 83 83 84 84 83 83 83 83 83 83 84 84 84 84 84 84 84 85 85 84 84 84 85 85 86 86 87 86 86 87 87 88 89 89 89 89 88 89 89 89 89 90 90 89 90 89 90 90 90 89 90 90 89 89 89 89 89 89 89 89 89 90 90 88 87 86 86 86 86 86 86 86 86 85 85 85 85 85 86 85 85 85 85 85 85 85 85 84 84 84 84 84 84 84 84 84 84 84 84 83 83 83 83 83 83 83 83 83 83 82 82 82 82 82 82 82 82 82 82 82 82 82 82 81 81 81 81 81 81 81 81 81 81 81 81 81 81 81 81 81 81 80 81 81 81 81 81 81 81 82 82 82 81 81 81 81 81 82 82 81 80 81 81 81 81 80 80 80 80 80 80 80 80 81 81 81 81 81 81 81 81 81 80 81 81 81 81 81 81 81 81 81 81 81 81 81 81 81 81 81 81 81 81 81 81 81 81 81 81 81 81 81 81 80 81 81 81 81 82 82 82 81 82 81 81 81 81 81 81 81 81 81 82 82 82 81 82 81 81 82 82 82 82 82 82 82 82 82 83 83 83 82 82 82 82 82 82 82 83 82 83 83 83 83 83 83 83 83 83 84 84 84 84 85 84 84 84 84 84 85 84 84 85 84 85 85 85 86 86 86 87 87 87 88 88 89 89 89 89 89 89 89 90 90 89 89 89 89 90 90 90 89 90 90 89 89 89 89 89 89 89 90 90 90 87 87 86 86 86 86 86 86 86 85 85 85 85 85 85 85 85 85 85 85 85 85 85 85 85 84 84 84 84 84 84 84 84 84 83 83 83 83 83 83 83 83 83 83 83 83 82 82 82 82 82 82 82 82 82 82 82 82 82 82 82 81 81 81 82 82 82 82 82 81 81 81 81 81 81 81 81 81 81 80 81 81 80 80 80 80 81 82 82 81 81 81 81 81 81 82 81 81 81 80 80 80 80 80 80 80 80 80 80 80 80 80 80 80 80 81 81 81 80 80 80 81 81 81 81 81 81 81 81 81 81 81 81 81 81 81 81 81 81 81 81 81 81 81 81 81 81 81 81 80 80 80 81 81 81 82 82 82 81 81 81 81 81 81 81 81 81 81 81 81 81 81 81 81 81 82 82 82 82 82 82 82 82 82 82 82 83 82 82 82 82 82 82 82 83 83 83 83 83 83 82 82 82 83 83 83 84 84 85 84 85 85 85 84 85 85 85 85 85 85 85 85 85 86 86 86 86 86 87 87 88 88 88 89 88 88 88 88 89 89 89 89 89 89 89 89 89 89 89 89 89 89 89 90 89 89 89 90 90 87 87 87 87 87 86 86 86 86 86 86 86 85 85 85 85 85 85 85 85 85 85 85 85 85 84 84 84 84 84 84 84 84 84 84 83 83 83 83 83 83 83 83 83 82 82 82 82 82 82 82 82 82 82 82 82 82 82 82 82 82 82 82 81 82 81 82 81 81 81 81 81 81 81 81 81 81 81 81 80 80 80 80 81 81 81 81 82 82 81 81 80 80 81 82 81 80 81 81 80 80 80 80 80 80 80 80 80 80 80 80 80 80 80 80 80 80 80 80 80 80 81 81 81 81 81 81 81 81 81 81 81 81 81 81 81 81 81 81 81 81 81 81 81 81 81 81 81 81 81 81 80 80 81 81 81 82 81 81 81 81 81 81 81 81 81 81 80 81 81 81 81 81 81 81 82 82 82 82 82 82 82 82 82 82 82 83 82 82 82 82 82 82 82 83 83 83 83 82 82 82 82 83 83 84 84 84 85 85 85 85 85 85 85 85 85 85 85 85 85 85 86 86 86 86 86 87 88 88 88 89 88 88 89 89 89 89 89 89 89 89 89 89 89 90 90 89 90 90 90 91 88 88 87 87 87 87 87 86 86 87 87 86 86 85 85 85 85 85 85 85 85 85 85 85 84 84 84 84 84 84 84 84 84 84 84 84 83 83 83 83 83 83 83 83 83 82 82 82 82 82 82 82 82 82 82 82 82 82 82 82 82 82 82 82 81 81 81 81 81 81 81 81 81 81 81 81 81 81 81 80 80 80 80 80 81 81 82 83 83 82 81 81 81 81 81 81 80 81 81 81 81 80 80 80 80 80 80 80 80 80 80 80 80 80 80 80 80 80 80 80 80 81 81 81 81 81 81 81 81 81 81 81 81 81 81 81 81 81 81 81 81 81 81 81 81 81 81 81 81 81 81 80 80 80 81 81 81 81 81 81 81 81 81 81 81 81 81 81 80 81 80 81 81 81 82 82 82 82 82 82 82 82 82 82 82 82 82 82 82 82 82 82 82 82 83 83 82 82 82 82 82 83 83 83 84 84 85 84 85 86 86 85 85 85 85 85 85 85 85 85 86 86 86 86 86 87 87 88 89 89 90 90 89 90 90 90 90 90 90 88 88 87 87 87 86 86 85 85 85 85 85 85 85 85 85 84 84 84 84 84 84 84 84 84 84 84 84 83 83 83 83 83 83 83 83 83 82 82 82 82 82 82 82 82 82 82 82 82 82 82 82 82 82 82 82 82 82 81 81 81 81 81 81 81 81 81 81 81 81 80 80 80 80 80 80 80 81 82 82 83 82 81 82 82 81 82 81 80 81 81 82 81 80 80 80 80 80 80 80 79 80 80 80 80 80 80 80 80 80 80 80 80 81 81 81 81 81 81 81 81 81 81 81 81 81 81 81 81 81 81 80 80 80 81 80 81 81 81 81 81 81 81 81 80 80 80 81 81 81 81 81 81 81 81 82 81 81 81 81 81 80 80 81 81 81 82 82 82 82 82 82 82 82 82 82 82 82 82 82 82 82 82 82 82 82 82 82 82 82 83 84 84 84 85 85 86 85 85 85 85 85 85 85 85 85 85 86 86 86 87 87 89 89 89 89 86 85 85 85 85 85 85 85 85 85 84 84 84 84 84 83 84 84 84 84 84 83 84 83 83 83 83 83 83 83 82 82 82 82 82 82 82 82 82 82 82 82 82 82 82 82 82 82 81 81 82 81 81 81 81 81 81 81 81 81 81 81 81 80 80 80 80 80 81 81 81 81 82 82 83 83 83 83 83 82 82 81 81 82 82 82 82 81 81 80 80 80 80 80 79 79 80 80 80 80 80 80 80 80 80 80 80 81 81 80 80 80 80 81 81 81 81 81 81 81 81 80 80 80 80 80 80 81 81 81 80 81 81 81 81 81 81 81 80 80 80 80 81 81 81 81 81 81 81 81 82 81 80 80 80 80 80 81 81 82 82 82 82 82 82 82 81 82 82 82 82 82 82 82 82 82 81 81 81 81 82 82 83 84 84 84 84 85 85 85 86 85 85 85 85 85 85 85 86 86 86 85 85 85 85 85 85 85 85 85 85 84 83 83 83 83 84 84 83 83 83 83 83 83 83 83 82 82 82 82 82 82 82 82 82 82 82 82 82 82 82 82 82 81 81 81 81 81 81 81 81 81 81 81 81 81 81 80 80 80 80 80 80 80 80 80 80 81 81 82 82 82 83 83 82 82 82 83 83 82 82 82 82 81 81 81 80 80 80 80 80 80 80 79 80 80 80 80 80 80 80 80 80 80 80 81 80 80 80 80 80 80 80 80 80 80 80 80 80 80 80 80 80 81 80 81 81 81 80 80 81 81 81 81 81 81 80 80 80 80 80 81 81 81 81 81 81 81 81 81 80 80 80 80 80 81 81 81 82 82 82 82 81 81 82 81 81 82 82 82 82 82 82 82 82 83 84 84 84 85 85 85 86 85 85 85 85 85 85 85 85 84 83 83 83 83 83 83 83 83 83 83 83 83 82 82 82 82 82 82 82 81 81 82 82 82 82 82 82 82 82 82 82 82 82 81 81 81 81 81 81 81 81 81 81 80 80 80 80 80 80 80 80 80 80 81 81 81 80 80 81 82 83 82 81 81 81 82 82 83 83 82 81 80 80 81 80 80 80 80 79 79 79 80 80 80 80 80 80 80 80 80 80 80 80 80 80 80 80 80 80 80 80 80 80 80 80 80 80 80 80 81 80 80 80 80 81 80 80 80 80 80 81 81 81 81 81 80 80 80 80 80 81 81 81 81 81 81 81 81 80 80 80 80 80 81 81 81 81 82 82 81 81 82 82 82 82 82 82 82 82 82 86 86 85 84 84 84 84 85 84 84 83 83 82 82 83 83 83 83 83 83 83 83 82 82 82 82 82 82 82 82 82 82 82 82 82 82 81 81 81 81 82 82 81 81 81 81 81 81 81 81 80 80 80 80 80 80 80 80 80 80 80 80 80 81 82 82 81 81 82 83 82 82 81 80 81 81 82 82 82 81 80 80 81 80 80 80 80 80 80 80 80 80 80 80 80 80 80 80 80 80 79 80 80 81 81 81 80 80 80 80 80 80 80 80 80 80 80 80 80 80 80 80 80 80 80 80 80 80 81 81 81 81 81 81 80 80 80 80 80 81 81 81 81 81 81 81 81 81 80 80 80 80 81 81 81 81 81 81 81 81 81 82 82 82 82 82 81 85 85 85 85 85 85 84 84 83 83 83 83 82 83 83 82 82 82 83 83 82 82 82 83 82 82 82 82 81 82 82 82 82 82 82 81 81 81 81 81 81 81 81 81 81 80 80 80 80 80 80 80 80 80 80 81 81 80 81 80 81 81 82 82 82 82 83 83 82 82 81 80 80 81 82 82 81 80 80 81 80 80 80 80 80 80 80 80 80 80 80 80 80 80 80 80 80 80 79 80 80 80 80 80 80 80 80 80 80 81 80 80 80 80 80 80 80 80 80 81 81 80 80 80 81 81 81 81 81 80 80 80 80 80 80 81 81 81 81 80 80 80 80 80 80 80 80 81 81 81 81 81 81 81 81 81 81 82 82 82 82 85 85 85 84 84 83 83 83 82 82 82 82 82 82 82 82 82 82 82 82 82 82 82 81 81 81 82 82 82 82 82 82 81 81 81 81 81 81 81 81 81 80 81 81 81 81 81 81 81 81 82 82 81 81 82 81 81 82 83 83 83 83 82 82 81 81 82 81 80 81 81 81 81 80 80 80 80 80 80 80 79 79 79 79 79 79 79 79 79 79 79 80 80 80 79 80 80 80 80 80 80 80 80 81 81 80 80 80 80 80 80 81 80 80 81 81 81 81 81 81 81 80 80 80 80 80 80 80 81 81 80 80 80 80 80 80 80 80 81 81 81 81 81 81 81 81 81 81 81 82 82 86 86 85 85 84 83 83 82 81 82 83 82 82 82 82 83 82 82 82 81 81 81 81 82 82 82 82 82 82 82 82 81 81 81 81 81 81 81 81 80 80 81 81 81 82 82 83 83 82 83 82 81 82 82 82 82 82 83 82 82 82 83 82 81 80 81 81 80 80 81 81 80 80 80 80 79 79 79 79 79 79 79 79 79 79 79 79 79 79 79 79 79 79 79 80 80 80 80 80 81 80 80 80 80 80 80 80 80 80 80 81 81 80 80 81 81 81 81 80 80 80 80 80 81 81 81 80 80 80 80 81 81 81 80 80 80 81 81 81 81 81 81 81 82 82 82 86 86 85 84 84 83 82 82 82 83 82 81 82 83 83 83 82 81 82 82 81 82 82 82 82 82 82 82 82 82 81 81 81 81 81 81 81 80 80 80 80 81 82 82 82 83 83 84 84 83 82 83 83 82 82 82 82 81 81 82 82 82 82 81 81 81 80 80 80 80 80 80 80 79 79 79 79 80 79 80 80 79 79 79 79 79 79 79 79 79 79 79 79 79 80 80 80 80 80 81 80 80 80 80 80 80 80 80 81 80 80 81 81 81 81 81 80 80 80 80 81 81 80 80 80 80 80 80 80 81 81 81 81 81 86 85 84 84 84 83 83 84 82 82 83 83 83 83 82 82 82 82 82 82 82 82 82 82 82 82 82 82 81 81 81 81 81 81 80 81 81 81 81 81 81 81 81 82 82 83 84 84 83 84 84 83 82 82 81 81 81 81 81 82 81 82 81 81 80 80 80 80 80 80 80 80 80 80 80 81 80 80 80 80 79 79 79 79 79 79 79 78 78 78 79 79 79 80 80 80 80 81 81 80 80 80 80 80 80 80 80 81 81 81 81 81 80 80 80 81 81 81 81 85 85 85 85 84 83 83 83 83 83 83 82 82 82 82 82 82 81 81 82 82 82 82 82 82 82 82 81 81 81 81 81 80 80 80 81 81 81 82 82 82 81 82 83 83 84 84 84 84 84 83 83 83 82 81 81 81 81 81 81 81 81 81 81 81 81 81 81 81 81 81 81 80 80 81 81 81 81 80 79 79 79 79 79 79 79 78 78 78 78 79 79 79 79 80 80 80 80 80 80 79 80 80 80 80 80 82 82 81 81 86 87 87 86 85 84 83 83 83 83 82 82 82 82 82 82 81 82 82 82 82 82 82 82 82 82 81 81 81 81 81 80 80 80 80 80 80 81 82 82 82 82 82 83 84 83 83 83 83 83 83 82 82 82 82 82 81 81 81 81 81 81 81 81 81 81 81 81 82 81 81 81 81 81 82 82 81 81 80 80 79 79 79 79 79 79 79 79 78 78 79 79 79 80 80 80 80 80 80 80 79 80 80 80 80 87 87 86 85 84 83 83 82 82 82 82 82 82 82 81 82 82 82 82 82 82 82 82 81 81 81 81 81 81 81 81 81 81 81 81 81 81 82 83 83 82 83 84 84 83 82 82 82 82 81 81 82 82 82 81 81 81 81 81 81 81 81 81 81 81 81 81 81 82 83 82 82 82 82 82 82 81 81 80 80 80 79 79 79 79 79 78 78 79 79 79 79 80 80 79 80 80 80 79 80 80 87 86 85 84 83 82 82 82 82 82 82 82 81 82 82 82 82 82 82 82 82 81 81 81 81 81 80 81 81 81 81 82 82 82 82 82 83 83 84 84 84 84 84 83 82 82 81 81 81 81 81 81 81 81 81 81 81 81 81 81 81 81 81 82 82 81 81 82 83 83 83 84 84 82 81 81 81 80 79 79 80 80 79 79 79 78 78 78 79 79 79 79 79 79 80 80 80 80 80 86 85 84 83 82 82 82 82 82 82 82 82 81 81 82 82 81 81 81 81 81 81 81 81 80 80 81 80 80 81 81 81 81 82 82 83 83 82 82 83 84 84 84 83 83 82 82 82 82 82 81 81 81 81 81 81 81 81 81 81 81 81 81 82 83 82 82 83 84 82 81 80 79 79 79 79 79 80 79 79 79 78 78 78 79 79 79 79 79 79 79 80 80 84 84 83 82 82 82 82 82 82 81 81 81 82 82 81 81 81 81 81 81 81 81 81 80 80 81 81 80 80 80 80 80 82 83 83 83 83 81 81 82 83 84 84 85 85 84 84 83 83 83 82 82 82 82 81 81 81 81 81 81 82 82 82 82 83 84 83 84 79 79 78 79 79 80 79 79 79 78 78 78 79 79 79 79 80 79 80 80 82 82 82 82 82 81 81 81 82 82 82 82 81 81 81 81 81 81 81 81 81 81 81 81 81 81 81 81 81 81 80 80 81 81 81 82 81 81 81 81 82 82 82 82 82 82 82 83 83 83 83 84 82 81 82 82 81 82 82 82 83 83 84 84 79 79 78 78 79 79 79 79 79 78 78 77 78 78 79 79 79 79 79 79 82 82 82 82 81 81 81 81 82 82 82 81 81 81 81 81 80 80 80 80 81 81 81 81 82 82 82 81 81 81 81 80 80 80 80 81 80 80 80 81 80 80 80 80 81 80 81 81 81 81 82 83 82 82 82 82 82 82 83 82 83 84 85 79 79 79 78 78 78 79 79 78 77 77 77 77 78 78 78 79 78 78 82 81 81 81 81 81 81 81 81 81 81 81 81 81 81 81 81 80 80 80 80 81 81 82 83 82 81 81 81 81 81 81 80 80 80 80 80 80 80 80 80 80 80 80 81 81 81 81 81 82 82 82 82 82 83 83 82 83 83 84 85 78 78 79 79 79 78 78 77 77 78 78 77 77 77 78 78 77 81 81 81 81 81 81 81 81 81 81 81 81 81 81 81 81 81 81 80 80 80 80 81 81 81 81 82 82 81 81 81 81 80 80 81 81 81 81 80 81 81 81 80 81 81 82 82 82 82 82 83 82 83 83 83 84 84 84 84 78 79 79 79 78 78 78 78 79 78 78 77 77 77 77 77 81 81 82 82 82 82 82 82 82 81 82 82 82 82 81 82 82 81 81 81 81 80 80 81 81 82 83 82 82 81 81 81 81 80 81 81 81 81 81 81 81 81 81 82 83 82 83 84 83 83 83 84 85 84 85 85 85 78 78 79 79 78 78 78 79 79 79 78 77 77 77 77 82 83 82 82 83 83 83 83 83 82 83 83 83 83 83 83 83 83 82 82 82 82 81 82 83 83 83 82 81 81 82 81 81 80 80 81 81 81 81 82 82 82 82 84 84 84 85 85 84 85 85 86 85 78 78 78 78 78 78 78 78 78 77 77 77 77 83 83 83 83 83 83 83 83 84 83 83 83 83 83 84 84 84 83 84 84 83 83 83 83 83 83 83 82 82 81 82 82 82 81 81 80 80 81 82 83 83 84 84 85 85 85 86 77 77 78 78 78 78 78 78 77 77 77 84 84 84 84 84 84 84 83 83 83 83 84 84 84 83 83 83 83 84 83 83 83 82 82 83 83 83 82 81 82 82 83 82 81 80 80 80 81 82 82 83 85 86 85 77 78 78 78 78 78 78 78 77 77 77 85 85 85 85 85 85 84 83 83 83 83 84 84 84 83 83 83 83 83 83 83 83 83 82 83 83 83 83 82 81 82 83 83 81 81 81 81 82 82 82 82 84 77 78 77 77 78 78 78 78 77 77 77 76 85 86 86 86 85 85 84 83 83 83 83 84 83 83 83 83 83 83 83 83 83 83 83 83 83 83 84 83 82 82 82 82 83 83 83 83 82 82 83 83 84 77 77 77 77 78 78 78 78 78 78 77 76 87 87 85 85 84 84 84 83 83 83 83 83 83 83 83 83 83 83 83 83 83 83 83 83 84 84 84 84 83 83 82 83 84 85 85 85 84 84 84 84 77 77 76 77 78 78 78 78 87 86 85 84 83 83 83 83 84 83 83 83 84 84 83 83 83 83 83 83 83 83 84 84 84 85 85 85 84 83 83 84 85 76 77 77 78 88 87 87 86 84 83 83 83 83 84 83 83 83 84 84 83 83 83 83 83 83 84 84 84 84 85 86 85 86 85 84 84 85 88 88 86 85 84 83 83 83 83 83 83 83 83 83 83 83 83 83 83 84 84 84 85 85 84 85 86 87 86 85 84 83 83 83 83 83 83 84 83 83 83 83 83 83 83 83 84 84 85 85 85 85 85 86 85 84 83 83 83 83 83 83 83 83 83 83 83 83 84 84 84 84 84 84 85 86 86 85 86 83 82 83 83 83 84 83 83 83 83 83 83 83 83 83 84 84 85 85 86 87 82 83 84 83 83 83 83 83 83 83 83 83 83 83 83 84 84 84 85 86 83 83 83 83 83 83 82 83 83 83 83 83 83 84 84 84 85 85 85 86 84 83 83 83 83 82 83 83 83 84 84 84 84 85 85 86 86 86 86 85 84 84 83 83 83 82 83 83 84 84 85 85 86 85 85 86 86 85 85 85 84 84 83 83 83 82 82 83 84 84 85 85 85 85 85 86 84 84 84 84 84 84 83 83 83 83 84 84 84 84 84 85 86 84 84 84 84 84 84 84 84 84 83 83 83 83 83 84 85 86 85 84 84 84 84 84 84 84 85 85 84 83 83 84 84 85 86 85 84 83 84 84 84 84 85 85 84 83 83 84 85 85 85 86 84 84 83 84 84 84 84 85 85 84 83 84 84 84 84 85 85 84 83 84 84 85 85 86 85 84 84 84 85 84 84 85 86 85 84 84 83 84 84 85 85 85 85 84 84 85 85 86 85 86 85 84 84 83 83 83 84 84 84 85 85 84 84 85 85 86 86 85 84 84 84 83 84 84 84 84 85 86 85 84 85 85 85 86 86 85 85 84 84 84 84 85 85 84 84 85 86 85 85 85 85 85 86 86 86 86 86 86 85 85 85 85 85 86 85 84 85 86 85 85 85 85 85 86 86 86 86 86 86 86 86 86 86 85 85 85 86 86 85 85 85 85 85 85 85 85 86 85 85 86 86 85 85 85 85 85 85 85 86 86 86 85 85 85 85 85 85 84 86 85 85 85 85 85 85 85 85 85 85 85 85 85 85 85 85 85 85 85 86 85 85 86 86 86 85 85 85 84 84 84 84 84 84 85 85 85 86 86 86 86 86 85 85 84 84 84 84 85 85 85 85 85 85 85 85 85 85 85 85 85 84 84 84 85 85 84 85 85 84 85 85 85 